Data/GIS/Movement/bfa-mvmt-marshall-stock.asc
ncols         173
nrows         126
xllcorner     224227.65281
yllcorner     1039207.04677
cellsize      5000
NODATA_value  -9999
[rows 70 to 104 of 126, columns 79 to 157 of 173]
262.3 261.9 278 281.8 272.4 275 289.7 280.1 279.5 284.7 278.7 284.2 281.3 272.8 273.3 275.2 270.2 260.8 252.8 252.7 247.1 249.4 247.4 246.1 245.1 235.7 240.5 244.8 244 241.5 239.3 239.6 232.9 226.8 229.9 224 212.1 210.8 217 204 204 183.3 191.2 179.7 190 176 165.1 176 167.5 163.2 160.4 157.6 153.3 145.8 146.8 139.3 131.2 130.9 129.3 130.7 119 123.1 116.4 116.7 115 116.2 110 114.1 116 116.3 112.4 114.2 112.1 117 116 118.6 114.3 120.1 123.3
247.7 260 262.3 263.4 264.1 270.8 260.4 268.2 265.7 264.3 274.3 265.5 270.1 265.1 260.5 256.8 264.7 259.8 258.5 260.8 247 242.3 247.5 236.3 246.1 242.7 240.9 236.9 242.1 244.5 237.1 237.7 238.9 234.6 219.3 216.6 217.3 220.5 203.1 211.2 202.1 198 193.9 178.6 178 174.5 173.7 174.4 169.5 167.2 158.6 154.1 152 141.7 147.2 141.8 134 127.3 124.3 120.6 123.1 119 114.3 119 116.6 117.2 111.8 106.3 112 109.5 111 120.6 117.9 116.5 115.1 116.6 121.2 127.4 130.9
240.9 254.9 239.1 246.1 253.2 246.1 258.8 250.4 248 256.6 251.2 256.4 258.3 258.7 254.8 258.6 249.9 263.5 253.7 241.8 243 235.1 236.1 237.6 238.1 242 235.5 236.1 241.5 241.1 243.1 234.2 228.9 232.1 219.4 217.3 209.3 205.6 205.6 209.4 195.9 196.3 196 190.4 186.8 178.9 166.9 166 160.8 162.4 158.6 151 144.1 142.3 145.5 137.5 132.4 127.5 121.9 123.4 120.9 119.8 119.6 116.8 112.6 117.6 110.4 118.6 110.5 104.7 112.5 109.8 114.3 114.5 121.1 120.3 121.2 116 120.9
236.4 241.1 243 235.9 248.9 240.4 251.1 242.7 255.8 246.8 249.8 243 242.4 254 250.3 253.4 250.5 247.6 245.1 246.7 236.6 234.6 227.6 242.3 248.9 231.4 233.6 235.3 234.6 240.4 237 236.8 226.8 223.4 221 214.5 201 206.4 200.2 207.4 201.7 191.9 189 182 181 175.4 173.6 165.5 158.4 160.5 149.2 153.3 147.3 142.4 143.8 135.5 132 134.8 130.1 118.1 123 110.8 115.1 113.8 116.5 104.8 108.5 116.2 109.6 109.7 103.4 105.5 112.4 115.2 120.6 118.2 121.8 119.2 115.9
234.4 238.5 224.3 241.2 239.8 242.8 238.2 233.4 245.2 235.9 234.5 234.3 245.5 244 242 244.2 235.6 237.4 239.3 238 234.1 237.3 232.3 229.8 223.1 236.6 228.2 239.4 238 227.7 230.7 233.9 213.3 220.3 216.5 208.9 209.5 200.1 198.2 197.9 199.2 190.1 184.1 184.3 184.9 181 181 174.4 166.3 161.9 157.8 155 144.5 142.2 141.6 126 135.4 135.2 123.7 118.9 121.6 118.8 113.3 114.7 109.1 115.5 106 110.7 111.6 107.1 109 103.8 113.2 112.8 116.5 115 115.4 121.3 120.1
209.5 229 226.1 230.9 231 227.4 235.3 238.7 225.8 232.1 226.3 240.1 227.3 227.9 239.9 231.8 240.6 240 239.2 227.8 229.1 229.6 220.5 220.4 226.4 223 230.6 218.1 231.6 224.4 227.3 219.3 214 213.9 211.6 202.9 200.5 201.5 197.3 195.9 193.1 194.6 196 186.3 175.1 176 170.1 161.8 159.3 159.8 158.3 149.9 147.1 141.1 131.8 131.8 134.6 126.4 130.7 116.2 118 121.3 114.3 113.6 108.6 111.8 108.9 107.7 108.3 106.9 105.4 107.2 112.9 109.3 111.3 108.9 112.3 114 107.9
217.8 219.4 225.6 231.3 219.2 224.1 222.2 223.1 222.7 228.3 219.8 221.4 222 222.8 224.2 231.3 238.9 238.1 228.7 236.2 233.2 223.6 223 227 224.7 221.7 220.4 223.7 213.8 215.4 215.8 214.9 212.7 219.7 199.3 208.8 197.8 192.2 193.5 190.9 192.3 181.1 186.4 182.4 184.3 174.1 175.7 167.6 161.6 150.3 153.6 145.6 146.9 143.3 137.8 133.1 123.2 132.7 130.2 123.3 111.8 115.7 114.4 111.6 107.4 110.6 109.7 107.6 110.9 110.3 107.9 108.2 105.5 114.9 109.5 111.1 106.3 111.8 101.6
214.9 222.2 212.5 220.6 215.2 225.2 211.9 214.5 217.6 219.5 208.7 225.1 210.8 215.4 222.9 225.2 224.5 231.5 224.3 224.8 218.4 219.5 215.5 215.8 220.8 219.4 219.2 212.6 213.3 214.4 207.3 210.3 201.7 201.3 202.3 196.4 193.1 189.4 183.9 189.4 183.9 181.7 183.8 179.7 174.8 176.8 165.3 165.9 160 158.9 155.7 143.7 140 139.2 138.5 129.2 123 125.4 117.4 126.5 124.4 120.3 112.4 108.1 109.6 107.6 109.9 109.4 98.5 103.5 104 107.3 108.9 99.4 103.2 103.8 109 100.6 104.3
211.9 212 212.3 213.4 214.5 212.7 215 210.6 203.4 216 206.3 204.6 209.6 213.7 217.2 211.8 213.9 212.8 218 213.9 217.4 216.1 217.6 211.8 212.4 211.2 213.5 206.8 205.3 213.9 206.8 201 201.8 196.4 193.2 193.7 194.3 190.5 193.7 185.5 177.2 182.3 179.3 179 175 167.2 165.7 165 150.3 147.6 148.8 136.6 140.1 136.4 129.6 137 131.1 122.9 118.9 113.5 117.3 116.6 110 112.6 106 107.2 103.5 108.8 107.3 104.9 103.1 107.3 103.1 104.3 100.1 98.8 101.7 102.1 96.4
200.8 208.9 206.7 206.6 205.1 205.4 213.4 203.9 203.4 209.3 210.1 203.9 205.9 208.4 209.3 210.2 205.3 207.6 211.3 208.9 210.6 210.9 203.3 216.5 203 200.7 207.6 201.2 205.4 208.1 207 203.1 200.3 194 188.9 187 184.3 185.5 170.1 182.2 181.9 182.3 182.6 174.5 174.5 165.2 154.2 162.7 153.1 156.4 145 137.9 141.4 143.6 133.9 136.5 131.7 125.2 119.3 117.3 117.9 120.3 113.6 107.9 105.8 105.6 105.5 99.9 106.8 97.6 103.6 103.4 107.3 100.4 101.3 105.6 95.1 90.1 98.9
196 203.3 196.7 193.8 200.1 202.5 203 201.4 198.5 204.9 198.3 195.1 209.4 204 200.2 199.4 203.4 198 205.2 196.3 207 203.2 197.1 200.4 203.4 199.8 203.3 204 203.5 195.3 206 199.1 188.9 192.5 187.8 187.5 191.3 179.2 179.5 180.1 170.2 171.7 182.5 177.9 175.5 166.7 173.9 155 152 148.4 140.2 132.3 143.8 137.7 131.1 136.3 135.2 122.2 120.8 118.3 113.9 116.6 113.7 107.6 108.2 107.1 105.6 103.4 101.6 100.4 99.3 99.1 -9999 -9999 -9999 -9999 93.7 94.4 88.6
190.2 195 191.8 196.8 190.6 202.1 200.7 199.5 191.9 197 191.9 200.6 189 200.8 196.1 196.8 205.2 191.1 195.9 196.2 194.6 201.8 197.9 199.3 195.5 199.6 203.9 201.4 196 212.3 202.4 189.4 199.3 189.3 191.7 183 178.3 180.6 177.4 182 174.7 174.2 170.7 171.1 166.2 160 151.7 147.6 150.1 142.7 142.6 139.2 135.9 138.7 129 126.7 128.2 126.1 129.4 121.5 119.2 117.8 114.4 112.6 104.8 103.6 107.1 102.7 101.2 97.7 102.4 -9999 -9999 -9999 -9999 -9999 -9999 -9999 -9999
185.4 188.2 198.9 192.8 189.9 195.4 193 197.1 188.7 189.5 195.5 189.7 187.5 189.2 190.9 186 190.2 189.4 190.6 191.3 191.4 192.1 195 199.3 192.7 203.6 195.6 193 192.6 191.9 195.9 186.9 194.9 188.9 176.9 186.3 183.7 173.8 173.2 170.4 165.2 169.5 170.7 170.2 161.5 163.8 158.7 148.5 148.8 149 138.6 131.9 135.3 131.5 127.9 132.1 126.2 127.8 114.4 116.1 115.3 113.9 109.8 117.2 98.9 104.4 99.9 103.4 103.5 91.2 93.6 -9999 -9999 -9999 -9999 -9999 -9999 -9999 -9999
186.3 185.1 183.2 183.7 178.9 184.3 186.8 196.4 186.2 175.4 186.2 181.6 188.9 188.3 191.3 186.5 192.8 189.6 189.2 190.5 185.1 187.7 189.5 191.4 190.1 193.2 190.4 200.4 195.9 186.5 187.8 184.1 186.5 177.8 179.3 176 174.2 170.3 171.9 181.2 169.2 170.3 168.8 159.5 162 163.6 155 153.1 144 136.2 134.9 137.3 133.2 134.3 128.2 134.2 122.7 125.4 117.6 112.7 113 107.2 105.3 104.5 100.1 101.4 102.9 96.7 97.5 -9999 89.1 -9999 -9999 -9999 -9999 -9999 -9999 -9999 -9999
181.1 177.9 184 182.5 187.2 188.3 182.2 178.1 178.2 178.6 183.5 182.5 181.9 181.5 179.4 180 184.5 184.1 177.1 184.3 184.5 178.4 185.9 184.1 178.5 187.5 191.8 192.2 189.7 188.3 181.2 186.2 179.9 183.6 172.9 183.4 178.9 170.3 176.8 170.6 168.9 172.8 164.7 169.9 160.6 162.4 150 148.2 138.4 144.3 139.1 130.1 129 132.7 132 125.7 120.7 120.6 120 118.3 108.7 112.9 105.8 103 98.6 103.5 -9999 -9999 -9999 -9999 -9999 -9999 -9999 -9999 -9999 -9999 -9999 -9999 -9999
171.1 170.7 179.7 179.3 164.3 171.4 180 169.3 175.4 177 175.3 176 186.1 175.1 178.7 181.1 184 181.4 178.2 187.3 182.9 182.6 182.4 191.1 179.5 186.7 188.8 194.5 185.5 193.1 178.1 183.3 173.8 176.2 178 182.7 169.5 159.1 170.9 161.2 161 163 165 161.1 162.1 156.1 149.4 146.6 137.5 137.9 137.6 132.9 133 126.7 126.7 120.1 125.8 118.9 123.9 117.2 120.3 110.5 111 101.6 104.8 99.8 98.7 -9999 -9999 -9999 -9999 -9999 -9999 -9999 -9999 -9999 -9999 -9999 -9999
175.1 165.7 165.8 178.4 170.1 164.7 166.4 179.2 165.7 183.6 175.8 166.8 174.5 171.4 179 183.1 173.3 177.2 176.2 182 183.6 185.6 181.2 180.9 180.3 180.7 183 184.3 181 193.7 183 175.8 170.9 173.4 172.4 168.7 164.5 158.4 165.2 164.5 165.2 165.1 158.5 156.6 155.2 151 152.3 149.6 137.8 134.4 133.1 136.4 122.9 128.3 125.5 120.9 122.7 129.9 120.5 110.4 114.3 111.8 108 94.9 98.7 99.9 -9999 -9999 -9999 -9999 -9999 -9999 -9999 -9999 -9999 -9999 -9999 -9999 -9999
162.6 163.9 164.8 162.1 167.1 169.3 173 163.1 167.7 167 166 169 168 176.1 166.7 173 167.1 172.2 173.6 172.2 184.3 179.1 175.4 175.2 180.7 170.4 174.2 184.5 180.3 169 178.3 169.3 161.5 164.7 161.7 162.1 -9999 -9999 -9999 -9999 156.9 153.4 149.7 150.2 157.2 148.5 143.2 146.4 138.7 136 130.8 124.9 132.9 117.5 127.4 118 117.1 120.4 119.3 114.4 108.4 101.2 106.1 103.9 99 -9999 -9999 -9999 -9999 -9999 -9999 -9999 -9999 -9999 -9999 -9999 -9999 -9999 -9999
163.4 154.6 162 161.5 169.3 159.2 162 163.9 158.8 159.8 159.7 158.3 161 172.4 165.3 168.9 165 171 173 185.2 176.2 175 176.6 179.7 171.7 166.1 175.2 170.4 171 172.1 166.6 160.7 -9999 -9999 -9999 -9999 -9999 -9999 -9999 -9999 -9999 -9999 -9999 -9999 -9999 137.7 136.4 135.4 135.6 127.9 133.6 126 123.3 130.5 126.2 123.5 122 114.4 114.4 111.6 112.3 108.4 99.1 -9999 99.8 93.7 -9999 -9999 -9999 -9999 -9999 -9999 -9999 -9999 -9999 -9999 -9999 -9999 -9999
158.6 150.6 152.6 152.4 159.7 154.2 157 150.8 156.9 160.5 160.1 149.4 158.8 159.1 152.2 162.9 157.3 169.1 170.8 160.5 172.9 173 173.5 166 169 169 154.3 166.9 170.5 162.6 160 154.3 -9999 -9999 -9999 -9999 -9999 -9999 -9999 -9999 -9999 -9999 -9999 -9999 -9999 -9999 -9999 -9999 -9999 -9999 126.2 118.2 121.2 113.5 117.5 113.5 118.2 111.9 113.3 107.3 102.6 94.2 -9999 -9999 -9999 -9999 -9999 -9999 -9999 -9999 -9999 -9999 -9999 -9999 -9999 -9999 -9999 -9999 -9999
151 152.3 151.2 145.5 154 158 146 -9999 -9999 -9999 -9999 145.9 146.2 154 152.2 151.9 156.4 -9999 -9999 171 160.2 161.1 160.9 -9999 159 156.4 155 160.2 149.6 152.3 149.9 -9999 -9999 -9999 -9999 -9999 -9999 -9999 -9999 -9999 -9999 -9999 -9999 -9999 -9999 -9999 -9999 -9999 -9999 -9999 -9999 -9999 116 110.3 115.8 -9999 -9999 -9999 -9999 -9999 -9999 -9999 -9999 -9999 -9999 -9999 -9999 -9999 -9999 -9999 -9999 -9999 -9999 -9999 -9999 -9999 -9999 -9999 -9999
-9999 -9999 -9999 -9999 -9999 -9999 -9999 -9999 -9999 -9999 -9999 -9999 -9999 -9999 -9999 -9999 -9999 -9999 -9999 -9999 -9999 -9999 -9999 -9999 -9999 -9999 -9999 148.3 140.9 -9999 -9999 -9999 -9999 -9999 -9999 -9999 -9999 -9999 -9999 -9999 -9999 -9999 -9999 -9999 -9999 -9999 -9999 -9999 -9999 -9999 -9999 -9999 -9999 -9999 -9999 -9999 -9999 -9999 -9999 -9999 -9999 -9999 -9999 -9999 -9999 -9999 -9999 -9999 -9999 -9999 -9999 -9999 -9999 -9999 -9999 -9999 -9999 -9999 -9999
-9999 -9999 -9999 -9999 -9999 -9999 -9999 -9999 -9999 -9999 -9999 -9999 -9999 -9999 -9999 -9999 -9999 -9999 -9999 -9999 -9999 -9999 -9999 -9999 -9999 -9999 -9999 -9999 137.9 -9999 -9999 -9999 -9999 -9999 -9999 -9999 -9999 -9999 -9999 -9999 -9999 -9999 -9999 -9999 -9999 -9999 -9999 -9999 -9999 -9999 -9999 -9999 -9999 -9999 -9999 -9999 -9999 -9999 -9999 -9999 -9999 -9999 -9999 -9999 -9999 -9999 -9999 -9999 -9999 -9999 -9999 -9999 -9999 -9999 -9999 -9999 -9999 -9999 -9999
-9999 -9999 -9999 -9999 -9999 -9999 -9999 -9999 -9999 -9999 -9999 -9999 -9999 -9999 -9999 -9999 -9999 -9999 -9999 -9999 -9999 -9999 -9999 -9999 -9999 -9999 -9999 -9999 -9999 -9999 -9999 -9999 -9999 -9999 -9999 -9999 -9999 -9999 -9999 -9999 -9999 -9999 -9999 -9999 -9999 -9999 -9999 -9999 -9999 -9999 -9999 -9999 -9999 -9999 -9999 -9999 -9999 -9999 -9999 -9999 -9999 -9999 -9999 -9999 -9999 -9999 -9999 -9999 -9999 -9999 -9999 -9999 -9999 -9999 -9999 -9999 -9999 -9999 -9999
-9999 -9999 -9999 -9999 -9999 -9999 -9999 -9999 -9999 -9999 -9999 -9999 -9999 -9999 -9999 -9999 -9999 -9999 -9999 -9999 -9999 -9999 -9999 -9999 -9999 -9999 -9999 -9999 -9999 -9999 -9999 -9999 -9999 -9999 -9999 -9999 -9999 -9999 -9999 -9999 -9999 -9999 -9999 -9999 -9999 -9999 -9999 -9999 -9999 -9999 -9999 -9999 -9999 -9999 -9999 -9999 -9999 -9999 -9999 -9999 -9999 -9999 -9999 -9999 -9999 -9999 -9999 -9999 -9999 -9999 -9999 -9999 -9999 -9999 -9999 -9999 -9999 -9999 -9999
-9999 -9999 -9999 -9999 -9999 -9999 -9999 -9999 -9999 -9999 -9999 -9999 -9999 -9999 -9999 -9999 -9999 -9999 -9999 -9999 -9999 -9999 -9999 -9999 -9999 -9999 -9999 -9999 -9999 -9999 -9999 -9999 -9999 -9999 -9999 -9999 -9999 -9999 -9999 -9999 -9999 -9999 -9999 -9999 -9999 -9999 -9999 -9999 -9999 -9999 -9999 -9999 -9999 -9999 -9999 -9999 -9999 -9999 -9999 -9999 -9999 -9999 -9999 -9999 -9999 -9999 -9999 -9999 -9999 -9999 -9999 -9999 -9999 -9999 -9999 -9999 -9999 -9999 -9999
-9999 -9999 -9999 -9999 -9999 -9999 -9999 -9999 -9999 -9999 -9999 -9999 -9999 -9999 -9999 -9999 -9999 -9999 -9999 -9999 -9999 -9999 -9999 -9999 -9999 -9999 -9999 -9999 -9999 -9999 -9999 -9999 -9999 -9999 -9999 -9999 -9999 -9999 -9999 -9999 -9999 -9999 -9999 -9999 -9999 -9999 -9999 -9999 -9999 -9999 -9999 -9999 -9999 -9999 -9999 -9999 -9999 -9999 -9999 -9999 -9999 -9999 -9999 -9999 -9999 -9999 -9999 -9999 -9999 -9999 -9999 -9999 -9999 -9999 -9999 -9999 -9999 -9999 -9999
-9999 -9999 -9999 -9999 -9999 -9999 -9999 -9999 -9999 -9999 -9999 -9999 -9999 -9999 -9999 -9999 -9999 -9999 -9999 -9999 -9999 -9999 -9999 -9999 -9999 -9999 -9999 -9999 -9999 -9999 -9999 -9999 -9999 -9999 -9999 -9999 -9999 -9999 -9999 -9999 -9999 -9999 -9999 -9999 -9999 -9999 -9999 -9999 -9999 -9999 -9999 -9999 -9999 -9999 -9999 -9999 -9999 -9999 -9999 -9999 -9999 -9999 -9999 -9999 -9999 -9999 -9999 -9999 -9999 -9999 -9999 -9999 -9999 -9999 -9999 -9999 -9999 -9999 -9999
-9999 -9999 -9999 -9999 -9999 -9999 -9999 -9999 -9999 -9999 -9999 -9999 -9999 -9999 -9999 -9999 -9999 -9999 -9999 -9999 -9999 -9999 -9999 -9999 -9999 -9999 -9999 -9999 -9999 -9999 -9999 -9999 -9999 -9999 -9999 -9999 -9999 -9999 -9999 -9999 -9999 -9999 -9999 -9999 -9999 -9999 -9999 -9999 -9999 -9999 -9999 -9999 -9999 -9999 -9999 -9999 -9999 -9999 -9999 -9999 -9999 -9999 -9999 -9999 -9999 -9999 -9999 -9999 -9999 -9999 -9999 -9999 -9999 -9999 -9999 -9999 -9999 -9999 -9999
-9999 -9999 -9999 -9999 -9999 -9999 -9999 -9999 -9999 -9999 -9999 -9999 -9999 -9999 -9999 -9999 -9999 -9999 -9999 -9999 -9999 -9999 -9999 -9999 -9999 -9999 -9999 -9999 -9999 -9999 -9999 -9999 -9999 -9999 -9999 -9999 -9999 -9999 -9999 -9999 -9999 -9999 -9999 -9999 -9999 -9999 -9999 -9999 -9999 -9999 -9999 -9999 -9999 -9999 -9999 -9999 -9999 -9999 -9999 -9999 -9999 -9999 -9999 -9999 -9999 -9999 -9999 -9999 -9999 -9999 -9999 -9999 -9999 -9999 -9999 -9999 -9999 -9999 -9999
-9999 -9999 -9999 -9999 -9999 -9999 -9999 -9999 -9999 -9999 -9999 -9999 -9999 -9999 -9999 -9999 -9999 -9999 -9999 -9999 -9999 -9999 -9999 -9999 -9999 -9999 -9999 -9999 -9999 -9999 -9999 -9999 -9999 -9999 -9999 -9999 -9999 -9999 -9999 -9999 -9999 -9999 -9999 -9999 -9999 -9999 -9999 -9999 -9999 -9999 -9999 -9999 -9999 -9999 -9999 -9999 -9999 -9999 -9999 -9999 -9999 -9999 -9999 -9999 -9999 -9999 -9999 -9999 -9999 -9999 -9999 -9999 -9999 -9999 -9999 -9999 -9999 -9999 -9999
-9999 -9999 -9999 -9999 -9999 -9999 -9999 -9999 -9999 -9999 -9999 -9999 -9999 -9999 -9999 -9999 -9999 -9999 -9999 -9999 -9999 -9999 -9999 -9999 -9999 -9999 -9999 -9999 -9999 -9999 -9999 -9999 -9999 -9999 -9999 -9999 -9999 -9999 -9999 -9999 -9999 -9999 -9999 -9999 -9999 -9999 -9999 -9999 -9999 -9999 -9999 -9999 -9999 -9999 -9999 -9999 -9999 -9999 -9999 -9999 -9999 -9999 -9999 -9999 -9999 -9999 -9999 -9999 -9999 -9999 -9999 -9999 -9999 -9999 -9999 -9999 -9999 -9999 -9999
-9999 -9999 -9999 -9999 -9999 -9999 -9999 -9999 -9999 -9999 -9999 -9999 -9999 -9999 -9999 -9999 -9999 -9999 -9999 -9999 -9999 -9999 -9999 -9999 -9999 -9999 -9999 -9999 -9999 -9999 -9999 -9999 -9999 -9999 -9999 -9999 -9999 -9999 -9999 -9999 -9999 -9999 -9999 -9999 -9999 -9999 -9999 -9999 -9999 -9999 -9999 -9999 -9999 -9999 -9999 -9999 -9999 -9999 -9999 -9999 -9999 -9999 -9999 -9999 -9999 -9999 -9999 -9999 -9999 -9999 -9999 -9999 -9999 -9999 -9999 -9999 -9999 -9999 -9999
-9999 -9999 -9999 -9999 -9999 -9999 -9999 -9999 -9999 -9999 -9999 -9999 -9999 -9999 -9999 -9999 -9999 -9999 -9999 -9999 -9999 -9999 -9999 -9999 -9999 -9999 -9999 -9999 -9999 -9999 -9999 -9999 -9999 -9999 -9999 -9999 -9999 -9999 -9999 -9999 -9999 -9999 -9999 -9999 -9999 -9999 -9999 -9999 -9999 -9999 -9999 -9999 -9999 -9999 -9999 -9999 -9999 -9999 -9999 -9999 -9999 -9999 -9999 -9999 -9999 -9999 -9999 -9999 -9999 -9999 -9999 -9999 -9999 -9999 -9999 -9999 -9999 -9999 -9999
-9999 -9999 -9999 -9999 -9999 -9999 -9999 -9999 -9999 -9999 -9999 -9999 -9999 -9999 -9999 -9999 -9999 -9999 -9999 -9999 -9999 -9999 -9999 -9999 -9999 -9999 -9999 -9999 -9999 -9999 -9999 -9999 -9999 -9999 -9999 -9999 -9999 -9999 -9999 -9999 -9999 -9999 -9999 -9999 -9999 -9999 -9999 -9999 -9999 -9999 -9999 -9999 -9999 -9999 -9999 -9999 -9999 -9999 -9999 -9999 -9999 -9999 -9999 -9999 -9999 -9999 -9999 -9999 -9999 -9999 -9999 -9999 -9999 -9999 -9999 -9999 -9999 -9999 -9999
