Data/GIS/Movement/bfa-mvmt-marshall-stock.asc
ncols         173
nrows         126
xllcorner     224227.65281
yllcorner     1039207.04677
cellsize      5000
NODATA_value  -9999
[rows 35 to 69 of 126, columns 79 to 157 of 173]
217.6 215.8 218.1 204.1 213.5 210.7 208.4 199.2 213.3 209.6 208.1 198.2 211.6 199.3 205.4 202.2 200.4 201.9 193.5 203.5 179.7 191.7 191.1 191.6 192.1 187.7 176.9 181.8 179.6 177.2 182.5 183.8 178.1 176 172.7 167.3 170.1 164.9 167.2 150.6 158.5 160.5 152.7 143.5 146.9 142.7 145.4 135.9 139.4 137.4 143.1 120 134.7 131.5 124.7 131.7 121.4 119.4 115.3 113.6 112 104.9 103 104.8 97.9 -9999 -9999 -9999 -9999 -9999 -9999 -9999 -9999 -9999 -9999 -9999 -9999 -9999 -9999
214.5 216.3 210.3 218.1 220.4 226.1 210.9 224.2 207.3 212.5 214.1 208.8 206.2 204.7 207.6 209.8 199.4 209.6 203.2 208.9 191.2 188.4 194.2 192.2 182.3 189.4 179.4 189.4 187.8 188.1 180.2 182.1 179.6 184.5 179.3 177.6 163.5 161.9 165.9 161.4 156.8 146.1 147.8 145.7 140.3 142 149.1 136.4 143.2 134.8 140.8 129.1 138.7 130.3 126.8 123.7 124.9 121.9 115.1 117.7 111.1 114.3 106.2 102.6 98.3 93.3 -9999 -9999 -9999 -9999 -9999 -9999 -9999 -9999 -9999 -9999 -9999 -9999 -9999
226.8 227.3 228.4 228.2 223.8 222.3 224.1 227.4 223.5 221.1 222.9 214.5 215.3 207.3 206.7 206.7 212 219.3 205.2 199.9 204.7 204.2 196.1 199.9 197.9 200.1 184.5 185.5 191 189.4 194 186.8 182.5 187.9 185.2 183.4 172 175.3 169.7 159.3 159.7 161.7 156.7 151.8 145.7 152.5 144.4 141.3 142.4 136 142.1 138.4 135.3 134.7 124.9 124.5 121.3 120.9 114.2 116.2 116.4 112 107.8 106.4 102.3 95.7 97.1 -9999 89.1 -9999 -9999 -9999 -9999 -9999 -9999 -9999 -9999 -9999 -9999
230.3 220.5 233.4 226.2 226.2 223.3 232.4 219.6 228.5 224.6 228.9 219.4 220 215.2 215.8 214.5 215.9 216.5 214.7 210.3 206.2 203.8 204.6 196.8 200.9 197.9 194.4 190.2 183.6 189.2 180.7 180.4 184.9 184.3 182.4 182.9 175.2 179.2 169.1 164 161.5 162 160.3 150.9 149.9 157.1 144.6 145.4 135.9 145.9 145.9 127.5 136.1 131 123.4 126.1 124.6 126.6 117.7 119.9 111.7 110.1 110.6 -9999 -9999 -9999 98.2 -9999 -9999 -9999 -9999 -9999 -9999 -9999 -9999 -9999 -9999 -9999 -9999
231.5 230.3 240.1 230 230.6 230.5 230.3 230 230.6 233.7 233.4 229.1 220.8 216.2 220 223.2 212.3 223.7 215.1 219.4 210.7 210.7 210.2 201.4 209.5 199 198.2 193.8 188.1 185.5 188.2 185.8 193.4 185 190.2 187 190.6 181.3 180.8 164.6 164.5 163.5 162.7 156 154.9 157.3 141.5 147.4 140.1 148.4 146.1 143.4 135.4 131.2 133.7 124 126 122.2 127 119.6 112.2 107 107.5 -9999 -9999 -9999 -9999 -9999 -9999 -9999 -9999 -9999 -9999 -9999 -9999 -9999 -9999 -9999 -9999
235.5 243 233.6 233.6 239.2 235.4 237.2 237.1 233.5 235.5 227.7 230.4 234.7 227.5 230.6 232.8 222.6 231.3 215.8 224.4 221 213.8 221.9 208.5 209.4 205.6 203 199.9 198.7 197.1 191.6 192.5 192.3 194 195.1 187 180.2 187.7 180.9 166.6 163.3 170.8 164.9 154.8 156.2 148.3 145 145.7 144.5 144.5 145.4 147.9 137.7 132.9 132.6 124.9 123.4 133.5 123 124.5 116 114.9 115.9 -9999 -9999 -9999 -9999 -9999 -9999 -9999 -9999 -9999 -9999 -9999 -9999 -9999 -9999 -9999 -9999
244.4 247.9 238.8 246.3 237.2 241.9 233.5 237 243.9 234.9 243.3 232.2 230 238.5 232.9 246.3 242.2 239 232.9 221.4 227.6 221.9 219.3 213.1 216.3 208.5 204.6 200.9 194.3 199.9 197.8 191.7 193.9 197.7 191.6 190.3 185.7 190.3 175.2 174.4 177.7 164.2 160.8 160.5 161.4 159.3 153.9 146.1 141.9 138.7 142.9 139.4 136.5 134.2 128.6 134.9 132 125 130.1 119.5 115.7 114.4 108.8 -9999 -9999 -9999 -9999 -9999 -9999 -9999 -9999 -9999 -9999 -9999 -9999 -9999 -9999 -9999 -9999
242.5 250.2 245.6 241 245.6 243.9 247 250.5 245 231.6 244.8 241.2 238.9 243.5 235.5 242.4 241.2 246.5 236.1 230.1 231.7 219.4 224.6 218.7 217.9 215.9 201.1 201.7 199.5 199.4 199.1 188.3 198.1 194.5 193.1 192.3 191.8 182.3 183 171.5 165.5 161 164.5 151.9 154 159.2 150.7 144.7 148.7 149.6 149.7 140.4 133.4 137.6 137.4 129.4 127.1 128.7 122.5 121.8 108.7 115.9 102.2 -9999 -9999 -9999 -9999 -9999 -9999 -9999 -9999 -9999 -9999 -9999 -9999 -9999 -9999 -9999 -9999
246.1 248.2 242.5 247.1 238.7 246.1 252.9 246.1 248.7 247.2 242.7 245.3 249.2 249.5 246 251.4 249.6 248.8 252.8 234.6 241.7 227.4 226.7 228.7 226.3 205.6 201.3 209.7 203.9 207.3 196.4 205.1 198.8 198.4 201 192.9 182.3 190.8 187.2 182.3 178.9 169.8 170.2 165.3 154.8 155.3 152.9 147.7 144.6 147.9 142.8 144.3 144.2 134.5 131.8 126.4 132.6 117.8 128.5 125.7 119.2 113.9 112.2 -9999 -9999 -9999 -9999 -9999 -9999 -9999 -9999 -9999 -9999 -9999 -9999 -9999 -9999 -9999 -9999
250.7 256.5 249.3 249.3 252.5 247.5 258.8 244.5 250.7 251.2 248.8 253.5 249.2 252.7 247.7 249.2 253.7 242.7 251.1 254.5 240.5 235.8 235.8 219.3 224 220.1 223.1 212.5 202 210.7 212.2 203.2 203.7 198 188.7 195.8 200.4 189.2 185.5 175.6 178.3 167.1 170.7 162.7 169.8 156.7 161.5 150.8 151.5 147.3 139.1 139 138.7 138.9 136.8 133.2 131 130.9 131.9 114.6 118.6 120.9 117 -9999 -9999 -9999 -9999 -9999 -9999 -9999 -9999 -9999 -9999 -9999 -9999 -9999 -9999 -9999 -9999
252.4 258.3 252.9 251.2 255.2 256.6 264.1 258.9 264.6 264.9 272.2 250.7 256.9 252.9 252.1 256.7 262.4 255.9 263.4 251.9 246.1 243 229.5 231.3 220.5 215.6 214.6 208.3 207.2 202 211.5 204.9 212 206 201.5 195.2 191.4 189.8 191.3 182.5 179.1 176.3 177.1 161.5 157.9 164 161.5 147.8 146.6 150.4 153.4 141 136.5 135.6 134.5 126.2 135.6 123.2 130.9 123.2 115.9 115.8 113.1 -9999 -9999 -9999 -9999 -9999 -9999 -9999 -9999 -9999 -9999 -9999 -9999 -9999 -9999 -9999 -9999
258.7 249.6 250.6 263.9 270.5 255.4 258.6 270.1 263.3 273.4 275 260.3 262.9 259.4 265.2 268.3 254.3 247.8 255.4 242.9 244.7 240.4 238.6 232.4 229.3 227.3 221.3 213.3 213.4 217.5 205 209.7 203.1 201.3 201 195.1 194.1 194.1 185.7 178.5 174.8 168.4 175 166.7 177.5 166.7 156.7 164 158.9 147.5 148.3 138.6 133.9 136.7 131.8 131.9 126.4 126.9 129.5 124.4 123.6 119.9 119.4 104.7 113.3 96.3 101 -9999 -9999 -9999 -9999 -9999 -9999 -9999 -9999 -9999 -9999 -9999 -9999
260.4 259.8 269.6 272.6 266.8 277.6 270.8 264.9 273.3 276.8 266.5 274.9 277.5 255.7 266.5 258.4 255.9 258.5 257.1 259.3 249.3 246.4 236.5 237.2 223.9 228.4 222.8 217.2 218.5 217.8 208.2 211 195.8 201 201.8 193.1 200.4 195.7 188.9 183.3 176.2 182.3 174.3 176.3 171.3 166.6 166.7 162 156.5 150.4 145.9 147.8 145.3 133.3 132.3 140.1 131.4 122.1 120.7 129.5 116.9 111.4 119.1 118.1 108 109.9 104.6 103 -9999 -9999 -9999 -9999 -9999 -9999 -9999 -9999 -9999 -9999 -9999
264.2 263 273.4 272.4 283 277.1 277.7 275.2 273.8 286.5 285.2 273.2 284.1 276.7 272 266.4 267.4 253.1 261.7 252.6 257.2 247.2 244.5 239.2 234.4 229 225.3 210.3 219.1 211.4 207.9 205.8 214.1 203.1 199.2 195.4 195.1 192.9 188.3 188.2 186.2 180.8 174.7 170 172 160.9 161.5 150.9 156.2 153.8 150.4 144.2 139.7 143.5 138.4 131.8 134.9 126.2 121.3 119.7 123.1 115.3 110.7 110.4 111.1 106.4 104.8 97.1 102.2 -9999 -9999 -9999 -9999 -9999 -9999 -9999 -9999 -9999 -9999
270.7 274.9 281.4 279.8 285.6 278.3 294.2 283.8 296.5 286.6 278.5 290.3 287.8 278.4 284.1 280.6 269.5 260.8 260.7 260.7 244.9 251.6 238.6 237.3 235.3 225.4 221.2 227.5 216.5 222.1 225.6 212.5 209.1 214.3 202.6 199 196.6 194.9 183.7 189.4 180.6 188.8 174.8 176.9 164.7 162.5 169.5 156.9 156.9 149.9 143.8 150.8 138.7 134.1 137.2 137.4 139.9 124.8 128.1 123.3 122.6 120.9 113.4 114.1 113.9 110.8 109.6 105.9 101.7 98.3 -9999 -9999 -9999 -9999 -9999 -9999 -9999 -9999 -9999
279.2 271.3 281.8 294.5 302.4 292.8 304.9 308.8 298 292.8 297.4 299.9 289.1 282.6 285.5 289.2 279.7 274.1 262.9 271.7 251.2 243 250.2 237.2 234.8 229.7 234.5 221.3 217.8 218.2 216.8 217.2 209.9 201.8 201.1 200.3 199.3 191.3 190.6 187.7 189.2 181.2 180.7 172.3 173.8 167.6 154.5 160 159.7 154.8 147 152.7 135.2 138.6 137.3 140.7 131.1 125.7 126 122.7 118.4 118.5 116.3 114.3 112.2 109.6 111.1 110.3 103.3 101.7 96.7 98.8 -9999 -9999 -9999 -9999 -9999 -9999 -9999
290.3 293.1 298.2 301.9 299.5 317.8 323.1 315.6 316.5 328.4 327 311.7 307.6 305.8 292.8 287.4 280.6 281 270.2 264.7 253.5 248.4 246.1 244.3 242.4 239.6 227.6 231.4 224.5 225 221.9 215.3 206.6 205.6 200.4 204.4 204.7 202.9 190.7 198.3 183.7 180.4 173.5 175.2 170.9 168.3 162.3 154.5 156.9 150.4 146.8 147.9 143.3 131.5 139.9 134 132.6 131.7 125.4 124.5 124.9 126.1 108.9 116.8 114.6 111.3 109.4 102.9 114.6 109.9 99.9 98.4 95 -9999 -9999 -9999 -9999 -9999 -9999
293.7 304.8 308.1 315.4 309.2 325.1 334.1 350.8 343.7 333.3 333.1 329.8 320 312.1 307 299.4 287.5 276.7 269.6 254.8 257.5 260.2 253.3 241.1 234 231 234.4 233.7 233.9 230 218.1 208.5 212.1 203.4 207.3 195 198.4 201.2 200.7 195.6 175.2 183.1 178.6 178.4 177.8 161.7 165.4 159.4 156.5 154.1 154.3 145.1 138.4 134.3 135.8 134 126.3 130.5 130.2 127.9 118.5 125.3 121.4 120.3 116.9 110 115.4 107.7 105.9 108.3 102 100.1 98.9 97.2 -9999 -9999 -9999 -9999 -9999
304 318.2 321.8 326.7 341.4 360.8 359.5 370 361 361.5 358.2 351.5 338.4 322.6 318.6 307.7 291 289 279.1 265.2 259.3 250.6 247.4 238.6 235.4 243.5 240.3 228.7 237.9 223.8 225.5 210 217.1 215.3 204.2 198.8 205.5 203.1 199.6 192.1 196.4 192.1 183.5 176.1 174.2 171.5 167.4 165.6 156 155.3 153.5 143.8 138.1 147.2 137.1 135.1 131.8 138.2 126.7 122.5 118.6 122 116.5 117.9 118.7 111.8 115.1 110 104.2 103.3 99.8 104.5 98.2 101.7 99.9 -9999 -9999 -9999 -9999
315.1 327.2 326.8 364.5 371.4 374.3 388.6 391.4 410.8 380.3 382.5 372.5 350.3 337.8 328.1 316.2 306.9 294.3 282.6 276.3 276 256.2 249.3 259.5 240.6 236.2 239.1 241.6 231.7 229.7 228.1 210.4 213.6 211.1 205 208.8 201.6 187.2 203 198.7 191.5 185.9 186.3 178.2 177.2 166.4 158.9 161.4 153 156.5 146.9 154.6 141.2 143.5 141.5 135.5 130.7 123.7 133.3 130.6 124.4 126.2 118.7 116.6 117.1 116.6 114.5 114.7 106.6 109.4 105.6 107.1 105.2 97.8 101.5 97.3 94.8 93.2 92
323.7 343.2 355.9 368.4 382.8 411.6 433.4 443 449.5 459.1 422.5 411.1 383.8 356.8 345.2 318.6 315.9 297.5 289.2 283.1 266 265.8 250.3 250.3 235.4 236.2 239.5 236.1 229.6 226.1 222.5 220.9 220.4 209.2 214.5 201.5 206.9 197.3 198.9 189.3 198 193.2 183.2 181.3 179 171 163.8 156.6 154.4 148.1 154.9 146 143.8 146.1 143.5 140.6 128.5 130.4 129 123.7 125.1 126 118.7 118.9 125.3 113.7 102.3 115.1 109.3 106.4 107.2 107.3 105.1 107 101 100.7 94.7 99.4 95.6
321.2 350.6 359.4 403.2 431.8 461.7 501.4 515.3 518.5 513.7 490.9 439.8 410.3 397.7 358.7 334.5 311.4 299.5 283 281.7 277.6 261.1 262.3 252.7 245.3 240 238.9 236.9 226.4 222 230.8 216.9 218.8 218.5 209.9 215.7 196.6 201.3 201.1 200 191.4 185.2 193.8 178.1 180.2 170 172.2 167.4 155.6 148 151.4 147.3 139.5 142.6 140.5 135 136.2 133.4 131.3 127.2 125.6 118.2 125.8 118.6 119.6 115.7 110.7 112.3 107.9 108.4 104.5 98.3 114.2 102.7 99.4 104.7 99.9 97.3 99.8
337.1 366.9 379.6 426.5 467.5 524.9 590.9 639.1 641.3 598.9 538.9 488.9 439.5 397.8 361.1 341.3 326 300.4 293.3 278.8 272.8 266.4 257.2 256.3 243.2 244.8 241.8 240.6 243.8 235.4 226.9 228.3 219.7 220 214 213.6 210.3 202 199.7 197.7 196.4 192.8 190.9 180.2 175.3 170.4 166.3 165.2 155.6 150.4 155.2 150.1 147.7 146.2 136.7 138.5 138.3 133.6 120.7 129 126.2 126.2 120 119.4 120.2 110.5 106.6 114.9 113.4 111 109.3 105.5 106 108.1 108.6 104.7 101.5 99.2 96.5
345.3 378.2 403.9 436.2 513.2 611 681.3 745.6 788.6 717 630.4 545.7 467.7 415 371.7 355.1 331.1 307 297.1 285.9 274.7 269.6 256 256 250.8 251.3 236.6 243.3 239.9 234.5 233.4 238.7 231.8 223.8 222.1 213.3 208.2 211.5 196.1 200.8 201.4 190.8 181.8 194.7 173.2 172 160.4 173 164.2 151.3 153.5 151.8 144.6 142.5 137.5 135.7 131.2 129.9 125 124.6 124.2 121.5 119.2 119.5 118.6 117 113.7 114.8 112.1 116.1 108.6 102.7 114.5 105 106.3 112.7 104.3 102.8 103.5
345.3 379.4 421.8 455.5 550.3 665.2 766.3 862.3 891.5 802.5 706.9 595.3 487.5 408.6 374.1 351.8 326.1 306.1 305.3 286.1 272.6 274.5 255.9 260.2 251.3 247.8 244.4 247.1 240.1 244.1 246 242.4 225.6 232 230.9 225.1 212.2 205.6 207.4 206.7 199.6 192.6 186.4 168.5 174.1 171.1 165.1 170.5 163.6 156.5 152.8 148.4 144.1 147.5 139.4 135.4 134.8 137.1 129.9 130.2 125.3 121.1 122.9 119.4 120.8 114.3 115 117.1 115.6 106.1 111.9 109.1 100.7 108.7 105.2 112.6 108.1 102.9 99
339.7 377.3 408.3 476.6 564.8 675.2 810 896.1 919 827.5 730.8 589.7 497 423.4 381.4 362.3 328.5 310.8 298.5 287.5 275.1 277.9 258.6 258.7 262.5 254.9 253.7 240.6 252.6 245.2 248.2 243.5 241.7 234.6 226.7 209.8 213.1 202.7 196.9 190.5 194.9 187.5 191.9 180.9 171 173.3 169.8 166.6 165.2 148.9 149.5 147 147.3 143 144.2 137.7 132.9 132.7 131 128 120.5 125.3 131.6 118.5 121.1 118.9 115.6 114.5 114.8 109.8 110.1 108.7 114.6 104.6 106.5 102.3 103.3 103.4 99.8
343.9 367.7 417.8 452 529.9 649.2 761.2 828.3 837.2 770 703.8 577.7 463.2 428.9 382.4 337.5 318.7 293.5 298.4 287 262.2 260.1 275.1 256.2 257.5 256.9 249.5 257.1 244.9 252 246.4 251.1 257.9 239.6 240.9 231.6 221.4 213.2 212.1 193.9 199.4 185.3 185.2 191.2 179.3 170.4 169.6 164.7 165.9 159.7 152.6 148.5 147.8 140.8 147.5 137.4 129.4 134.1 127.5 126.4 125.5 121.2 124.5 123.6 118.5 111 110.6 111.8 110.1 111.4 110.4 107.7 111.5 106.2 104.8 107.2 102.5 104.2 105.6
345 367.8 404.2 440 502.2 585.8 680.8 720.6 751 688.5 623.4 544 458.7 410.6 359.6 345.4 318.7 308.7 295.8 283.8 270.6 270 264.7 258.1 249.9 247.2 256.4 247.6 251 236.6 253.1 256.5 251.7 253.2 248.9 225 218.9 216.8 200.8 205.4 200.2 200.3 190.3 186.3 183.5 174.9 183 170.1 163 162.2 152.5 157.8 141.9 146.9 138.6 141.8 133.6 136.4 124.5 125.6 124 128.7 116.9 119.2 119.3 115.2 119 113.1 108.3 108.4 110.9 109.4 109.8 103.1 104.4 106.1 108.9 99.3 110.2
344.3 354.2 377.7 412.4 443.1 520.2 555.5 584.3 612.5 584.3 532.8 475.3 422.5 379.4 352.5 332.6 322.7 304.8 293.9 283.8 271 261.4 268.2 257.3 253.8 252.5 241.6 251.9 240.3 254 260.3 259 253.9 260.3 245.6 234.6 222.4 203.2 211.4 205.1 201.3 189.2 190 185.9 182.9 179.4 183.9 174.7 169 158.4 152.8 161 156.2 149.9 144.2 142.8 134.2 140 129.3 125.2 125.5 124.5 119.4 119.1 114.6 120.8 116.2 110.5 111.1 109.1 115.1 109.9 110.2 110.6 103.5 107.8 109.2 102 101.1
328.1 347.5 362.5 388.6 413.9 428.8 473.8 494.5 506.9 485.9 445.4 431.5 399.7 378.6 335.6 329.8 306.6 293.3 288.1 272.8 268.4 262.6 268.7 259.6 253.6 247.6 252.9 254.3 248.5 248.1 245.8 254.9 255.4 245.8 247.9 230.2 230 211.9 214.8 207.5 195.2 197.9 189.6 182 185.7 182.9 184.5 171.9 169.3 166.5 166.5 157.2 151.7 150.1 146.1 143.1 142 138.4 133.1 122 132.8 128.1 125.6 113 109.8 120.5 112.4 111.2 115.5 108.3 106.7 113.7 109.9 113.2 114 110.6 105.5 108.7 105.5
322.2 327.7 346.6 356.4 373.7 399.5 412.2 442.8 429.8 408.8 402.3 390.4 367.9 350 326.3 318 294.9 289.8 286.2 275.4 262.5 261.2 263.2 254.5 254.8 243.6 248.6 245.4 253 249.5 249.1 245.5 260.1 246.4 239.8 236.8 220.4 210.6 216.7 206 199.6 198.2 191.8 184.9 179.7 184.1 181.5 176.8 171.2 168.5 161.8 157.6 156.2 153.7 142.2 144.6 141.4 135 138.8 126.7 125.3 120.4 120.5 117 120 115.6 112.7 105.7 119 105.5 113.7 122.2 111 112.2 108.5 113.3 110.3 109.4 105.6
310.2 302.9 322.9 340 348.3 363.2 374.1 372.7 381.7 378.3 368.4 366.5 338.3 330.5 319.7 309.4 306.3 289.3 279.5 263.5 260.4 270.4 252.8 245.5 244.9 249.5 237.6 248.6 246 239.8 245.8 251.7 245.9 249 238.8 236.3 224.8 215.1 212.3 204.6 194 190.4 186.4 190 181 178.7 174.4 187.3 176.6 171.5 170 165.3 156.4 152.5 144.1 147.4 146.2 137 133.4 132.7 125 121.4 121.9 117.1 121.4 115.6 112.9 112.3 110.5 108.9 108.6 112.4 116.6 111.1 120.4 116.1 114.8 115.7 118.4
292.8 299.2 311.7 312.1 324.8 333.7 347.5 342.4 349 347.5 342.8 340.3 327 309.2 300 286.5 292.7 283.3 276.7 264.9 273.8 267.4 245.3 256.1 244.4 245.5 247.9 246.5 242.5 244.2 227.2 231.7 239.3 233.7 233.8 229.5 222.9 209.3 209.1 217 207.7 197.3 193.1 181.1 182.7 171.6 183.1 175.8 177.2 178.5 166.8 162.1 157.1 149.4 149.1 149.2 140.5 142.1 135.1 129.2 127.1 123.8 125.1 122.7 121.1 117.2 109.4 115.7 112.2 105.8 110.2 118.3 115.4 108.1 117.2 114.5 120.4 115.7 107.2
275.6 288.9 283.4 293 299.9 314.5 320.2 323.1 329.7 323 318.2 315.6 314.5 308.4 297.2 292.5 282 280.2 267.7 271.1 263.7 258.2 253.4 253.7 256.2 244.7 251.7 247.3 240.5 239 243.7 243.8 238.7 241.1 241.5 234.7 221 210.8 215.4 205.7 206.7 193.1 198.3 187.6 176.1 182.8 171.7 165.2 170 168.7 165.2 156 151 154.5 142.6 140.3 135.5 139.9 127.5 130.8 128.4 122.7 120 116 117.4 116.9 119.6 116.2 113.9 116.7 111.3 119.2 114.9 113.9 115.8 124 120.6 114.9 114.8
264.1 264.7 278.2 283.2 293.3 294.2 292.5 294.5 308.4 287.6 304.7 296.6 299.3 303.8 289.1 269.1 271.4 259.7 259.1 266.3 261.4 255.9 248.8 247.8 255.5 239.6 249 247.3 248 248.6 241.1 239.1 238.6 238.1 222.6 221 223.2 212.1 211.5 206.7 214.8 194.5 196.4 191.8 179.7 171.9 177 168.7 165.4 170.6 165 161.6 151.3 145.4 151.9 142.6 136.6 129.3 133.4 128.7 120 125.6 119.1 117.3 117.9 122.8 115.9 107.4 112.4 117.3 105.4 116.2 115.2 116.4 111.8 114.3 117.8 122.6 123.3
