Data/GIS/Movement/bfa-mvmt-travel-tuned.asc
ncols         173
nrows         126
xllcorner     224227.65281
yllcorner     1039207.04677
cellsize      5000
NODATA_value  -9999
[rows 0 to 34 of 126, columns 80 to 159 of 173]
-9999 -9999 -9999 -9999 -9999 -9999 -9999 -9999 -9999 -9999 -9999 -9999 -9999 -9999 -9999 -9999 -9999 -9999 -9999 -9999 -9999 -9999 -9999 -9999 33.9 35.7 40.6 37.9 38.8 42.5 -9999 -9999 -9999 35.3 33.8 -9999 -9999 -9999 -9999 -9999 -9999 -9999 -9999 -9999 -9999 -9999 -9999 -9999 -9999 -9999 -9999 -9999 -9999 -9999 -9999 -9999 -9999 -9999 -9999 -9999 -9999 -9999 -9999 -9999 -9999 -9999 -9999 -9999 -9999 -9999 -9999 -9999 -9999 -9999 -9999 -9999 -9999 -9999 -9999 -9999
-9999 -9999 -9999 -9999 -9999 -9999 -9999 -9999 -9999 -9999 -9999 -9999 -9999 -9999 -9999 -9999 -9999 -9999 -9999 -9999 -9999 -9999 28.2 33.5 36.6 37.9 39.5 41.6 36.3 39.5 42.4 -9999 44.6 46.9 45.5 47.5 47.5 53.5 -9999 -9999 -9999 -9999 -9999 -9999 -9999 -9999 -9999 -9999 -9999 -9999 -9999 -9999 -9999 -9999 -9999 -9999 -9999 -9999 -9999 -9999 -9999 -9999 -9999 -9999 -9999 -9999 -9999 -9999 -9999 -9999 -9999 -9999 -9999 -9999 -9999 -9999 -9999 -9999 -9999 -9999
-9999 -9999 -9999 -9999 -9999 -9999 -9999 -9999 -9999 -9999 -9999 -9999 -9999 -9999 -9999 -9999 -9999 -9999 -9999 -9999 -9999 29.4 30 31.7 39.4 38.8 44.1 43.4 37.8 48.3 39.5 43.4 47.5 48.7 49.6 52 56.9 60.9 58.6 69.8 59.9 73.5 53.2 39.8 31.9 -9999 -9999 -9999 -9999 -9999 -9999 -9999 -9999 -9999 -9999 -9999 -9999 -9999 -9999 -9999 -9999 -9999 -9999 -9999 -9999 -9999 -9999 -9999 -9999 -9999 -9999 -9999 -9999 -9999 -9999 -9999 -9999 -9999 -9999 -9999
-9999 -9999 -9999 -9999 -9999 -9999 -9999 -9999 -9999 -9999 -9999 -9999 -9999 -9999 -9999 -9999 -9999 -9999 -9999 -9999 26 27.5 30.4 32.4 34.3 37.3 45.9 42.7 46.5 52.8 41.7 36.4 41.3 41.1 44.3 50.7 58.8 54.3 64 67.4 80 84.8 59.5 44.4 38.3 -9999 -9999 -9999 -9999 -9999 -9999 -9999 -9999 -9999 -9999 -9999 -9999 -9999 -9999 -9999 -9999 -9999 -9999 -9999 -9999 -9999 -9999 -9999 -9999 -9999 -9999 -9999 -9999 -9999 -9999 -9999 -9999 -9999 -9999 -9999
-9999 -9999 -9999 -9999 -9999 -9999 -9999 -9999 -9999 -9999 -9999 -9999 -9999 -9999 -9999 -9999 -9999 -9999 -9999 25.4 29.4 34.7 32.5 34.5 31.9 41.7 43 52.5 50.7 61.1 45.1 43.1 39.4 36.6 43.4 56 64.9 61.7 59.7 57.9 69 83.5 59.3 56.3 -9999 -9999 -9999 -9999 -9999 -9999 -9999 -9999 -9999 -9999 -9999 -9999 -9999 -9999 -9999 -9999 -9999 -9999 -9999 -9999 -9999 -9999 -9999 -9999 -9999 -9999 -9999 -9999 -9999 -9999 -9999 -9999 -9999 -9999 -9999 -9999
-9999 -9999 -9999 -9999 -9999 -9999 -9999 -9999 -9999 -9999 -9999 -9999 -9999 -9999 -9999 -9999 -9999 -9999 26.4 28.9 33.7 37.8 41.3 40 40 43.1 44.1 49.9 59.6 56.9 53.9 52.4 46.1 40.3 47 50.7 67.6 67.4 50.5 59.5 85.2 80 60.9 48.4 -9999 -9999 -9999 -9999 -9999 -9999 -9999 -9999 -9999 -9999 -9999 -9999 -9999 -9999 -9999 -9999 -9999 -9999 -9999 -9999 -9999 -9999 -9999 -9999 -9999 -9999 -9999 -9999 -9999 -9999 -9999 -9999 -9999 -9999 -9999 -9999
-9999 -9999 -9999 -9999 -9999 -9999 -9999 -9999 -9999 -9999 -9999 -9999 -9999 -9999 -9999 -9999 26.5 28 28.4 33 44.8 47.7 51.7 43.8 51.2 52 49.4 51.1 59.2 65.9 65.3 59.5 49.7 56.5 57.7 58.2 78.1 74.1 56 62.2 96 93.3 58.6 49.1 37.2 -9999 -9999 -9999 -9999 -9999 -9999 -9999 -9999 -9999 -9999 -9999 -9999 -9999 -9999 -9999 -9999 -9999 -9999 -9999 -9999 -9999 -9999 -9999 -9999 -9999 -9999 -9999 -9999 -9999 -9999 -9999 -9999 -9999 -9999 -9999
-9999 -9999 -9999 -9999 -9999 -9999 -9999 -9999 -9999 -9999 -9999 -9999 -9999 36 32.5 28.1 25.1 30.5 36.5 35.7 47.6 51.8 61.4 57.1 57.3 62.1 61.4 62.1 61.9 75.5 78.4 68.9 59.2 62.3 74 71.9 85.3 83.4 68.6 66.2 104 89.1 65.3 59.5 53 -9999 -9999 -9999 -9999 -9999 -9999 -9999 -9999 -9999 -9999 -9999 -9999 -9999 -9999 -9999 -9999 -9999 -9999 -9999 -9999 -9999 -9999 -9999 -9999 -9999 -9999 -9999 -9999 -9999 -9999 -9999 -9999 -9999 -9999 -9999
-9999 -9999 -9999 -9999 -9999 -9999 -9999 -9999 -9999 -9999 -9999 43.1 36.3 35.6 33.7 29.5 32.4 33.5 37 47.5 51.8 60.2 60.9 58.7 60.3 67.1 71.2 76.3 78.2 82.2 85.2 69.8 65.1 69 79.3 84.3 87.6 91.1 70.7 71.6 104.7 96.5 79.8 71.8 70.4 -9999 -9999 -9999 -9999 -9999 -9999 -9999 -9999 -9999 -9999 -9999 -9999 -9999 -9999 -9999 -9999 -9999 -9999 -9999 -9999 -9999 -9999 -9999 -9999 -9999 -9999 -9999 -9999 -9999 -9999 -9999 -9999 -9999 -9999 -9999
-9999 -9999 -9999 -9999 -9999 -9999 -9999 -9999 -9999 65.9 58.8 46.8 43.3 33.6 31.1 37.2 38.8 36.7 41.8 51.4 58.9 65.7 66.3 74.5 76.2 76.6 68.5 76 75.6 84.8 90.7 93.4 80.9 85.1 82 75.7 105.1 97.3 84.7 99.3 116.7 109.9 104 99 -9999 -9999 -9999 -9999 -9999 -9999 -9999 -9999 -9999 -9999 -9999 -9999 -9999 -9999 -9999 -9999 -9999 -9999 -9999 -9999 -9999 -9999 -9999 -9999 -9999 -9999 -9999 -9999 -9999 -9999 -9999 -9999 -9999 -9999 -9999 -9999
-9999 -9999 -9999 -9999 -9999 -9999 -9999 -9999 56.3 65.5 61.3 50.7 44.1 37.4 35.6 44.6 50.6 49.4 49.3 50.5 52.8 55.9 58.1 76.9 88.1 80.9 63.8 62.4 72.9 79.1 82.4 89.2 103.5 96.9 84.8 85.3 117.5 100.3 111.9 135.4 102.8 84.7 67.7 63.9 -9999 -9999 -9999 -9999 -9999 -9999 -9999 -9999 -9999 -9999 -9999 -9999 -9999 -9999 -9999 -9999 -9999 -9999 -9999 -9999 -9999 -9999 -9999 -9999 -9999 -9999 -9999 -9999 -9999 -9999 -9999 -9999 -9999 -9999 -9999 -9999
-9999 -9999 -9999 -9999 -9999 -9999 45.5 50.4 59 76.9 67.9 52.1 41.6 39 43.9 45.1 58.1 63.5 74.8 62.3 51 57.8 66.1 79.3 86.4 87.2 64.6 62.2 71.7 76.7 78.8 87.1 119.1 100.7 101.6 99.6 125.1 131.6 151.5 131.3 90.2 74.7 53.8 48.4 -9999 -9999 -9999 -9999 -9999 -9999 -9999 -9999 -9999 -9999 -9999 -9999 -9999 -9999 -9999 -9999 -9999 -9999 -9999 -9999 -9999 -9999 -9999 -9999 -9999 -9999 -9999 -9999 -9999 -9999 -9999 -9999 -9999 -9999 -9999 -9999
-9999 -9999 -9999 -9999 61 48.8 53.6 61.5 73.4 78.6 62.5 54.7 45.1 54.6 60.9 57.7 68.7 85 94.2 74.1 60.8 72.2 79.2 108 102.1 98.1 73.7 58.1 59.9 70.3 74.5 75.5 100.5 131.5 160.2 145.1 152.4 159.8 147.8 129.6 89.6 63.7 53.5 59.5 -9999 -9999 -9999 -9999 -9999 -9999 -9999 -9999 -9999 -9999 -9999 -9999 -9999 -9999 -9999 -9999 -9999 -9999 -9999 -9999 -9999 -9999 -9999 -9999 -9999 -9999 -9999 -9999 -9999 -9999 -9999 -9999 -9999 -9999 -9999 -9999
88.1 -9999 73.7 66.1 69.1 57.8 67.7 77.1 87.5 84.2 62.7 51.3 56.8 61.7 75.7 73.6 71.2 90.2 116.4 102.4 89.2 100.9 106.2 115.4 127.7 112.6 88.7 74.6 66.9 78.1 79.6 85.3 89.2 110.7 152.3 179.2 161.8 128.6 118.8 123.8 96.9 77.8 73.1 84.7 -9999 -9999 -9999 -9999 -9999 -9999 -9999 -9999 -9999 -9999 -9999 -9999 -9999 -9999 -9999 -9999 -9999 -9999 -9999 -9999 -9999 -9999 -9999 -9999 -9999 -9999 -9999 -9999 -9999 -9999 -9999 -9999 -9999 -9999 -9999 -9999
97.3 77.5 76.7 77.4 69.6 70.9 83.4 88.1 96.8 96 71.4 68.8 81.8 90.4 92.5 90.2 87.2 99.1 133 117.8 109.3 92.8 95.1 143.2 132.4 115.8 94.6 76.3 78.6 100.2 108.8 109.6 132.2 153.6 185.4 185.5 166.5 122.7 108.3 119.9 108.1 109.2 106.6 106.4 136.2 -9999 -9999 -9999 -9999 -9999 -9999 -9999 -9999 -9999 -9999 -9999 -9999 -9999 -9999 -9999 -9999 -9999 -9999 -9999 -9999 -9999 -9999 -9999 -9999 -9999 -9999 -9999 -9999 -9999 -9999 -9999 -9999 -9999 -9999 -9999
134.1 92.5 94.2 79.3 71.3 77.1 86.2 93.1 108.6 101.9 75.5 89.6 104.9 95.2 80.3 83.2 103.8 115.1 145 141.4 134.3 102.8 99.9 154.9 147.3 104.7 106.9 107.8 107 118.5 151.4 176.2 163.5 136.6 118.5 127.9 178.7 179.5 157.9 147.4 141.2 124.5 135.2 152 168 143.9 -9999 -9999 -9999 -9999 -9999 -9999 -9999 -9999 -9999 -9999 -9999 -9999 -9999 -9999 -9999 -9999 -9999 -9999 -9999 -9999 -9999 -9999 -9999 -9999 -9999 -9999 -9999 -9999 -9999 -9999 -9999 -9999 -9999 -9999
152.9 96.2 96.2 107.1 89.1 69.5 86.4 116.8 121.5 111.2 91.6 113.6 107.1 105.9 81.5 80.2 121.1 138.2 166.6 168.2 170 133.3 121.1 170.6 200.6 159.6 169.8 166.1 184 180.7 188.9 160.2 104 98.7 80.1 86.8 124.4 192.8 146.6 137.9 110.2 120 142.8 178 132.5 113.5 104.8 -9999 -9999 -9999 -9999 -9999 -9999 -9999 -9999 -9999 -9999 -9999 -9999 -9999 -9999 -9999 -9999 -9999 -9999 -9999 -9999 -9999 -9999 -9999 -9999 -9999 -9999 -9999 -9999 -9999 -9999 -9999 -9999 -9999
181.3 123.1 110.6 125 118.6 94 93.6 114.9 143 120.7 127.2 126.9 110.7 100.1 76.4 85 109.6 142.3 131.9 199.9 191.6 203.7 236.3 264.8 227.7 193.7 179.7 159.9 147.4 141 129.7 120.2 100.3 76.8 73.3 85.8 115.5 180.1 203.1 163.6 119.3 151 166.1 179.8 108.2 79.6 70.1 69 -9999 -9999 -9999 -9999 -9999 -9999 -9999 -9999 -9999 -9999 -9999 -9999 -9999 -9999 -9999 -9999 -9999 -9999 -9999 -9999 -9999 -9999 -9999 -9999 -9999 -9999 -9999 -9999 -9999 -9999 -9999 -9999
208.4 130.8 104.1 137.4 152.1 117.1 138.2 149 163 118.4 147.1 109 100.4 90.2 72.9 86 117.7 172.7 127.7 164.2 255.3 373.9 258.9 163.4 134.1 123.4 116 110.7 106.9 106.5 92.1 86 78.4 68.8 64.3 74.3 98.9 150.8 256.2 147.5 138.4 210.6 211 142 100.7 73.9 60.6 55.3 -9999 -9999 -9999 -9999 -9999 -9999 -9999 -9999 -9999 -9999 -9999 -9999 -9999 -9999 -9999 -9999 -9999 -9999 -9999 -9999 -9999 -9999 -9999 -9999 -9999 -9999 -9999 -9999 -9999 -9999 -9999 -9999
224.1 135.1 103.2 128.9 218 169.3 212.9 165.5 138.3 130.1 163.9 119.3 133.3 113.1 99.4 110.9 139.3 213.2 186.7 225.6 327.1 327.7 366.3 261.5 205.2 153.5 136.1 99.9 89.7 88.6 77.1 74.3 69.8 69.9 70.8 84.3 95.8 126.7 244.7 172 185.1 214.1 134.5 96.1 77.8 65.8 55.4 55.8 -9999 -9999 -9999 -9999 -9999 -9999 -9999 -9999 -9999 -9999 -9999 -9999 -9999 -9999 -9999 -9999 -9999 -9999 -9999 -9999 -9999 -9999 -9999 -9999 -9999 -9999 -9999 -9999 -9999 -9999 -9999 -9999
235.8 221.1 148.7 152.9 243.4 275.1 206.1 125.4 114.6 159.8 188 129.3 165.2 137.6 142.9 185.4 219.1 253.7 253.2 228.7 175.8 215.3 163.1 208.2 244 261.8 216.2 139 121.7 96.6 76.6 80.9 88.7 91.9 97.4 105.7 120.3 126.6 236.9 213.9 254.9 170.8 110.9 85.3 75.9 62.5 64.7 72.4 -9999 -9999 -9999 -9999 -9999 -9999 -9999 -9999 -9999 -9999 -9999 -9999 -9999 -9999 -9999 -9999 -9999 -9999 -9999 -9999 -9999 -9999 -9999 -9999 -9999 -9999 -9999 -9999 -9999 -9999 -9999 -9999
168.2 282.6 253.7 282.8 330.7 424.6 235.8 163.6 153.4 174.6 219 174.7 202.3 196 221.4 199.6 167.6 156.5 143.7 125.8 125.4 177.6 145 174.2 166.4 166.1 219.4 239.6 179.9 117.9 97.7 95.8 124.7 135.3 142.3 172.5 215.5 196.2 251.1 271.3 271.6 137.6 128.9 119.5 99.5 85.8 84.9 96.5 -9999 -9999 -9999 -9999 -9999 -9999 -9999 -9999 -9999 -9999 -9999 -9999 -9999 -9999 -9999 -9999 -9999 -9999 -9999 -9999 -9999 -9999 -9999 -9999 -9999 -9999 -9999 -9999 -9999 -9999 -9999 -9999
119.3 158.3 209.1 267 457.3 361.8 309.7 331.8 307.9 260.7 230.2 222.1 207.3 177.5 144.6 137.4 109.3 108.6 102.3 97.7 121.2 163.7 130.9 155.3 144.7 118.8 136.6 195.1 227.4 160.4 143.5 126.8 154.3 204.6 208.7 265.7 263.9 284.7 339.9 402.9 240.5 206.8 265.1 212.7 166.7 141.4 131.6 133.7 -9999 -9999 -9999 -9999 -9999 -9999 -9999 -9999 -9999 -9999 -9999 -9999 -9999 -9999 -9999 -9999 -9999 -9999 -9999 -9999 -9999 -9999 -9999 -9999 -9999 -9999 -9999 -9999 -9999 -9999 -9999 -9999
129 171.4 250.9 353.9 317.3 224.3 233.2 192.7 230.5 210.3 154.9 147.7 180.7 127.8 105 102.4 87.1 79.9 94.5 113.4 121.4 147.5 122 130.2 132.5 100.6 146.8 169.5 163.4 199.4 189.6 200.2 214.9 216.1 173.8 175.2 143.9 140.5 222.1 433.7 489.9 347 230.3 208.9 176.4 196.1 202.8 149.7 153.9 -9999 -9999 -9999 -9999 -9999 -9999 -9999 -9999 -9999 -9999 -9999 -9999 -9999 -9999 -9999 -9999 -9999 -9999 -9999 -9999 -9999 -9999 -9999 -9999 -9999 -9999 -9999 -9999 -9999 -9999 -9999
184.6 237.2 248.8 341.4 262.7 161 183 156.6 137 177.8 201 146.6 148.1 134.1 102.2 78.4 69.5 78.2 90.4 110.1 130.6 132.3 105.7 131.8 134.8 122.2 141.6 126.4 141.6 158.4 130.2 140.7 139.8 137.7 118.8 110.6 100 112.9 173.8 362.9 238.7 289.8 177.2 134.4 141.3 151 175.3 152.9 115.9 93.3 -9999 -9999 -9999 -9999 -9999 -9999 -9999 -9999 -9999 -9999 -9999 -9999 -9999 -9999 -9999 -9999 -9999 -9999 -9999 -9999 -9999 -9999 -9999 -9999 -9999 -9999 -9999 -9999 -9999 -9999
187.5 237.3 303.9 228.5 274.2 147.7 130.6 135.3 115.1 133.8 162.3 184.6 157 125 95.3 88.6 75.6 69.8 83.7 103.4 114.1 109.8 90 116.3 118 117.9 107.8 99.1 118.8 144.6 108.5 101.3 104.1 95.6 97.8 85.5 94.2 119.7 212.6 213.1 144.9 182.6 215.9 129.9 114.7 112.2 117.1 104.6 78.4 63.3 -9999 -9999 -9999 -9999 -9999 -9999 -9999 -9999 -9999 -9999 -9999 -9999 -9999 -9999 -9999 -9999 -9999 -9999 -9999 -9999 -9999 -9999 -9999 -9999 -9999 -9999 -9999 -9999 -9999 -9999
262.1 269.1 286.1 197.6 286.2 206.6 137.8 107.2 96.4 96.9 113.8 131.6 165.4 154.3 127 108.6 91.4 75.4 75.8 102.2 109.6 94.5 92.8 107.4 122.2 94.6 94.4 88.4 115 129.1 104.1 84.7 83 72.7 69 77.1 98.7 141.2 243.2 174.3 132.5 157 243.8 157 112.3 90 87.1 80.5 63.9 53 51.6 -9999 -9999 -9999 -9999 -9999 -9999 -9999 -9999 -9999 -9999 -9999 -9999 -9999 -9999 -9999 -9999 -9999 -9999 -9999 -9999 -9999 -9999 -9999 -9999 -9999 -9999 -9999 -9999 -9999
158.8 198.9 232 166.2 217.1 289.8 191.6 130.9 94.1 90.8 111.5 119.3 139.7 145.4 135.3 125.8 97.5 74.8 84.6 97.4 108 88.9 99.1 110.6 112.4 88.9 77.9 85.2 100.7 116.6 116.8 83.6 73.1 71.7 75.4 84.9 105.2 157.5 255.9 154.1 108.1 129.9 175.1 227.3 142.3 102.1 103.4 86.1 72.3 71.7 71.8 58.1 -9999 -9999 -9999 -9999 -9999 -9999 -9999 -9999 -9999 -9999 -9999 -9999 -9999 -9999 -9999 -9999 -9999 -9999 -9999 -9999 -9999 -9999 -9999 -9999 -9999 -9999 -9999 -9999
119.7 178.6 195.1 188.1 163.3 236.6 243.5 156 112.6 101.7 112.8 129.4 123.3 107.8 114.5 122.2 88.3 90.6 90 111.9 105.8 92.2 108.1 128.6 111.6 88.3 74.6 71 79.5 101.7 110.3 100 79.9 76.1 86.3 111.8 133.3 200.6 235.5 140.1 106.9 97.5 134 213 197.4 151.3 143.1 140.6 121.2 117.4 94.4 80.1 62.2 -9999 -9999 -9999 -9999 -9999 -9999 -9999 -9999 -9999 -9999 -9999 -9999 -9999 -9999 -9999 -9999 -9999 -9999 -9999 -9999 -9999 -9999 -9999 -9999 -9999 -9999 -9999
110.1 128.9 143.7 160.8 130.7 188.6 268.5 169.9 129.5 110.7 124.6 113.3 91.2 101.1 117.6 123.2 102.1 113.3 111.3 127 116.9 110.2 122.1 149.7 133.8 103.8 88.1 78.1 74.3 84.7 94.3 100 95.5 94.6 107.6 152.5 205.8 230.9 169.1 112.7 93.8 84.1 115.6 180 187.9 205.9 156.7 118.7 113.2 105.3 101.9 100.5 84.9 -9999 -9999 -9999 -9999 -9999 -9999 -9999 -9999 -9999 -9999 -9999 -9999 -9999 -9999 -9999 -9999 -9999 -9999 -9999 -9999 -9999 -9999 -9999 -9999 -9999 -9999 -9999
100.5 106.6 125.1 129.3 121.8 165.2 258.5 196.8 154.2 147.8 141.9 113.4 92 117.1 130.7 131.8 122.8 124.6 129.5 141.1 144.5 150.4 151.8 160.1 124 105.5 105.6 98.4 87.2 94.5 105.6 112.4 93.7 102.1 142 204.4 217.6 152.9 115.7 88.9 76.4 78.6 103.6 149.3 121 149.2 186.5 154.7 126.9 132.2 112 101.9 113 111.5 92.9 71.5 55.9 -9999 -9999 -9999 -9999 -9999 -9999 -9999 -9999 -9999 -9999 -9999 -9999 -9999 -9999 -9999 -9999 -9999 -9999 -9999 -9999 -9999 -9999 -9999
102.6 102.5 110.3 146.8 128.3 149 226.2 227.8 184.4 164.9 123.8 108.9 120.3 120.1 137.1 128.2 105.2 101.3 120.6 144.1 156.2 161.3 187.1 174.4 138.5 117.5 121 129.1 118 126.3 127.5 106.9 114.5 119.7 172.1 211.4 155.6 113.4 96 80.2 68.4 78.5 102.6 133.9 105.3 100.5 114.3 142.5 164.6 125.9 99.4 97.2 106.5 112 98.3 86.7 68.9 -9999 -9999 -9999 -9999 -9999 -9999 -9999 -9999 -9999 -9999 -9999 -9999 -9999 -9999 -9999 -9999 -9999 -9999 -9999 -9999 -9999 -9999 -9999
124.4 112 138.6 174.8 145.3 167.5 241.9 192.1 170.1 132.6 114.9 130.3 110.6 109.2 152.7 137.1 96.4 105.5 136.4 146.7 153.6 175.6 190.9 180.7 172.7 162.4 145.9 123.4 141.7 146.9 125.5 125 156.5 182.9 224 199.9 136.7 100.7 90.8 88.2 78.6 83.4 104.9 110 82.9 79.4 82.6 89.9 112.8 160.2 125.2 93.2 110.2 105.2 79.1 85.6 82.3 64.5 52.6 40.8 -9999 -9999 -9999 -9999 -9999 -9999 -9999 -9999 -9999 -9999 -9999 -9999 -9999 -9999 -9999 -9999 -9999 -9999 -9999 -9999
141.4 118.7 144.5 171.6 180.6 181.5 243.3 176 136.6 108.6 101.9 136.5 128.5 124.2 172 129.3 97.2 113.3 149.3 156.7 132.3 165.5 207.5 162.6 130 132.9 145.9 134 142.8 153.4 169.4 163.1 207.7 221.3 254.5 196.6 151.7 112.2 123.9 111.6 91.4 74.5 100.7 104.8 82.2 69.2 61.3 76.8 92.1 119.6 145.5 110.7 124.2 94.5 90.2 94.1 89.9 71.6 56.4 50.5 42.1 38.3 -9999 -9999 -9999 -9999 -9999 -9999 -9999 -9999 -9999 -9999 -9999 -9999 -9999 -9999 -9999 -9999 -9999 -9999
140.7 112.4 112.3 133.4 174.1 217.7 251.3 189.3 153 110.1 105.6 148.5 150 152.2 182.9 159.2 127.4 137.2 190.8 166.2 134.9 198.9 231.2 154.8 108.6 102.2 137.2 167.3 131.8 125.7 147.7 165.1 219.3 276.6 209.7 172.3 121.3 115.3 152.3 130.2 94.9 89 95.6 93.3 83.1 63.7 59.8 69.1 79.7 107 137.4 137.4 127.1 103.3 102.4 84.1 75.4 76.2 66.3 62.4 54.6 48.6 -9999 -9999 -9999 -9999 -9999 -9999 -9999 -9999 -9999 -9999 -9999 -9999 -9999 -9999 -9999 -9999 -9999 -9999
