Data/GIS/Movement/bfa-mvmt-marshall-tuned.asc
ncols         173
nrows         126
xllcorner     224227.65281
yllcorner     1039207.04677
cellsize      5000
NODATA_value  -9999
[rows 35 to 69 of 126, columns 0 to 77 of 173]
-9999 -9999 -9999 -9999 -9999 -9999 -9999 -9999 -9999 -9999 -9999 -9999 -9999 -9999 -9999 -9999 -9999 -9999 -9999 -9999 -9999 -9999 -9999 -9999 -9999 -9999 -9999 -9999 -9999 -9999 -9999 -9999 -9999 -9999 -9999 -9999 -9999 -9999 -9999 -9999 -9999 -9999 -9999 -9999 -9999 -9999 -9999 -9999 -9999 133.6 123.2 129.1 130.3 139.7 140.5 146.1 150.7 156.2 158.2 157.3 162.7 170.6 176.5 185.2 194.8 207.3 217 223 223.1 213.8 217.9 218.2 211.8 214.7 215.5 202.2 201.9 211.5
-9999 -9999 -9999 -9999 -9999 -9999 -9999 -9999 -9999 -9999 -9999 -9999 -9999 -9999 -9999 -9999 -9999 -9999 -9999 -9999 -9999 -9999 -9999 -9999 -9999 -9999 -9999 -9999 -9999 -9999 -9999 -9999 -9999 -9999 107.3 -9999 -9999 -9999 -9999 -9999 -9999 -9999 -9999 -9999 -9999 -9999 -9999 -9999 -9999 127.1 130 138.4 140.9 131.3 141.3 146.1 152.7 153.6 158.1 159 167.3 174.3 188.7 188.2 195.1 204.9 205.3 214.2 210.9 214 208.7 214.2 214.7 218.1 221.5 213.6 221.1 218.2
-9999 -9999 -9999 -9999 -9999 -9999 -9999 -9999 -9999 -9999 -9999 -9999 -9999 -9999 -9999 -9999 -9999 -9999 -9999 -9999 -9999 -9999 -9999 -9999 -9999 -9999 -9999 -9999 -9999 -9999 -9999 -9999 107.9 116.4 -9999 -9999 -9999 -9999 -9999 -9999 -9999 -9999 -9999 -9999 -9999 -9999 -9999 -9999 -9999 129 133.8 138.5 134.4 139.1 144.1 148.6 150.2 156 166.5 170.3 171.6 174 179.2 188.5 197.7 204.4 205.3 213.4 206.5 216.4 217.8 212.9 218 214.4 223 219.8 222.2 223.5
-9999 -9999 -9999 -9999 -9999 -9999 -9999 -9999 -9999 -9999 -9999 -9999 -9999 -9999 -9999 -9999 -9999 -9999 -9999 -9999 -9999 -9999 -9999 -9999 -9999 -9999 -9999 -9999 -9999 -9999 -9999 111.6 114.6 113.2 110.1 119 119.5 117.1 -9999 -9999 -9999 -9999 -9999 -9999 -9999 -9999 -9999 -9999 -9999 -9999 143 148.1 149.3 149.4 144.7 161.1 153.8 168.1 167.9 170 175.5 179.5 186 195.6 192.6 196.7 199.9 215.4 213.7 220.9 229 228.5 219.1 219.2 222.8 223.1 229.7 232.7
-9999 -9999 -9999 -9999 -9999 -9999 -9999 -9999 -9999 -9999 -9999 -9999 -9999 -9999 -9999 -9999 -9999 -9999 -9999 -9999 -9999 -9999 -9999 -9999 -9999 -9999 -9999 -9999 -9999 -9999 -9999 114.2 121.8 117.1 120.9 121.7 122.8 123.3 118.3 -9999 -9999 -9999 -9999 -9999 -9999 -9999 -9999 -9999 -9999 -9999 145.1 146.6 147.3 149.4 147.9 154 168.2 160.1 176.6 169.1 177.7 185.1 185.7 188.2 199.3 202.9 210.1 212 220.3 215.6 214.2 223.6 218.7 228.3 226.1 223.9 223 226.3
-9999 -9999 -9999 -9999 -9999 -9999 -9999 -9999 -9999 -9999 -9999 -9999 -9999 -9999 -9999 -9999 -9999 -9999 -9999 -9999 -9999 -9999 -9999 -9999 -9999 -9999 -9999 -9999 -9999 104.9 116.9 116.6 121.6 126.6 123.1 132.2 130.1 124.5 125.1 116.9 -9999 -9999 -9999 -9999 -9999 -9999 139 139.1 135.2 145.4 141.6 150.8 142 155.7 153.5 158 159.4 159.7 169.9 176.6 179.1 189.4 191.8 183 202.3 200.6 207.2 213.9 226.3 221.6 226.2 225.1 230.8 223.2 233.5 229.4 228.7 232.4
-9999 -9999 -9999 -9999 -9999 -9999 -9999 -9999 -9999 -9999 -9999 -9999 -9999 -9999 -9999 -9999 -9999 -9999 -9999 -9999 -9999 -9999 -9999 -9999 -9999 -9999 -9999 -9999 112.4 113.7 120.6 127 130.2 123.8 128.2 126.3 136.6 119.3 127.8 121.6 129.4 128.8 -9999 -9999 -9999 -9999 142 137.8 140.6 148 146.9 149.2 143.3 155.8 154 168 166 171.4 178.2 175 173.4 184.6 194 184.4 202.5 199.3 218.4 211.7 223 232.9 230.8 230.6 226.2 233.7 239.8 229.4 231 245.6
-9999 -9999 -9999 -9999 -9999 -9999 -9999 -9999 -9999 -9999 -9999 -9999 -9999 -9999 -9999 -9999 -9999 -9999 -9999 -9999 -9999 -9999 -9999 -9999 -9999 -9999 -9999 108.1 110.1 117.3 119.9 124.9 129.7 129 129.6 123.3 127.3 132.7 127.5 124.2 128.6 132.8 139.2 -9999 -9999 -9999 143.9 152.5 145.2 147.3 155 155.7 156.9 162.4 161.8 163.3 170.1 167.2 173.6 171.7 182.9 187.7 179.2 190.9 199.9 199.9 210.2 223.5 222.4 224.1 235.6 235.4 237.7 229 239.3 243 234.8 243.4
-9999 -9999 -9999 -9999 -9999 -9999 -9999 -9999 -9999 -9999 -9999 -9999 -9999 -9999 -9999 -9999 -9999 -9999 -9999 -9999 -9999 -9999 -9999 -9999 -9999 -9999 103.5 112.8 121.6 122.4 122.6 128.5 132.7 132.2 127.6 131.2 134 130.5 136.1 133.3 131.2 136.1 140.1 133.3 138.5 154.6 152.4 150.5 150.8 155.5 156.6 156.1 159 162.1 166.3 164.4 168.2 169.6 183.1 172.1 189.8 190.3 194.1 206.8 197.2 198.1 210.4 223.2 221.1 239.4 232.5 231.5 242.5 237.8 232.4 237 238.7 241.3
-9999 -9999 -9999 -9999 -9999 -9999 -9999 -9999 -9999 -9999 -9999 -9999 -9999 -9999 -9999 -9999 -9999 -9999 -9999 -9999 -9999 -9999 -9999 -9999 -9999 -9999 -9999 115.8 124.2 127.5 128.2 127.6 133.5 131.9 135.1 135.6 136.9 129.7 125.6 131.7 131.7 139.1 138.7 142.5 149.2 147.7 148.7 153.5 148.8 155.3 154.9 159.4 159.6 162.2 168.8 168.2 167.1 183.2 181.1 181.9 181.9 180.4 189.1 193 200.3 206.7 209.5 221 225.7 229.9 240.9 234.8 241 243.7 241 248.7 242.8 246.4
-9999 -9999 -9999 -9999 -9999 -9999 -9999 -9999 -9999 -9999 -9999 -9999 -9999 -9999 -9999 -9999 -9999 -9999 -9999 -9999 -9999 -9999 -9999 -9999 -9999 -9999 -9999 116.1 113.5 132.8 129.4 133.4 134.6 136.9 134.5 143.4 132.1 135.6 134.5 134 134.5 137.2 141.7 150.1 141 157.6 153.8 155 158.1 148.5 159.8 151.2 168.4 158.7 180.3 172.4 169.6 176.2 179.5 179.4 189.7 187.1 195 194.6 208.3 211.7 206.4 215.3 219.8 235.9 232.3 246.2 243 248.7 243.8 241.6 251.3 240.6
-9999 -9999 -9999 -9999 -9999 -9999 -9999 -9999 -9999 -9999 -9999 -9999 -9999 -9999 -9999 -9999 -9999 -9999 -9999 -9999 -9999 -9999 -9999 -9999 -9999 -9999 -9999 -9999 123 123 134.7 129 136.7 139 134.6 135.3 138.2 136.4 134.5 133.5 134.5 144.1 148.1 150.1 150.5 157.9 156.4 158.3 154.7 161.6 159.1 161.2 171.9 164.5 174 173.6 171.9 169.8 183.2 185.8 186.3 198 191.3 206.3 209 201.5 213.8 218.1 227.2 237.8 233.3 244.3 245.2 247.1 246.6 248.4 248.3 250
-9999 -9999 -9999 -9999 -9999 -9999 -9999 -9999 -9999 -9999 -9999 -9999 -9999 -9999 -9999 -9999 -9999 -9999 -9999 -9999 -9999 -9999 -9999 -9999 -9999 -9999 -9999 -9999 122.3 130.6 130.8 140.6 134.6 137.5 132.8 139.6 138 137.2 136.4 139.3 145.2 138.2 148.9 143.9 153.2 153.5 158.4 159.4 158.9 158 163.3 166.2 164.7 169.4 181.2 173.5 174.7 175 180.9 194.4 190.6 190 193.2 198.7 206.5 215.5 213.8 228.2 238.8 231 246 238.8 250.9 254.9 253.7 251.2 257.3 255.6
-9999 -9999 -9999 -9999 -9999 -9999 -9999 -9999 -9999 -9999 -9999 -9999 -9999 -9999 -9999 -9999 -9999 -9999 -9999 -9999 -9999 -9999 -9999 -9999 -9999 -9999 -9999 -9999 125.3 125.3 137.3 136.2 136.6 137.3 139.2 133.1 138.9 145 148.4 138.9 151.9 143 151.3 151.5 156.8 158.7 157.7 155.5 161.4 158.6 171.1 164.6 169.1 177.6 170.7 169 176.3 180.9 180.8 192 192.3 196.9 192.5 203 200.7 212.1 209.5 217.1 224.6 242.8 244.4 241.2 247.1 246.8 254 260.7 254.8 258.7
-9999 -9999 -9999 -9999 -9999 -9999 -9999 -9999 -9999 -9999 -9999 -9999 -9999 -9999 -9999 -9999 -9999 -9999 -9999 -9999 -9999 -9999 -9999 -9999 -9999 -9999 -9999 -9999 124 129.2 130.9 139.5 141.2 139.3 138.2 147.7 142.5 138.2 142.8 145.7 142.9 148.8 151 154.2 151.3 152.1 157.1 149.6 160.1 157.1 168.1 166.5 164.9 171.4 172.3 173.3 183.5 183 188.7 188.4 196.9 195.4 195.8 211.9 216.4 212.6 216.8 219.6 237.7 241.9 233.7 231 251.2 251.9 255.7 262.8 255.8 262.9
-9999 -9999 -9999 -9999 -9999 -9999 -9999 -9999 -9999 -9999 -9999 -9999 -9999 -9999 -9999 -9999 -9999 -9999 -9999 -9999 -9999 -9999 -9999 -9999 -9999 -9999 -9999 -9999 123.8 132.5 141 138.5 149.1 147.7 141.3 143.1 146 154.4 149.4 146.8 147.8 147.2 158 160.6 153.9 158.1 163 158.4 164.7 160.8 166 168.7 175 169.6 172.1 180.5 182.1 183.8 185.9 183.8 198.1 188.2 205.9 210.4 218.5 219.2 221.7 225.4 229.6 236.8 249.4 248.8 257 249.5 269.7 259.9 275.7 271.1
-9999 -9999 -9999 -9999 -9999 -9999 -9999 -9999 -9999 -9999 -9999 -9999 -9999 -9999 -9999 -9999 -9999 -9999 -9999 -9999 -9999 -9999 -9999 -9999 -9999 -9999 -9999 -9999 132.5 135.7 141.1 134.7 150.8 140.7 151.3 146.6 163.1 154 154.4 144.2 149.7 151.9 151.3 154.6 151.5 165.7 164.2 156.6 164.1 164.2 170.3 171.4 167.6 175.1 181.7 179.3 186.4 184.6 193.8 186.4 199.5 194.4 199.7 202.7 214.6 217.1 227.8 233.3 241.5 242.5 242.1 244 254 242.9 261.2 265.4 275.6 278.8
-9999 -9999 -9999 -9999 -9999 -9999 -9999 -9999 -9999 -9999 -9999 -9999 -9999 -9999 -9999 -9999 -9999 -9999 -9999 -9999 -9999 -9999 -9999 -9999 119 116.6 -9999 -9999 129.6 127.5 142.1 139.3 146.4 139.8 144.2 155.4 148.9 157.9 154.8 152.7 150.8 149.5 154.8 155 159.9 166.7 166.2 160.3 165.6 170 168.9 170 174.7 185.6 176.9 178.4 187.2 188.6 188.7 194.3 196.3 201.6 210.3 213.2 214.5 215.8 217 215.5 231.3 241 247 251.9 248.8 261.4 256 272.7 282 280.9
-9999 -9999 -9999 -9999 -9999 -9999 -9999 -9999 -9999 -9999 -9999 -9999 -9999 -9999 -9999 -9999 -9999 -9999 -9999 -9999 -9999 -9999 -9999 113.6 114.3 117.7 120.8 128.4 132.8 135.4 137.5 150.2 142.5 144.5 151.2 155.4 157.4 156.7 148.3 148.2 153.9 157.7 157.1 158.3 158.8 158 160.7 164.4 170.9 167.9 170.7 172.3 173.6 175.7 178.9 188.3 187.6 192.1 190.1 195.8 203.7 200.8 197.6 208.5 213.8 230.5 224.6 236.4 226.3 235.5 248.6 244.1 253.9 263.2 260.1 270.7 284.5 284.7
-9999 -9999 -9999 -9999 -9999 -9999 -9999 -9999 -9999 -9999 -9999 -9999 -9999 -9999 -9999 -9999 -9999 -9999 -9999 -9999 -9999 -9999 -9999 118 118.9 125 127.5 132.5 129 134.1 133.2 141.2 153 146.4 152.3 153.1 145.9 153.9 153.1 157 151.8 157.1 157.8 152.5 161 159.2 164.1 163.2 163.6 173.6 169.6 169 163.7 183.1 180 181.4 198.1 194.1 186.5 192.4 206 209.5 207.4 215.4 220 217.1 230.5 234.2 247.1 248.8 249.7 250.2 256.8 258.3 271.2 267.9 281.6 300.9
-9999 -9999 -9999 -9999 -9999 -9999 -9999 -9999 -9999 -9999 -9999 -9999 -9999 -9999 -9999 -9999 -9999 -9999 -9999 -9999 -9999 -9999 -9999 -9999 125.7 121 125.9 130.2 138.9 132.7 142.4 147.1 144.6 146.5 143.3 153.6 151.6 156.5 152.9 153.8 152 156.2 156.3 162.4 166.5 167.5 168.6 174 161.1 169.7 171.5 184.3 177.8 177.6 182.3 184.6 181.5 191.2 196.9 196.6 202 202 211.6 214.5 222.9 224.9 233 230.7 234.1 248.3 253.7 254.6 259.3 275.4 271.6 285 294.5 293.1
-9999 -9999 -9999 -9999 -9999 -9999 -9999 -9999 -9999 -9999 -9999 -9999 -9999 -9999 -9999 -9999 -9999 -9999 -9999 -9999 -9999 -9999 -9999 -9999 -9999 126.1 127.2 137.3 141.2 137.4 148.6 144.5 149.5 155.2 151.2 157.5 158 147.1 149 152.1 150.2 154.8 167.3 165.2 169.9 179.4 169.5 176.1 168.9 175 179.4 185.4 178.3 179.6 180.3 193.8 194.4 190.2 192.9 203.7 197.4 207.6 214.6 211.8 220.3 222.5 233.7 233.7 235.5 248.4 248.6 265.5 265.6 260.9 280.5 286.3 292.3 296.6
-9999 -9999 -9999 -9999 -9999 -9999 -9999 -9999 -9999 -9999 -9999 -9999 -9999 -9999 -9999 -9999 -9999 -9999 -9999 -9999 -9999 -9999 -9999 -9999 124.2 129.3 129.1 139.9 138.1 141.5 142.8 147.9 145.5 156 154.2 164.2 154.5 153.5 158.8 155.8 160.2 160 161.7 163.8 181.1 176 167.1 175.9 173.7 176.4 174.6 170.5 172.6 175.3 177.9 189.3 186.8 195.3 188.5 206.2 204.1 201 208.3 218.2 219.1 219.1 231 229.2 247.9 250.3 253.1 263.2 273.2 272.3 285.2 294 299.9 309.4
-9999 -9999 -9999 -9999 -9999 -9999 -9999 -9999 -9999 -9999 -9999 -9999 -9999 -9999 -9999 -9999 -9999 -9999 -9999 -9999 -9999 -9999 -9999 -9999 125.8 126.8 140.7 140 141.8 145.2 146.2 154.6 153.3 145.6 152.7 155 155.6 157.8 162.2 163.8 159.2 154.9 170.9 171.1 176.9 174.3 182.4 178 177.3 173.5 182.7 175 173.8 183.5 182.6 186.4 185 193.3 201.1 193.1 198.8 210 223.5 219.9 217.6 233.6 239.1 236 238.1 256.6 253.7 268.9 268.8 271 279.9 291.6 301.1 322.3
-9999 -9999 -9999 -9999 -9999 -9999 -9999 -9999 -9999 -9999 -9999 -9999 -9999 -9999 -9999 -9999 -9999 -9999 -9999 -9999 -9999 -9999 -9999 -9999 127.6 134.7 132.9 141.1 147.7 143.6 156.3 154 153.9 154.9 158.7 160.4 163.3 163.1 165.9 163.1 156.7 163.2 162.8 167.6 179.5 175.9 175 169.9 179.3 174.2 173.6 170.1 178.5 183.7 181.3 184.2 182.1 194.1 196.4 198.7 199.2 208.7 218.5 217.8 225.5 243.1 244.8 247.6 247.9 266.1 261.7 274.1 284.6 286 291.7 294.1 308.4 312.2
-9999 -9999 -9999 -9999 -9999 -9999 -9999 -9999 -9999 -9999 -9999 -9999 -9999 -9999 -9999 -9999 -9999 -9999 -9999 -9999 -9999 -9999 -9999 -9999 132.6 134 135.9 138.2 146.9 149.4 151 150.4 155 163.8 158 159.6 160.1 155.4 160.7 164.7 161.3 164.9 169.1 167.8 174.4 171.8 171.4 173.9 176.4 181.1 180.1 170.9 184.2 183.6 187.6 176.9 188 195.4 195.8 203.6 202.6 208.2 221.4 226.4 230.2 234.8 251.1 252 265.4 267.4 276.4 269.4 276.8 282.7 287.4 284.3 302.7 313.8
-9999 -9999 -9999 -9999 -9999 -9999 -9999 -9999 -9999 -9999 -9999 -9999 -9999 -9999 -9999 -9999 -9999 -9999 -9999 -9999 -9999 -9999 -9999 127.4 132.7 133.1 141.7 148.4 144.2 149.3 152.7 157.8 158 161.5 160.4 163.8 159.8 160.6 168.2 161.7 167.4 165 167 170.3 174.5 180.4 160.8 173.6 172.6 179.8 181 185.5 178 182.1 182.4 186.6 184.6 201.4 190.7 200.6 195 208.3 221.2 218.5 229.6 239.9 249.5 258.2 279.2 273.8 276.3 282.7 279.8 293.3 284.9 301.4 305.2 314.2
-9999 -9999 -9999 -9999 -9999 -9999 -9999 -9999 -9999 -9999 -9999 -9999 -9999 -9999 -9999 -9999 -9999 -9999 -9999 -9999 -9999 -9999 130.8 134.2 133.8 143.2 145.1 146.8 139.8 154 161.3 158.9 160.7 156.1 167.3 157.6 164.2 153.1 160 160.4 157.7 168.4 165.4 170.7 170.6 171.3 180.3 175 183.7 175.6 174.8 181.4 185.8 179.4 181 187.2 185.7 193.2 190.8 189.8 202.3 204.7 209.1 215.5 231.9 248.1 248.9 262.4 266.7 280.5 271.2 278.5 275.1 288.7 293.9 298 301.1 320
-9999 -9999 -9999 -9999 -9999 -9999 -9999 -9999 -9999 -9999 -9999 -9999 -9999 -9999 -9999 -9999 -9999 -9999 -9999 -9999 -9999 125.2 126.5 136.9 138.5 141.5 146.2 155.7 146 157 159.8 165.2 168.2 166.3 163.6 162.7 169.5 166.5 166.2 167 167.9 164.3 166 176.3 177.1 173.1 172.8 175.5 172.5 175.2 176.8 190.3 178.9 181.8 185 180.9 188.6 191.8 196.8 200.4 203.8 202.7 214.3 218.2 229.5 233.1 247.6 255.2 265.6 274 270.3 271.9 270.6 272.9 280.9 290.8 292.9 315.8
-9999 -9999 -9999 -9999 -9999 -9999 -9999 -9999 -9999 -9999 -9999 -9999 -9999 -9999 -9999 -9999 -9999 -9999 -9999 -9999 -9999 126.6 131.3 134.9 138.2 148.4 149.9 150.1 156.8 164.2 168.7 166.6 162.8 169.6 168.3 162.6 163.1 166.9 161.4 169.7 165.8 164.6 164 172.7 166 173.9 175.6 177.8 170.9 174.7 174.5 189.8 184.7 174.3 178.6 174.7 183.2 185.8 196.3 196.1 196.6 210.4 208.4 214.2 218.3 221 232.5 243.8 251.1 272.7 261.8 266.4 278.5 274.9 279.2 289.8 299.9 292.5
-9999 -9999 -9999 -9999 -9999 -9999 -9999 -9999 -9999 -9999 -9999 -9999 -9999 -9999 -9999 -9999 -9999 -9999 -9999 -9999 -9999 140.3 138 142.6 149.1 158.3 153.8 152.1 158.4 168.3 171.4 173.8 165.3 174.2 170.8 163.4 164.2 161.8 172.6 169.6 173.4 175 172.8 170.9 173.2 169.6 173.9 174.8 170.7 177.1 177.9 186.3 178.3 180.8 185.7 187.3 187.1 187.4 187.3 190.5 194.7 202.2 204.5 206.8 223.8 222.1 228.8 237.6 244.2 252.3 247.9 259.3 257.2 270.3 266.5 271.2 279.2 300.7
-9999 -9999 -9999 -9999 -9999 -9999 -9999 -9999 -9999 -9999 -9999 -9999 -9999 -9999 -9999 -9999 -9999 -9999 -9999 136.5 134.8 145.5 142.5 151 147 156.5 166.2 165.2 169 163.3 166.6 170.9 172.1 175.4 174.7 168.5 166.2 173.7 174.7 173.5 175.3 174.7 170.4 172.1 178.8 174.9 175.6 173.2 182.1 182 191.7 186 174.5 187.7 179.1 188.7 184.2 190.7 187.4 185.1 192.4 202.2 206.6 207.6 212.1 211.9 228.1 238.4 237.1 237 247.7 257 266.1 270.8 264.9 272.7 278.9 274.8
-9999 -9999 -9999 -9999 -9999 -9999 -9999 -9999 -9999 -9999 -9999 -9999 -9999 -9999 -9999 -9999 -9999 -9999 135.5 139.2 142.8 146.2 139.5 154.1 158 161.2 157.6 168.4 163.8 168.7 171.6 168.1 163.3 166.9 166.7 170.4 168.3 170 176.7 167.7 170.6 177.6 178.4 176.6 169.1 178.3 190.7 172.1 177.7 180.7 180.7 176.5 178.6 175.7 182.5 189.3 187 190.8 185 196.7 193.6 202.4 192.1 209.9 211.4 217 223.7 229.1 226.3 238.4 242.4 252.2 256.3 257 263.5 260 273.3 279.6
-9999 -9999 -9999 -9999 -9999 -9999 -9999 -9999 -9999 -9999 -9999 -9999 114 116.8 122.4 128.2 131.1 139.8 141.6 137.4 143.9 146.3 160.9 152.8 157.4 165.6 164.7 160.6 168.6 167.1 173.3 167.5 179.6 169.7 162.5 173.7 171.9 169 162.7 170.9 166.1 173 172.3 177.9 171.8 179.8 170.9 179.7 177.6 185 176 185.7 178.1 185.3 185.2 187.1 188 186.2 184.8 190.8 187.4 194.4 205.8 201.2 211.9 210.1 220.2 224.9 229.7 238.9 238.9 241.4 252.2 257.1 257.9 254 259 266.1
-9999 -9999 -9999 -9999 -9999 -9999 -9999 -9999 103 109.8 116.7 117.8 124.4 123.4 127.7 134.4 138.1 145.2 143.9 142.7 154.4 154.7 157.9 157.4 157.9 167.7 164.1 164.7 163.6 171.5 167.2 165.8 170.2 171.1 168.8 172.1 169.8 164.6 172.9 177.2 168.3 165.4 176 171.9 178.1 177.8 177.3 171.6 185.8 174.1 177.6 178 178.9 184.9 188 186.5 182.4 182.6 194 180.1 192.8 201 196.1 203.7 206.9 211.5 209.3 207.2 223.3 229.1 234.7 241.9 240.9 251.2 246.8 251 250.7 256.6
