Data/GIS/Movement/bfa-mvmt-travel-stock.asc
ncols         173
nrows         126
xllcorner     224227.65281
yllcorner     1039207.04677
cellsize      5000
NODATA_value  -9999
[rows 0 to 34 of 126, columns 80 to 159 of 173]
-9999 -9999 -9999 -9999 -9999 -9999 -9999 -9999 -9999 -9999 -9999 -9999 -9999 -9999 -9999 -9999 -9999 -9999 -9999 -9999 -9999 -9999 -9999 -9999 36.8 33.9 35.6 38.6 41 39.7 -9999 -9999 -9999 35 35 -9999 -9999 -9999 -9999 -9999 -9999 -9999 -9999 -9999 -9999 -9999 -9999 -9999 -9999 -9999 -9999 -9999 -9999 -9999 -9999 -9999 -9999 -9999 -9999 -9999 -9999 -9999 -9999 -9999 -9999 -9999 -9999 -9999 -9999 -9999 -9999 -9999 -9999 -9999 -9999 -9999 -9999 -9999 -9999 -9999
-9999 -9999 -9999 -9999 -9999 -9999 -9999 -9999 -9999 -9999 -9999 -9999 -9999 -9999 -9999 -9999 -9999 -9999 -9999 -9999 -9999 -9999 29.2 34.2 37.2 44.3 40.8 39.2 42.9 44.4 44.7 -9999 42 47.1 48.3 48.5 50.7 53.1 -9999 -9999 -9999 -9999 -9999 -9999 -9999 -9999 -9999 -9999 -9999 -9999 -9999 -9999 -9999 -9999 -9999 -9999 -9999 -9999 -9999 -9999 -9999 -9999 -9999 -9999 -9999 -9999 -9999 -9999 -9999 -9999 -9999 -9999 -9999 -9999 -9999 -9999 -9999 -9999 -9999 -9999
-9999 -9999 -9999 -9999 -9999 -9999 -9999 -9999 -9999 -9999 -9999 -9999 -9999 -9999 -9999 -9999 -9999 -9999 -9999 -9999 -9999 28.7 31.8 34.3 33.8 42.1 43.5 40 40.4 48.7 41.6 45.3 47.5 45.7 51.6 55.4 59 60.9 63.2 64.6 62.8 81.7 57.2 35.6 31.3 -9999 -9999 -9999 -9999 -9999 -9999 -9999 -9999 -9999 -9999 -9999 -9999 -9999 -9999 -9999 -9999 -9999 -9999 -9999 -9999 -9999 -9999 -9999 -9999 -9999 -9999 -9999 -9999 -9999 -9999 -9999 -9999 -9999 -9999 -9999
-9999 -9999 -9999 -9999 -9999 -9999 -9999 -9999 -9999 -9999 -9999 -9999 -9999 -9999 -9999 -9999 -9999 -9999 -9999 -9999 25.7 29 34.8 32.1 33.4 41.2 47.9 47.4 50.4 50.7 44.4 41.4 38.3 39.8 48.5 54.3 63.9 63.1 64.5 64.5 81.3 85.3 60.9 45 38.4 -9999 -9999 -9999 -9999 -9999 -9999 -9999 -9999 -9999 -9999 -9999 -9999 -9999 -9999 -9999 -9999 -9999 -9999 -9999 -9999 -9999 -9999 -9999 -9999 -9999 -9999 -9999 -9999 -9999 -9999 -9999 -9999 -9999 -9999 -9999
-9999 -9999 -9999 -9999 -9999 -9999 -9999 -9999 -9999 -9999 -9999 -9999 -9999 -9999 -9999 -9999 -9999 -9999 -9999 29.6 29.2 35 31.4 29.7 34.3 37 44.5 53 54.4 55.1 46.9 41.5 37.5 40.8 44.6 50.4 67.5 61.8 55.7 57.3 71.9 77.9 60.5 53.5 -9999 -9999 -9999 -9999 -9999 -9999 -9999 -9999 -9999 -9999 -9999 -9999 -9999 -9999 -9999 -9999 -9999 -9999 -9999 -9999 -9999 -9999 -9999 -9999 -9999 -9999 -9999 -9999 -9999 -9999 -9999 -9999 -9999 -9999 -9999 -9999
-9999 -9999 -9999 -9999 -9999 -9999 -9999 -9999 -9999 -9999 -9999 -9999 -9999 -9999 -9999 -9999 -9999 -9999 26.9 30.1 36.4 39.1 40.8 37.4 41 39.7 48 47.1 52.8 61.3 56.9 54.2 47 42.8 46.3 49.8 72.4 66.7 51 61.9 81.4 87.8 57.9 43.6 -9999 -9999 -9999 -9999 -9999 -9999 -9999 -9999 -9999 -9999 -9999 -9999 -9999 -9999 -9999 -9999 -9999 -9999 -9999 -9999 -9999 -9999 -9999 -9999 -9999 -9999 -9999 -9999 -9999 -9999 -9999 -9999 -9999 -9999 -9999 -9999
-9999 -9999 -9999 -9999 -9999 -9999 -9999 -9999 -9999 -9999 -9999 -9999 -9999 -9999 -9999 -9999 25.5 28.9 28.8 35.8 39.1 48.6 52.5 47.7 47.8 50.8 52.1 51.6 57.9 70.4 65.5 60.7 52.5 53.4 58.5 61.8 73.1 77.1 62.4 67.7 92.2 92.8 68.4 48.6 39.8 -9999 -9999 -9999 -9999 -9999 -9999 -9999 -9999 -9999 -9999 -9999 -9999 -9999 -9999 -9999 -9999 -9999 -9999 -9999 -9999 -9999 -9999 -9999 -9999 -9999 -9999 -9999 -9999 -9999 -9999 -9999 -9999 -9999 -9999 -9999
-9999 -9999 -9999 -9999 -9999 -9999 -9999 -9999 -9999 -9999 -9999 -9999 -9999 34.5 30 26.8 29.5 29 34.9 38.8 44.9 55 61.1 58.1 53.8 61.5 61.4 62.7 64.5 74.1 73.8 69.6 59.7 64.3 75.2 73.2 87.8 85.4 61.4 74.3 105.9 87.8 65.3 55.2 51.9 -9999 -9999 -9999 -9999 -9999 -9999 -9999 -9999 -9999 -9999 -9999 -9999 -9999 -9999 -9999 -9999 -9999 -9999 -9999 -9999 -9999 -9999 -9999 -9999 -9999 -9999 -9999 -9999 -9999 -9999 -9999 -9999 -9999 -9999 -9999
-9999 -9999 -9999 -9999 -9999 -9999 -9999 -9999 -9999 -9999 -9999 47.9 38.5 37.6 32 32.8 33.9 29.9 35.7 44.2 56.1 67.8 62.6 58.6 64.5 70.1 73 70.7 79.9 86.5 86.8 72.4 63.7 71.5 81.3 74.4 93.8 90.5 71.6 76.8 111.5 100.9 86.9 78.2 68 -9999 -9999 -9999 -9999 -9999 -9999 -9999 -9999 -9999 -9999 -9999 -9999 -9999 -9999 -9999 -9999 -9999 -9999 -9999 -9999 -9999 -9999 -9999 -9999 -9999 -9999 -9999 -9999 -9999 -9999 -9999 -9999 -9999 -9999 -9999
-9999 -9999 -9999 -9999 -9999 -9999 -9999 -9999 -9999 68.3 59.5 49 44.9 38.3 33.8 36.7 38.7 41 47.1 48 65.1 68.5 67.9 75.4 77 78.7 70.7 72.6 78 83.9 91.6 94.8 78.7 85.5 87.7 81.3 104.9 93.2 81.7 97.4 126.9 113.5 101.2 102.1 -9999 -9999 -9999 -9999 -9999 -9999 -9999 -9999 -9999 -9999 -9999 -9999 -9999 -9999 -9999 -9999 -9999 -9999 -9999 -9999 -9999 -9999 -9999 -9999 -9999 -9999 -9999 -9999 -9999 -9999 -9999 -9999 -9999 -9999 -9999 -9999
-9999 -9999 -9999 -9999 -9999 -9999 -9999 -9999 59.3 73.5 67.3 51 45.3 37 38 45.7 48.5 48.6 57.9 49.4 55.5 55.8 58.2 74.3 86.1 76.1 62.6 65.4 81.5 76.3 87.5 100.4 100.4 98.8 85.1 83.8 111.4 108.3 111.9 126.8 108.6 89.9 70.6 67.7 -9999 -9999 -9999 -9999 -9999 -9999 -9999 -9999 -9999 -9999 -9999 -9999 -9999 -9999 -9999 -9999 -9999 -9999 -9999 -9999 -9999 -9999 -9999 -9999 -9999 -9999 -9999 -9999 -9999 -9999 -9999 -9999 -9999 -9999 -9999 -9999
-9999 -9999 -9999 -9999 -9999 -9999 47.2 51.1 62.5 77.2 67 52.9 42.7 38.9 44.1 54.9 58 68 66.5 62 54.4 60.2 70.1 77.1 95.6 84.4 63.6 61.1 65.8 72.3 80.3 96.2 117.9 97.5 109.1 97.1 125.9 130 147.3 126.1 90.6 70.3 57.1 51.3 -9999 -9999 -9999 -9999 -9999 -9999 -9999 -9999 -9999 -9999 -9999 -9999 -9999 -9999 -9999 -9999 -9999 -9999 -9999 -9999 -9999 -9999 -9999 -9999 -9999 -9999 -9999 -9999 -9999 -9999 -9999 -9999 -9999 -9999 -9999 -9999
-9999 -9999 -9999 -9999 65.1 50.2 51.6 58.9 74 82.5 65 52.8 45.9 53.1 58.9 59.3 64.9 88.5 96.8 81.5 64 72 74.8 105.8 108.3 94.1 78.3 62.7 62.6 66.7 66.6 77.5 100 131.2 154.7 138.6 157.3 152.2 146.5 128.6 94.5 67.5 53.7 59.7 -9999 -9999 -9999 -9999 -9999 -9999 -9999 -9999 -9999 -9999 -9999 -9999 -9999 -9999 -9999 -9999 -9999 -9999 -9999 -9999 -9999 -9999 -9999 -9999 -9999 -9999 -9999 -9999 -9999 -9999 -9999 -9999 -9999 -9999 -9999 -9999
94.4 -9999 77.8 72.3 66.4 59.1 68.4 76.5 84.2 81.4 64.6 53.8 59.2 66.8 76.9 74.3 74 93.2 115.1 103.3 96.3 103.5 113.2 120.3 130.8 116.5 93.1 74.6 68.4 73.5 78.1 79.6 97.1 115.2 159.2 180.1 154.2 130.1 117.4 119.3 94.5 81.3 77 87.1 -9999 -9999 -9999 -9999 -9999 -9999 -9999 -9999 -9999 -9999 -9999 -9999 -9999 -9999 -9999 -9999 -9999 -9999 -9999 -9999 -9999 -9999 -9999 -9999 -9999 -9999 -9999 -9999 -9999 -9999 -9999 -9999 -9999 -9999 -9999 -9999
101.7 79.3 78.8 81.1 70.6 78.1 85.4 87.8 97.3 100.3 76.5 69.7 77.3 91 91.1 96.5 87.7 108.5 131.7 116.7 113.9 97.2 96.3 140.2 142.9 116.2 94.4 77.4 78.1 99.1 107.6 110.5 126.4 162.2 170.8 183.7 160.5 122.9 103.7 125.1 104.7 108.2 101.1 108.8 136.6 -9999 -9999 -9999 -9999 -9999 -9999 -9999 -9999 -9999 -9999 -9999 -9999 -9999 -9999 -9999 -9999 -9999 -9999 -9999 -9999 -9999 -9999 -9999 -9999 -9999 -9999 -9999 -9999 -9999 -9999 -9999 -9999 -9999 -9999 -9999
138.2 93.4 99.7 86 68.8 79.8 89.1 102.2 109.2 103.1 82.3 85.4 99.3 98.5 84.9 84.3 107.1 124.4 143.3 134.6 134.6 105 98.4 164.6 144.8 103.9 105 110.3 107.9 124.2 152 174 170.7 144.2 121.5 132.6 177.8 175.3 156.9 149.6 138.3 133.5 133.6 152.5 171 143.8 -9999 -9999 -9999 -9999 -9999 -9999 -9999 -9999 -9999 -9999 -9999 -9999 -9999 -9999 -9999 -9999 -9999 -9999 -9999 -9999 -9999 -9999 -9999 -9999 -9999 -9999 -9999 -9999 -9999 -9999 -9999 -9999 -9999 -9999
158.6 96.3 100.1 104.4 86.9 75.7 80.6 115.2 124.5 103.2 97.3 111.9 118.5 106.8 85.9 84.5 119.2 137.1 169.5 168.9 176.3 138.6 127.9 172.8 210.5 163.8 167.6 168.9 187.9 181.1 183 160.7 107.1 93.7 86.1 95.5 125.4 197.2 147 144.5 107.5 130.4 137.4 172 135.9 108.5 108.4 -9999 -9999 -9999 -9999 -9999 -9999 -9999 -9999 -9999 -9999 -9999 -9999 -9999 -9999 -9999 -9999 -9999 -9999 -9999 -9999 -9999 -9999 -9999 -9999 -9999 -9999 -9999 -9999 -9999 -9999 -9999 -9999 -9999
176.1 120.1 112.8 128.8 120.5 92.1 101.3 115.3 148.4 129 129.3 127.3 115.2 98.9 77.7 82 119.7 152.8 141.7 209 201.3 195.3 250.3 264.7 225.4 196.9 183.5 160 147.9 142 134.5 114.6 89.2 75.6 68.7 80.1 114.9 187.6 202.8 155.3 115.4 147.3 165.8 178 108.6 81.2 70 75.5 -9999 -9999 -9999 -9999 -9999 -9999 -9999 -9999 -9999 -9999 -9999 -9999 -9999 -9999 -9999 -9999 -9999 -9999 -9999 -9999 -9999 -9999 -9999 -9999 -9999 -9999 -9999 -9999 -9999 -9999 -9999 -9999
208.3 123.5 106.6 144.6 169.6 123.2 134 149 171.3 123.5 146.3 113.5 95.7 89.4 79.6 88.2 124.7 171 124.7 173.4 255.4 373.7 260.2 160.2 135.9 114.5 117.4 105 110.2 101 92.5 87.6 75.4 66.8 62.7 75.2 103.5 142.6 252.4 147.6 132.8 211.1 202 130.3 91.2 74.8 60.8 55.6 -9999 -9999 -9999 -9999 -9999 -9999 -9999 -9999 -9999 -9999 -9999 -9999 -9999 -9999 -9999 -9999 -9999 -9999 -9999 -9999 -9999 -9999 -9999 -9999 -9999 -9999 -9999 -9999 -9999 -9999 -9999 -9999
232.2 136 107.1 141.4 208.4 181.5 215.7 168.7 146.5 130.9 170.2 115.3 125.6 111.3 103.3 112.2 143.4 227.1 181.9 228 343.7 336.3 369.3 276.6 200.5 157.3 125.8 104.1 92 93.1 74 72 71 74 78.5 81.2 98 126.8 238.8 180.8 182.4 200.1 145 97.5 85.4 60.7 59 56 -9999 -9999 -9999 -9999 -9999 -9999 -9999 -9999 -9999 -9999 -9999 -9999 -9999 -9999 -9999 -9999 -9999 -9999 -9999 -9999 -9999 -9999 -9999 -9999 -9999 -9999 -9999 -9999 -9999 -9999 -9999 -9999
234.3 225.1 152.1 156.6 253.3 281.4 212.7 134.3 112.5 159.8 193 124.9 169.8 139.3 149.4 188.5 222.7 248.9 252.9 214.5 183.2 210 163 207.2 237.7 251.7 206.8 147.8 121.6 101.1 81.6 81.2 88 88.9 94.9 112 116.6 132.4 234.6 210.5 261.4 163.2 100.8 87.4 75 64.3 66.3 65.8 -9999 -9999 -9999 -9999 -9999 -9999 -9999 -9999 -9999 -9999 -9999 -9999 -9999 -9999 -9999 -9999 -9999 -9999 -9999 -9999 -9999 -9999 -9999 -9999 -9999 -9999 -9999 -9999 -9999 -9999 -9999 -9999
164.3 268.4 258.4 283.9 312.4 429.9 227.4 165.2 159.2 192.7 235.5 176 202.3 207.3 230.9 201.9 166.6 150.8 146.9 133.6 131.2 181.7 146.9 173.8 175.7 172.4 222.2 238.9 179.4 121.6 96.8 101.6 116.8 145.6 139.1 176.7 237.7 183.7 255.7 265 288.7 147.7 140.3 124.4 101.4 90.9 85.5 92.5 -9999 -9999 -9999 -9999 -9999 -9999 -9999 -9999 -9999 -9999 -9999 -9999 -9999 -9999 -9999 -9999 -9999 -9999 -9999 -9999 -9999 -9999 -9999 -9999 -9999 -9999 -9999 -9999 -9999 -9999 -9999 -9999
116.4 151.8 217.9 270.9 458.6 365.2 318 322.9 308.1 267.2 220.4 219 221.1 187.1 157.7 131.5 108.9 108.9 106.1 93.4 116 162.2 124.1 148.9 149 117.9 142.7 195.8 223.4 159.1 143.9 126 156.7 205.5 213.4 269.8 258 289.6 325 405.4 253.9 207.7 253 213 167 141.6 137.5 140.9 -9999 -9999 -9999 -9999 -9999 -9999 -9999 -9999 -9999 -9999 -9999 -9999 -9999 -9999 -9999 -9999 -9999 -9999 -9999 -9999 -9999 -9999 -9999 -9999 -9999 -9999 -9999 -9999 -9999 -9999 -9999 -9999
137.3 168.5 251 362.4 315.2 212.5 240 202.2 229.2 216.9 154.8 146.7 178.8 127.9 113.2 100.8 85.4 80.6 90 106.4 120 151.9 132.1 138.8 128.4 109 143.1 165.2 168.5 194.3 204.2 217 216.4 224.3 182.5 166.4 154.7 141.7 224.2 435.4 494.5 344.5 233.9 208.4 175 203.9 205.3 160.5 152.7 -9999 -9999 -9999 -9999 -9999 -9999 -9999 -9999 -9999 -9999 -9999 -9999 -9999 -9999 -9999 -9999 -9999 -9999 -9999 -9999 -9999 -9999 -9999 -9999 -9999 -9999 -9999 -9999 -9999 -9999 -9999
178.4 238.5 262.2 345.2 271.3 166.7 185.7 160.4 139.8 187 195.5 151.5 148.1 133.2 93.4 78.5 71.4 72.1 84.2 109.5 130.4 127.6 102.2 134.9 132.5 127.2 146.2 129.8 146.9 157.9 127.3 135.5 147.4 139.7 125.7 114.7 109 117.5 171.7 356.9 246 280.4 181.1 129.4 137.3 155.5 180.9 147.8 117.8 92.6 -9999 -9999 -9999 -9999 -9999 -9999 -9999 -9999 -9999 -9999 -9999 -9999 -9999 -9999 -9999 -9999 -9999 -9999 -9999 -9999 -9999 -9999 -9999 -9999 -9999 -9999 -9999 -9999 -9999 -9999
192.2 247.7 305.1 233.1 275 144.5 131.6 142.6 111.9 134.2 160.1 179 158.7 138.8 97.7 84.5 75.4 73.4 81.7 108.2 120.5 110 98.6 122.1 124.5 120.9 115.5 101.4 121.3 142.6 110.1 101.2 103.1 98.4 86.7 86.6 93.2 119.4 210.7 211 150.5 190.3 222.3 130.8 111.7 119.1 115 104.6 81.6 68.7 -9999 -9999 -9999 -9999 -9999 -9999 -9999 -9999 -9999 -9999 -9999 -9999 -9999 -9999 -9999 -9999 -9999 -9999 -9999 -9999 -9999 -9999 -9999 -9999 -9999 -9999 -9999 -9999 -9999 -9999
258.4 268.7 294.7 200 290.2 215.7 134.2 109.4 92.2 99.3 112.9 139 160.6 150.5 128.7 106.9 90.2 76 83.7 98.9 99.9 94.6 93.2 106.1 122.1 98.9 88.9 89.3 120 135.7 110.1 87.1 76.2 77.3 71.8 80.9 100.8 138.4 237.6 185.6 122.9 157 237.3 162 111.3 92.3 84.1 71.9 61.1 62.5 53.9 -9999 -9999 -9999 -9999 -9999 -9999 -9999 -9999 -9999 -9999 -9999 -9999 -9999 -9999 -9999 -9999 -9999 -9999 -9999 -9999 -9999 -9999 -9999 -9999 -9999 -9999 -9999 -9999 -9999
151.7 198.4 240.2 167.5 220.4 289.7 189.8 128.1 91.1 92.5 110.1 123.2 140.9 139.5 133 131.3 101.4 76.8 86.1 108.6 109.2 91.1 99 109.2 108.9 89.9 72.9 86.4 96.5 117.2 117.1 88 75.9 72.4 77.2 82.7 103.9 155.7 257.4 149.8 113.6 126.9 172.8 231 138.1 103.1 105.4 84 80.6 74.8 68.1 60.3 -9999 -9999 -9999 -9999 -9999 -9999 -9999 -9999 -9999 -9999 -9999 -9999 -9999 -9999 -9999 -9999 -9999 -9999 -9999 -9999 -9999 -9999 -9999 -9999 -9999 -9999 -9999 -9999
130.1 175.9 202.3 183.3 176.3 235 237 161.2 111.7 100.1 111.7 135.9 121.6 113.2 118.5 119.4 95.9 85.2 91.7 122.6 111 98.4 110.2 130.4 117.6 89.6 74.1 74.3 82.6 103.5 112.5 104.9 88.5 76.4 97.4 115.3 129.1 202.3 238 125.8 107.7 100.8 131.8 203 196.7 143.8 149.4 132.8 119.7 114.8 100.1 79.4 67.8 -9999 -9999 -9999 -9999 -9999 -9999 -9999 -9999 -9999 -9999 -9999 -9999 -9999 -9999 -9999 -9999 -9999 -9999 -9999 -9999 -9999 -9999 -9999 -9999 -9999 -9999 -9999
119.9 129.6 149 154 137.6 196.8 256.9 157.4 131.4 120.6 117.6 118.6 96.3 99.3 112 118.5 97.9 105.4 110 118.3 124.6 110.4 119.7 147.4 130.7 108 86.4 81.4 78.4 84.2 93.5 105.7 93.6 89.8 107.4 153.3 198.7 225.8 173.7 120.5 95.8 85.6 117.2 168.8 186.2 205.9 149.9 127.9 113.5 106.6 108.2 98.8 91.6 -9999 -9999 -9999 -9999 -9999 -9999 -9999 -9999 -9999 -9999 -9999 -9999 -9999 -9999 -9999 -9999 -9999 -9999 -9999 -9999 -9999 -9999 -9999 -9999 -9999 -9999 -9999
101.3 104.2 133.9 131.5 127.9 159.4 250.1 202.8 155.9 148.5 146.8 115.1 96.2 106.6 131.1 131.8 122.3 125.5 124.7 153 141 154.4 158 174.6 126 109 110.1 102.1 93.8 106 106.6 115.6 94 101.7 144.1 204.3 224.3 146.6 113.5 103.9 85.1 81.3 104 147.3 127.2 158.3 186.4 148.9 135.3 130.8 110.9 106.6 106.7 111.9 99.4 70.9 52.7 -9999 -9999 -9999 -9999 -9999 -9999 -9999 -9999 -9999 -9999 -9999 -9999 -9999 -9999 -9999 -9999 -9999 -9999 -9999 -9999 -9999 -9999 -9999
101.7 98.1 118.4 140.2 130.3 144.2 236.6 242.2 208.2 170.1 122.9 113.2 114.7 112.4 135.9 132.6 104.4 102.7 123.4 151.7 162.9 165.6 192.2 181.6 145 120.7 125.2 135 120.4 131 130.7 104.7 113.1 124.8 173.9 223.4 146.2 115.7 91.4 77.4 72.3 79.3 101.8 127 95 102.2 112.7 139.4 167.7 131.6 101.8 98.1 109.8 110.1 99.4 88.6 69.5 -9999 -9999 -9999 -9999 -9999 -9999 -9999 -9999 -9999 -9999 -9999 -9999 -9999 -9999 -9999 -9999 -9999 -9999 -9999 -9999 -9999 -9999 -9999
126.7 110.3 144 179.9 140.3 150.1 243.3 193.2 167.3 130.7 108.8 124.4 106.4 116.4 148.5 134.2 91.8 101.2 129.2 138.3 156.1 181 182.7 176.1 171.1 155 142.6 126.2 140 153.4 133 128.4 159.6 191.8 222.4 197.4 138.3 103.3 89 84 79.2 86.1 106.7 111.1 85 81 84.2 92.6 119.7 152.7 127.6 93.3 109.7 104.8 78.2 83.5 86.1 66.9 51.9 41.3 -9999 -9999 -9999 -9999 -9999 -9999 -9999 -9999 -9999 -9999 -9999 -9999 -9999 -9999 -9999 -9999 -9999 -9999 -9999 -9999
147.5 117.7 153.5 171.2 191.2 184.4 237.3 178.7 139.6 108.5 111.6 137.7 122.5 124.4 177 131.5 100.4 114.1 148.3 160.1 136.2 170.8 210.2 160.8 126.2 135.7 149.3 133.3 137.9 152.3 156.3 161.3 207.2 225.1 254.6 190.5 159.9 111.2 115.9 110 94.7 77.8 96.7 108.9 89.5 65.5 65.2 70.1 88.3 122.4 150 115.2 126.1 94.3 93.4 97.2 83.9 77 58.5 52.2 44.6 41.9 -9999 -9999 -9999 -9999 -9999 -9999 -9999 -9999 -9999 -9999 -9999 -9999 -9999 -9999 -9999 -9999 -9999 -9999
143 118.5 113.7 137.3 164.7 222.3 254.2 192.4 152 113.8 116.5 145.1 156.1 152.2 184.7 151.7 125 131.8 187.9 164.5 144 204.1 227.5 159.2 114.7 100.8 136.6 165.7 135.7 126.1 151.8 167 215.2 275.4 201.1 164.4 127.2 112.2 151.8 129.9 93.5 94.9 95.4 98.2 83.5 66.7 57.2 69.6 77.3 101.6 140.3 130.7 125.4 112.1 110.6 85 77.9 75.8 68.8 63 57.5 49 -9999 -9999 -9999 -9999 -9999 -9999 -9999 -9999 -9999 -9999 -9999 -9999 -9999 -9999 -9999 -9999 -9999 -9999
