Data/GIS/Movement/bfa-mvmt-marshall-tail.asc
ncols         173
nrows         126
xllcorner     224227.65281
yllcorner     1039207.04677
cellsize      5000
NODATA_value  -9999
[rows 0 to 34 of 126, columns 78 to 155 of 173]
-9999 -9999 -9999 -9999 -9999 -9999 -9999 -9999 -9999 -9999 -9999 -9999 -9999 -9999 -9999 -9999 -9999 -9999 -9999 -9999 -9999 -9999 -9999 -9999 -9999 -9999 80.4 90.8 85.9 87 85.7 83.9 -9999 -9999 -9999 79.8 87.4 -9999 -9999 -9999 -9999 -9999 -9999 -9999 -9999 -9999 -9999 -9999 -9999 -9999 -9999 -9999 -9999 -9999 -9999 -9999 -9999 -9999 -9999 -9999 -9999 -9999 -9999 -9999 -9999 -9999 -9999 -9999 -9999 -9999 -9999 -9999 -9999 -9999 -9999 -9999 -9999 -9999
-9999 -9999 -9999 -9999 -9999 -9999 -9999 -9999 -9999 -9999 -9999 -9999 -9999 -9999 -9999 -9999 -9999 -9999 -9999 -9999 -9999 -9999 -9999 -9999 87.2 87.5 91.7 84.7 85.8 92.2 89.2 85.6 87.6 -9999 85.9 88.2 82.6 85.3 82.2 87.2 -9999 -9999 -9999 -9999 -9999 -9999 -9999 -9999 -9999 -9999 -9999 -9999 -9999 -9999 -9999 -9999 -9999 -9999 -9999 -9999 -9999 -9999 -9999 -9999 -9999 -9999 -9999 -9999 -9999 -9999 -9999 -9999 -9999 -9999 -9999 -9999 -9999 -9999
-9999 -9999 -9999 -9999 -9999 -9999 -9999 -9999 -9999 -9999 -9999 -9999 -9999 -9999 -9999 -9999 -9999 -9999 -9999 -9999 -9999 -9999 -9999 92.6 92.1 91.4 86.5 90.3 89.8 88.6 87.6 88 93.3 93.2 88.9 89.5 90.9 87.5 87.2 90.2 79.9 87.2 82.3 82.5 82.3 72.9 76.1 -9999 -9999 -9999 -9999 -9999 -9999 -9999 -9999 -9999 -9999 -9999 -9999 -9999 -9999 -9999 -9999 -9999 -9999 -9999 -9999 -9999 -9999 -9999 -9999 -9999 -9999 -9999 -9999 -9999 -9999 -9999
-9999 -9999 -9999 -9999 -9999 -9999 -9999 -9999 -9999 -9999 -9999 -9999 -9999 -9999 -9999 -9999 -9999 -9999 -9999 -9999 -9999 -9999 86.7 94.4 93.9 92.6 93.6 99.6 92.6 88.5 93.4 96.3 95.1 90.7 88 100.3 87.7 92.2 87.9 94.6 86 87.2 90.2 87.1 86.3 83.5 83 -9999 -9999 -9999 -9999 -9999 -9999 -9999 -9999 -9999 -9999 -9999 -9999 -9999 -9999 -9999 -9999 -9999 -9999 -9999 -9999 -9999 -9999 -9999 -9999 -9999 -9999 -9999 -9999 -9999 -9999 -9999
-9999 -9999 -9999 -9999 -9999 -9999 -9999 -9999 -9999 -9999 -9999 -9999 -9999 -9999 -9999 -9999 -9999 -9999 -9999 -9999 -9999 95.8 93.7 96.3 95.5 98.7 94.1 101.6 97.2 93 89.8 88.5 104.1 98.3 101.8 91.1 97.2 92.7 93.2 87.8 94.4 88.9 90.6 87.8 85.3 87.3 -9999 -9999 -9999 -9999 -9999 -9999 -9999 -9999 -9999 -9999 -9999 -9999 -9999 -9999 -9999 -9999 -9999 -9999 -9999 -9999 -9999 -9999 -9999 -9999 -9999 -9999 -9999 -9999 -9999 -9999 -9999 -9999
-9999 -9999 -9999 -9999 -9999 -9999 -9999 -9999 -9999 -9999 -9999 -9999 -9999 -9999 -9999 -9999 -9999 -9999 -9999 -9999 97.6 98.4 94.8 95.6 95.7 99.6 102.9 94 104.1 101.7 96.3 102.5 102.8 100.4 102.9 94.1 94.6 91.6 95 92.7 97.1 95.9 92.6 91.8 86.4 80.8 -9999 -9999 -9999 -9999 -9999 -9999 -9999 -9999 -9999 -9999 -9999 -9999 -9999 -9999 -9999 -9999 -9999 -9999 -9999 -9999 -9999 -9999 -9999 -9999 -9999 -9999 -9999 -9999 -9999 -9999 -9999 -9999
-9999 -9999 -9999 -9999 -9999 -9999 -9999 -9999 -9999 -9999 -9999 -9999 -9999 -9999 -9999 -9999 -9999 -9999 95.8 98.8 96.7 97.9 95.9 103.9 97.7 103.3 102.1 98.3 102.8 108.5 97.3 96.7 107.7 99.8 100.3 102.4 101.8 100.2 96 100.2 96.7 94.3 93 89.7 91.8 90 85.3 -9999 -9999 -9999 -9999 -9999 -9999 -9999 -9999 -9999 -9999 -9999 -9999 -9999 -9999 -9999 -9999 -9999 -9999 -9999 -9999 -9999 -9999 -9999 -9999 -9999 -9999 -9999 -9999 -9999 -9999 -9999
-9999 -9999 -9999 -9999 -9999 -9999 -9999 -9999 -9999 -9999 -9999 -9999 -9999 -9999 -9999 102.7 96.6 101.6 99.1 103.2 105.7 102.4 101.8 105.4 101.5 107.1 110.7 108.8 105.1 102.9 111.5 108.8 109.6 109.4 110.5 97.4 109.1 108.7 106.6 103.3 103.6 102.1 95.9 99 92.8 90.1 87.7 -9999 -9999 -9999 -9999 -9999 -9999 -9999 -9999 -9999 -9999 -9999 -9999 -9999 -9999 -9999 -9999 -9999 -9999 -9999 -9999 -9999 -9999 -9999 -9999 -9999 -9999 -9999 -9999 -9999 -9999 -9999
-9999 -9999 -9999 -9999 -9999 -9999 -9999 -9999 -9999 -9999 -9999 -9999 -9999 96.8 102.1 102.6 100.5 98.9 100.7 106.1 104.8 104 108.2 105.9 107.8 107.6 98.8 109.8 108.5 108.8 106.9 110.6 108.9 106 109.2 111.9 115.4 106.6 108.8 109.7 104.1 107.9 99.9 95.7 96.5 97.1 90.1 -9999 -9999 -9999 -9999 -9999 -9999 -9999 -9999 -9999 -9999 -9999 -9999 -9999 -9999 -9999 -9999 -9999 -9999 -9999 -9999 -9999 -9999 -9999 -9999 -9999 -9999 -9999 -9999 -9999 -9999 -9999
-9999 -9999 -9999 -9999 -9999 -9999 -9999 -9999 -9999 -9999 -9999 105.5 104.9 108.8 107.8 105.3 106.4 109.5 106 113.9 111.9 115.6 111 106.2 106.6 105.1 110.4 109.7 118.3 109.2 117.5 114.9 111.7 113.3 116.6 120.5 115.8 114.5 115 113.2 105.9 105.9 107.1 101.1 99.4 103.1 -9999 -9999 -9999 -9999 -9999 -9999 -9999 -9999 -9999 -9999 -9999 -9999 -9999 -9999 -9999 -9999 -9999 -9999 -9999 -9999 -9999 -9999 -9999 -9999 -9999 -9999 -9999 -9999 -9999 -9999 -9999 -9999
-9999 -9999 -9999 -9999 -9999 -9999 -9999 -9999 -9999 -9999 106.2 110.2 106.9 105.2 114 109.8 108.1 116.2 106.9 108.3 110.4 113.2 111.9 114.4 108.2 110.5 113.2 112.5 117.2 116.1 118.7 120.1 113.6 118 117.7 124.6 113.3 121.1 115.5 116.2 112.6 116.9 107.2 107.1 97.9 101.1 -9999 -9999 -9999 -9999 -9999 -9999 -9999 -9999 -9999 -9999 -9999 -9999 -9999 -9999 -9999 -9999 -9999 -9999 -9999 -9999 -9999 -9999 -9999 -9999 -9999 -9999 -9999 -9999 -9999 -9999 -9999 -9999
-9999 -9999 -9999 -9999 -9999 -9999 -9999 -9999 107.7 121.5 112.4 108 102.1 110.6 111.9 114.6 117.1 118.2 117.3 118.9 117.2 114.2 113.3 115.1 114.1 121.4 122.9 122.2 118.5 120.6 118.5 116.5 127 122.4 116.4 119.9 121.7 112 119.1 119.7 119.2 114.5 104 108.2 108.9 108.4 -9999 -9999 -9999 -9999 -9999 -9999 -9999 -9999 -9999 -9999 -9999 -9999 -9999 -9999 -9999 -9999 -9999 -9999 -9999 -9999 -9999 -9999 -9999 -9999 -9999 -9999 -9999 -9999 -9999 -9999 -9999 -9999
-9999 -9999 -9999 -9999 -9999 -9999 114.4 114.2 109.3 108 120.3 114.8 110.9 112.1 113.6 119.6 117.4 111.6 117.1 115.5 115.6 117.6 118.5 118.6 122.5 122.4 118.4 125.7 123.5 124.1 114.7 116.4 118.9 125.5 120.5 129 125.9 120.5 125 122.3 115 119.4 111.8 110.6 112.3 101.9 -9999 -9999 -9999 -9999 -9999 -9999 -9999 -9999 -9999 -9999 -9999 -9999 -9999 -9999 -9999 -9999 -9999 -9999 -9999 -9999 -9999 -9999 -9999 -9999 -9999 -9999 -9999 -9999 -9999 -9999 -9999 -9999
106.9 113.2 108.4 -9999 109 112.7 117.6 117.3 112.6 120.6 116.6 123.6 116.2 121.7 122.2 118.3 118.3 119.5 123.7 119.3 121 125.2 125.3 127.3 126 121 119.9 127.4 119.2 127.2 120.6 123.7 127 129.3 123.8 127.9 133.1 129.1 121.9 118.2 125.6 114.3 112.2 115.1 110.4 109.9 -9999 -9999 -9999 -9999 -9999 -9999 -9999 -9999 -9999 -9999 -9999 -9999 -9999 -9999 -9999 -9999 -9999 -9999 -9999 -9999 -9999 -9999 -9999 -9999 -9999 -9999 -9999 -9999 -9999 -9999 -9999 -9999
115.9 114.7 111.8 119.7 114.8 118.1 121.5 125.1 124.2 121.3 125.3 123 129.4 118.5 128.7 119 126.2 125.5 125.9 131 129.1 123 124.2 127.4 125.3 125.5 124.8 125.1 127.7 124.8 129.5 123 128 130.2 138.9 133.4 128.9 127.1 125.5 123.1 129 122.5 116.5 116.6 118.6 120.7 107.6 -9999 -9999 -9999 -9999 -9999 -9999 -9999 -9999 -9999 -9999 -9999 -9999 -9999 -9999 -9999 -9999 -9999 -9999 -9999 -9999 -9999 -9999 -9999 -9999 -9999 -9999 -9999 -9999 -9999 -9999 -9999
114.4 118.4 117.5 117.6 119 123.1 124.6 120.2 121.5 130.5 124.2 130.1 126.4 125.8 122.3 126.6 131.1 124.2 125.9 130.7 131.7 129.3 130.1 130 131.9 126.3 129.9 132.7 125.7 129.6 133.3 135.1 140 131.8 129.7 135.6 129.8 130.4 124.7 126.4 125.1 124.2 119.5 119 118.2 110.4 110.5 106.3 -9999 -9999 -9999 -9999 -9999 -9999 -9999 -9999 -9999 -9999 -9999 -9999 -9999 -9999 -9999 -9999 -9999 -9999 -9999 -9999 -9999 -9999 -9999 -9999 -9999 -9999 -9999 -9999 -9999 -9999
122.2 124.6 129.5 125.3 128.6 126.5 126.2 131.8 133.3 126.5 128.9 128.2 136 133.1 131.2 132 134.6 137.9 130.1 121.5 130.4 143.6 129.8 140.4 133.8 135.4 127.2 138.2 133 133.6 130.5 131.6 141.1 133.4 130.4 136.5 132 133.5 131.4 128.7 128.9 119.9 132.3 124.3 119.5 120.7 111.4 106.8 108.1 -9999 -9999 -9999 -9999 -9999 -9999 -9999 -9999 -9999 -9999 -9999 -9999 -9999 -9999 -9999 -9999 -9999 -9999 -9999 -9999 -9999 -9999 -9999 -9999 -9999 -9999 -9999 -9999 -9999
125.9 133.5 126.7 129.1 129.3 142.9 130.4 132.7 129.6 141.7 133 138 130.4 134.3 138.4 134 139.7 134.4 135.6 132.7 141.6 136.6 144.2 137.3 128.8 138.2 142.4 133.6 140 138 138 127.5 133.1 129.5 127.4 133.9 125.3 134.3 138.1 135 136.4 131.8 130.1 129.5 117.6 120.9 111.9 108 107.5 103.1 -9999 -9999 -9999 -9999 -9999 -9999 -9999 -9999 -9999 -9999 -9999 -9999 -9999 -9999 -9999 -9999 -9999 -9999 -9999 -9999 -9999 -9999 -9999 -9999 -9999 -9999 -9999 -9999
140.1 141.9 136.3 135.6 139.9 141.9 136.8 137.5 141.5 138.9 144.5 136.6 141.4 133.5 140.8 137.3 138 144.9 147.9 140.6 141.5 143.1 142.2 136.4 144.2 141.4 135.8 140.5 138.8 139.8 141.2 137.5 135.1 131.7 136.9 132.5 130.5 138.5 132.5 133.7 128.5 130 124.6 122.5 120.6 124.7 115.1 115.2 110.2 105.6 -9999 -9999 -9999 -9999 -9999 -9999 -9999 -9999 -9999 -9999 -9999 -9999 -9999 -9999 -9999 -9999 -9999 -9999 -9999 -9999 -9999 -9999 -9999 -9999 -9999 -9999 -9999 -9999
137.1 140 143.8 139.4 145.9 140.8 147.3 150.5 146.2 143 140.4 143.2 149.2 145.8 141.5 144.8 142.2 144.9 145.4 144.1 141.8 142.3 143.8 142.6 147.9 152.3 142.3 139.7 146.8 142.5 141.5 137.6 139.2 131.6 145.3 136.2 139.7 132.3 130.7 136.3 137 135.9 128.6 128.8 121.5 123.7 119.8 120.3 117.7 109 -9999 -9999 -9999 -9999 -9999 -9999 -9999 -9999 -9999 -9999 -9999 -9999 -9999 -9999 -9999 -9999 -9999 -9999 -9999 -9999 -9999 -9999 -9999 -9999 -9999 -9999 -9999 -9999
145.9 149.8 149.6 149 149.1 151.1 159 149.7 149.7 147.7 148.8 146.1 145.4 140.6 148.6 144.8 145.1 144.6 143.2 142.1 148.9 144.1 151.4 147.8 153.3 150.9 146.8 140.5 141.5 138.9 148.1 146 143.3 138.8 137.5 140.3 142.4 132.8 136.3 145.2 141 138.1 134.6 130.6 129.4 124 120.4 115.8 122.5 108.9 -9999 -9999 -9999 -9999 -9999 -9999 -9999 -9999 -9999 -9999 -9999 -9999 -9999 -9999 -9999 -9999 -9999 -9999 -9999 -9999 -9999 -9999 -9999 -9999 -9999 -9999 -9999 -9999
152.9 150.1 149.8 146.5 159.2 148.6 152.1 161.7 157.4 152.9 159.8 154.1 150 155.5 153 143.3 148.8 154.2 147.3 149.3 142.5 146.7 151.4 150.5 148.4 144 146.7 144.1 148.2 142 145 142.5 142 143.3 140.2 142 139.5 140.3 138 146.1 138.8 142.5 133.2 133 127 130.8 124.9 120.8 121.4 119 -9999 -9999 -9999 -9999 -9999 -9999 -9999 -9999 -9999 -9999 -9999 -9999 -9999 -9999 -9999 -9999 -9999 -9999 -9999 -9999 -9999 -9999 -9999 -9999 -9999 -9999 -9999 -9999
149.2 149.4 158 160.3 157.4 163.6 160.3 156.8 158.2 161.3 156.2 161.3 152.4 148.6 155.9 153.5 155.9 149.6 149.5 145 148.9 151.9 157.6 150.6 145.3 151.4 150.2 146 155.9 147.9 151.1 151.7 142.1 142.8 138.3 146.4 145.4 145.5 141.8 146.3 152.3 139.2 148.3 141 131.2 129 127.6 130.7 122.4 118.4 -9999 -9999 -9999 -9999 -9999 -9999 -9999 -9999 -9999 -9999 -9999 -9999 -9999 -9999 -9999 -9999 -9999 -9999 -9999 -9999 -9999 -9999 -9999 -9999 -9999 -9999 -9999 -9999
164.7 151.8 162.3 156 164.6 165.3 163.2 165.6 158.3 155 157.7 157.1 158 163.1 153.1 162.3 149.3 162.6 156.5 158.2 150.5 157.3 152.2 147.1 153.7 143.6 159.8 154.5 153.3 153.2 153.6 148.5 149.2 151.3 153.1 147.5 141.5 150.5 152.3 151.7 150 141 142.7 142.9 142 137.4 134.8 125.2 126.8 122.8 115.1 -9999 -9999 -9999 -9999 -9999 -9999 -9999 -9999 -9999 -9999 -9999 -9999 -9999 -9999 -9999 -9999 -9999 -9999 -9999 -9999 -9999 -9999 -9999 -9999 -9999 -9999 -9999
165.7 165.3 159 159.8 169.5 164 166.8 167.1 166.4 159 166 160.4 160.3 150.6 158.3 157.5 165 160.2 156.6 156 152.4 151 157.6 154.5 150.8 158.5 153.1 152.7 155.5 148.1 148.1 156.4 145.4 144.2 153.7 151.7 152.2 153.8 147.7 150.1 149.1 148.7 143.1 142.4 135.6 140.3 128.6 133.2 126 123.7 123.8 112.6 -9999 -9999 -9999 -9999 -9999 -9999 -9999 -9999 -9999 -9999 -9999 -9999 -9999 -9999 -9999 -9999 -9999 -9999 -9999 -9999 -9999 -9999 -9999 -9999 -9999 -9999
161.9 168.5 161.5 168.6 168.2 168.5 180.2 170.8 165.8 164.2 168 161.1 161.6 162.9 154.5 168.4 160 168.2 171.4 156.8 161.1 160.5 152.6 158.3 152.3 145.2 158.2 154.8 154.1 147.7 150.5 150.9 157.9 157.6 150.5 145.4 149.8 144.8 152.1 154.4 155.2 147.2 143.4 144.6 138.7 144.3 131.6 133.8 132.5 132.1 117.6 117.2 -9999 -9999 -9999 -9999 -9999 -9999 -9999 -9999 -9999 -9999 -9999 -9999 -9999 -9999 -9999 -9999 -9999 -9999 -9999 -9999 -9999 -9999 -9999 -9999 -9999 -9999
169.1 177 168.2 169.1 173.6 170.9 176.8 172.6 175.2 173.2 173.4 168.2 172.3 166.3 164.8 166.3 169.3 161.2 170.9 163.6 161.8 161.1 161.3 158.2 157.2 157.6 163 160 153.7 150.1 159 148.6 151 153.9 152.8 144.9 145.4 149.5 149 153.6 143.8 142.4 142.6 136 141.3 140.7 137.1 137.4 130.3 129 122.2 116 113.2 -9999 -9999 -9999 -9999 -9999 -9999 -9999 -9999 -9999 -9999 -9999 -9999 -9999 -9999 -9999 -9999 -9999 -9999 -9999 -9999 -9999 -9999 -9999 -9999 -9999
175.2 171.4 167.2 172 174.8 178.2 174.5 179.7 164.2 178.1 170.9 169.7 172.8 165.4 171.8 169.2 171.6 161.9 170.5 167.6 162.5 164.8 158.5 160.1 166.1 163.2 159.4 154.6 155 161.1 158 157.2 148.3 154.8 155.5 145.6 156.9 149.8 157.6 145 143.9 146.1 146.4 137.1 138.3 135.3 136.9 138.8 131.4 129.7 127.1 124.2 121.1 117.9 -9999 -9999 -9999 -9999 -9999 -9999 -9999 -9999 -9999 -9999 -9999 -9999 -9999 -9999 -9999 -9999 -9999 -9999 -9999 -9999 -9999 -9999 -9999 -9999
183.5 175.6 178.8 179.1 183.2 178.2 186 179.2 175.6 175.3 178.4 173.5 173.8 178.4 180.3 167.5 173.3 175.7 167 170.1 165.8 176.6 171.1 171.1 168.3 163.1 156.6 159.7 161.8 157.2 161.7 158.5 157.1 160.5 149.5 154.7 159.1 143.4 148.8 152.3 144.9 147.2 147.7 142.3 139.4 138.7 131.7 135.8 135.7 126.6 124.1 123.5 125.9 122 112 -9999 -9999 -9999 -9999 -9999 -9999 -9999 -9999 -9999 -9999 -9999 -9999 -9999 -9999 -9999 -9999 -9999 -9999 -9999 -9999 -9999 -9999 -9999
185.5 185.8 186.7 182.8 188.1 177.9 185.7 181.1 177.8 180.3 178.9 184 186.4 183.9 179.1 173.6 173.2 171 172.8 167.4 173.3 171.5 167 167.8 163.9 176.8 172.3 164.7 165.3 157.8 155.3 161.7 155.4 159.6 152.5 156.3 156.9 154.3 153.9 149.3 152.4 153.5 148.3 144.7 142.6 143.3 139.2 137 135.3 134.1 128.5 125.6 121.4 113.4 116.7 -9999 -9999 -9999 -9999 -9999 -9999 -9999 -9999 -9999 -9999 -9999 -9999 -9999 -9999 -9999 -9999 -9999 -9999 -9999 -9999 -9999 -9999 -9999
186.8 190.9 187 183 186.3 180.8 188.8 190.1 189.1 191.6 186.1 185.5 185.8 186.5 183.3 186.7 175.5 176.8 179.5 173.9 180.7 172.6 169.2 176.6 173.9 174.6 168.7 177.7 171.2 167.4 158.3 161 164.6 158.1 159.4 159.1 154.4 151.6 165 148.9 156.3 145 149.9 146.9 139.2 147.6 139.3 130.5 132 130.2 130.8 133.7 120 118.9 120.2 119.8 108.8 114.4 102.1 -9999 -9999 -9999 -9999 -9999 -9999 -9999 -9999 -9999 -9999 -9999 -9999 -9999 -9999 -9999 -9999 -9999 -9999 -9999
190.2 199.1 192 191.1 192.8 195.3 195 189.7 194.4 184.7 192.7 182.6 189.7 184.3 187.4 193.4 167.6 183.4 176.2 181.9 182.7 182 178.2 179.9 177.7 185.5 173.2 175.3 175.4 168.4 176.7 162.6 169.2 171.7 166.5 163.6 165.4 162.8 154.2 156.1 149 144.4 147.2 140.8 146.7 143.7 140.9 132.1 140.6 129.1 130.7 127.3 125.4 123.1 121.2 118.8 117.5 113.1 106.1 -9999 -9999 -9999 -9999 -9999 -9999 -9999 -9999 -9999 -9999 -9999 -9999 -9999 -9999 -9999 -9999 -9999 -9999 -9999
197.7 201.5 200 191 198 198.2 195.6 193.7 198.7 195 193.4 199.5 179.4 189.8 188.7 192 186.7 182.3 178.9 186.9 178.5 173.7 174.2 179.2 172.3 169.4 176.4 175.2 173.4 171.7 174.4 166.5 171.3 168.4 166.8 166.3 164 159.6 162.9 152.1 140.1 154.2 147.4 146.4 142.2 136.3 143.6 135.5 132.2 134.5 136.5 125.2 123.4 124.8 119 114.2 118.8 115.8 106.5 111 106.9 99.8 -9999 -9999 -9999 -9999 -9999 -9999 -9999 -9999 -9999 -9999 -9999 -9999 -9999 -9999 -9999 -9999
193.6 199.5 207 211.7 203.1 208.2 192.2 200.7 201.3 197.9 207.7 194.1 189.5 192.4 197.5 193.7 190.1 188.6 191.9 185.7 187.3 183.1 175.3 182.5 179 185.2 183.2 176.4 178.3 184.2 175 176.2 176.1 164.4 169.1 167.4 170.7 157.8 156.3 157.3 151.2 151.3 143.1 139.3 148.4 143.8 138.9 138.6 132.1 131 132.3 130.4 129 120.8 125 124.3 122.7 118.1 106.8 112.9 109.1 102.6 103.2 101 -9999 -9999 -9999 -9999 -9999 -9999 -9999 -9999 -9999 -9999 -9999 -9999 -9999 -9999
207.1 205.5 209.2 213.8 202.1 216.7 203.9 213.3 209.9 209.1 202.6 202.8 203.8 199.9 195.2 188.6 191.7 197.5 191.7 199.1 188.7 201.7 186.9 181.5 182.4 188.2 186.9 189.5 178.9 182.3 173.5 183.2 178.9 177.1 169.2 172.8 168.9 165.8 162 154.8 154.1 162.4 151 149.7 139 137.2 135.4 142.1 129 136.1 137.7 127.6 123.8 130.4 124.7 124 121.5 120.7 115.8 111.4 108.9 104.1 101.6 102.5 -9999 -9999 -9999 -9999 -9999 -9999 -9999 -9999 -9999 -9999 -9999 -9999 -9999 -9999
