Data/GIS/Movement/bfa-mvmt-marshall-tail.asc
ncols         173
nrows         126
xllcorner     224227.65281
yllcorner     1039207.04677
cellsize      5000
NODATA_value  -9999
[rows 70 to 104 of 126, columns 78 to 155 of 173]
247.2 256.7 258.6 266.1 272 282.7 288.8 280.7 287 297.7 284.4 279.7 286.4 280.5 277.8 279.9 265.4 264.6 262.8 253.1 262.9 255.9 249 260.8 249 251.8 247.1 252.5 247 242.7 239.8 237.1 230.5 241 225.3 234.1 227.7 213.3 207.6 206.2 202.3 199.1 204.7 192.3 182.6 185.2 174.4 173 170.1 159.8 170.3 164.7 157.9 153.9 146.4 139.4 142.8 138.7 130.8 123.1 125.9 127 120.6 122.8 114.5 116.1 113.8 115.8 115.5 110.3 110.1 113.6 114.3 114.6 112.6 111.2 124.6 131.5
245.3 247.5 258.5 260.3 268.5 260.9 266.6 269.8 268.8 274.5 262.9 274 263.2 272.5 263.8 267.7 263 259.1 255.5 253.4 248.1 242.9 251.1 238.9 238.4 242.1 239.2 242.7 244.8 240.6 253.4 240.8 234.4 239.5 234.6 241.3 212.7 217.6 220.9 214 209.1 199.4 201.8 192.2 187.6 179.3 175.2 178 169.5 167.4 161.1 157.6 158.6 144.9 145.3 138 139.4 137.2 134.9 128.7 122.5 127.4 123.4 115.8 111.5 115.8 106.6 116 109.5 114.5 108.9 115 108.5 110.5 116.4 118.3 120.4 128.1
239.9 246 250.1 250.9 259.3 255.7 260.5 262 258.7 257.4 262 258.6 254 261.8 261.3 259.5 262.4 250.1 247 245.8 246.6 243 248.1 244.8 242.7 246.2 237.6 240.8 248.4 242.7 227 238.6 234.2 239 221.3 231.3 218.1 217.8 206.5 211.2 200.8 203.7 199.5 194.1 185 179.5 172.4 172.3 162.6 165.2 160 148.1 150.1 157.3 148.6 143.7 135.3 134.9 124.4 128 123 121.1 119.9 118.6 119.1 115.1 114.6 114.2 105.8 113.9 106 104.3 113.7 114.7 111.2 117.5 117.8 117.5
237 240.8 232.8 236.6 238.7 247.8 240.4 242.3 250.2 247.1 245.1 246.6 253.1 243.4 242.1 247.3 249.9 263.8 250.9 250.5 235.9 235.1 236.2 242.6 235.1 235.1 237.1 253.1 236.9 251.8 234.2 235.5 234.6 231.9 225.5 224.2 211.6 213.7 206.9 205.8 210.8 195 198.4 197.6 181.4 185.3 177.5 167.6 168.5 156.6 161.6 155.1 152.6 143.4 140.6 141.9 143.8 130.4 129.4 131.3 124.8 122.2 118.5 118.9 113 115.6 112.5 110.9 112.8 110 109.7 111.6 107.2 115.6 118.7 118.6 119.3 120.5
230.1 235.2 225.9 241.7 234.6 234.9 240.6 235.6 238.7 237.6 228.5 235.6 237.8 225.3 240.1 238.8 243 241.7 234.3 231 245.3 243.8 228.8 230.1 229.1 228.3 231.3 235.9 232.5 231.6 228.9 232 231.7 222.5 223.1 224.7 215.3 206 202.8 205.2 194.8 199.8 191.5 189.2 182.6 179.8 177.5 179.6 168.1 168.8 157.1 162.1 150.3 146.5 144.7 143.6 125 131 131 124.9 117 113.4 117.5 113 121.8 111.9 104.6 111.5 105.8 110.7 112.5 111.5 106.6 112.6 115.1 114.7 117.7 114.4
220.8 219 219.2 231.9 221.8 227.7 226.7 228 224.2 233.2 226.6 234.1 227.3 231.7 229.8 234.6 232.2 242.4 237.2 237.6 231 234 231 223.6 214 226.6 221.5 229.5 225.2 226.9 222.1 224 219.4 219.1 214.6 211.7 204 196.6 193.3 190.3 197.2 189.4 198.5 176.2 187.7 188.1 174.3 170.3 168.2 154.9 160.9 157.6 158.2 147.2 142 139.3 133.1 135.1 120.4 124.6 119.8 113.5 109.7 112.1 113.3 112.6 113.5 108.8 103 101.5 105.5 108.5 111.9 106.1 107.1 112.2 112.6 107.9
220.5 218.2 226.5 228.4 224.9 234.4 225.3 220.9 217.3 223.4 219.3 224.1 224.6 227.6 219.2 230.3 232.2 230.1 227.9 232.2 228.5 221.6 228.6 228.8 224.8 222.8 223.7 226.9 221.8 227.3 213.8 219.6 219.7 213 209.7 211.3 195.1 190.1 192.6 200.8 197.7 185.7 183.4 183.5 184.2 180.6 170.2 171.5 161.9 156.3 156.8 151.2 151.2 146.5 142.1 139 132.8 129.7 130.4 126.6 115.9 115.9 114.6 108.8 118.5 116.3 110 108.8 110 104.7 106.7 107.6 110.9 105.9 107.1 110.3 112.5 113.6
220.7 203.7 211.9 219.9 215.2 231.9 212.2 219.4 215.9 221.6 212.8 212.8 220.3 218.1 222.1 221.5 226 225.2 231.4 234 222.3 223.6 218.8 212.1 215.7 209.3 212 208.9 215.1 210.1 216.2 214.6 210.9 208.3 206.5 201 194.8 195 195.7 186.5 182.1 186.4 189.8 187 176.7 185.4 178.1 163.9 166.7 150 152.7 147.9 149.3 146.6 134.9 129.6 127.4 130.8 125 126.6 115.3 122.8 112 114.2 110.8 107.2 106.9 104.6 105.9 103.1 107.1 104.6 105.7 106.4 106.6 105.5 110.1 110.1
207.4 204.9 205.5 217.8 210.4 221.3 219.1 222.1 205 209.7 204.6 214.1 207.9 202.5 215.9 215.5 218.3 216.3 225.6 216.2 219.7 213.4 210.4 214.2 213 213.5 211.3 209.8 208.3 202.8 206.5 203.4 204.5 207.2 202 201.4 195 193.2 188.2 187.9 183 187 182 181.3 186 174.7 173.5 161.6 153.5 149.6 147.7 153.1 144.7 137.3 139.4 128.5 129.1 125.5 132.3 119.9 116.2 119 114.5 116.7 108.7 103.6 110.2 105.3 108.5 103.6 105.8 102.3 102.3 100.9 99.9 100.6 101.5 105.5
195 204.3 211.6 208.4 208.8 207.7 208.2 198.4 206.6 212.7 201.7 212.8 204.9 198.4 210 209.3 201.7 217.9 215.9 205.7 214.3 207.2 203.8 206.3 209.2 208.3 212.3 205.6 210.5 196.4 204 201.6 211.4 198 196 191.9 190.5 191.5 186.2 176.1 180.3 173 183.9 177 171.9 174 166.1 159.6 161.6 153.4 155.6 141.5 150 141.9 131.6 135.5 128.7 129 123 124.3 116.3 116.7 110.8 116.6 114.4 106.5 108.9 105.9 109.7 100 100.1 100 106.3 99.4 98.8 97.1 100 95.1
197 197.8 194.6 208.3 207.8 199.8 199.6 204.3 197.1 206 191.7 205.4 204.3 197.9 204.4 201.7 199.2 198.4 197.5 195.8 197.6 205 204 202.1 206 217.2 212.9 204 196.8 207.9 205.5 201.8 201.1 200.4 200.4 188.4 193.3 176.6 174.9 173.8 181.1 176.2 181.8 182.2 176.7 168.5 161.7 158.9 156.4 147.7 150.8 137.9 139.9 139.3 135.1 129.9 122.8 120.5 124.2 122.3 109.6 121.9 107.9 106.3 109.1 108.8 97.3 104.6 98.1 105.1 101.7 94.6 96.8 -9999 -9999 -9999 -9999 94.8
195.3 194.9 190.4 193.9 200.1 193.5 195 194 198.5 193.4 200.5 194.7 195.4 196.5 191 194.7 191.1 199.5 187.5 200.8 196.3 191.5 201.1 198.7 195.1 190.3 198.3 203.2 207 199.8 197.7 199.4 197.6 196.3 186.1 191.8 178.4 182.8 173.7 173.7 170.1 178.6 169.6 173.5 182.5 166.2 162 162.3 150 148.6 141.7 141.6 134.6 133.2 130 131.7 131.6 126.7 117.2 117 112.8 119.3 114.4 103.1 108.3 105.3 104.1 97.3 102.4 102.4 95.8 98.1 -9999 -9999 -9999 -9999 -9999 -9999
191.3 180.3 189.2 186 189 191.5 190.4 183.6 199.4 184.9 188.3 191.2 192.6 195.8 195.1 185.6 191.8 186.2 189.1 190.1 188.1 185.7 195.8 191.4 198.4 195 195.5 191.5 195.1 199.4 193.2 199.3 199.3 186 195.4 181.1 186.1 181.3 173.1 177.5 171.8 164.6 165.3 173.7 167.2 167 159.9 153.4 153.9 151.5 148.7 140.7 137.8 133.7 134.2 133.5 130.6 127.6 123.4 117.5 118.4 110.4 112.3 107.8 113 108.7 98.1 97.5 106.6 97.6 100.5 95.4 -9999 -9999 -9999 -9999 -9999 -9999
181 179.8 184.9 179.4 183.3 183.3 185.6 173.3 179.5 183.5 185.3 188.7 180.6 183.7 190.2 192.8 185.4 190.8 187.9 184.5 195.2 186.4 182.1 187.5 192.5 197.2 185.4 191.6 188.6 189.4 193.4 189.1 182.7 185.1 183.7 185 185.2 176.8 175.8 171.7 173.6 174 168 170.6 156.7 160.5 155.8 159.3 152.5 145.3 139.4 138.2 131.8 137.8 135.4 128 126.1 125.5 122.3 118.9 116 107.8 109.9 105.5 108.7 100.2 101.5 95.9 91.3 95 -9999 92.5 -9999 -9999 -9999 -9999 -9999 -9999
181.3 174.3 179 179.7 182 191.5 174.4 182 179.2 185.8 177.2 181.4 178.8 179.7 175.4 178.3 190.4 184.9 189.5 177.8 180.3 187.4 183.4 182.7 186.8 180.7 185.2 190.5 191.5 186.5 185.1 187.7 179.8 183.8 184.7 178.4 173.4 174.1 172.5 164.6 170.2 161 173.7 166.9 170.3 161 157.1 166.6 149.4 138.6 141.2 138.3 136 131.6 129.5 124.6 128.2 130.7 122.7 122.8 114 110.3 114.3 104.4 107.3 102.5 101.8 -9999 -9999 -9999 -9999 -9999 -9999 -9999 -9999 -9999 -9999 -9999
175.9 177.3 170.3 177.8 173.4 169.5 178.9 174.3 174.3 171.6 176.3 172.7 173.7 178.5 179.9 175.8 182.3 184.3 180.8 180.5 185.2 180.5 177.3 188 186.3 184.4 178.4 186.1 189.4 190.5 188.5 178.9 177 171 179.8 181.2 175 171.1 172.6 164.2 177.8 165.4 165.4 166.5 165.5 163.2 154.1 163.8 144.2 142.3 146.8 139.8 132.2 131.8 124.5 127.1 124.5 124.3 118.5 124.7 121.7 114.2 103.4 113.3 105.2 96.5 96.7 96 -9999 -9999 -9999 -9999 -9999 -9999 -9999 -9999 -9999 -9999
178.2 162.1 171.1 171.3 169.3 175.9 164.7 164.3 175.4 169.9 165.6 168.5 173.1 173.2 174.2 170.6 178.7 176.6 180.1 181.5 182.2 186.8 178.3 173.4 167.1 179.7 187.1 185.1 178.3 179.8 178.6 173 170.8 172.1 166.7 172.5 165.5 163.7 163.4 154.3 169.1 158.9 161.4 161.1 155.6 156.5 152.9 154.1 142.3 138.5 132.9 136.4 127.6 131.5 128.2 124.7 125.2 118.6 122.4 124.5 114.4 118.2 109.6 102.3 100.4 100.7 101.1 -9999 -9999 -9999 -9999 -9999 -9999 -9999 -9999 -9999 -9999 -9999
175.2 170.2 165.3 168.2 159.9 163 160.5 171 167.8 170.8 166.2 165.5 164.2 164.2 162.9 164.3 170.3 169.3 177.1 182.5 176.8 172.4 175.8 182.9 176.8 173.9 179.3 177.2 185.3 180.5 180.1 173.6 164.4 169 164.3 158.9 164 -9999 -9999 -9999 -9999 159.5 162.3 148.4 147.8 150 150.5 146 142.2 139.8 131.4 125.1 124 121.3 125.7 123.4 122.4 127.2 115.9 116.8 114.7 109.3 100.8 108.5 107.7 90 -9999 -9999 -9999 -9999 -9999 -9999 -9999 -9999 -9999 -9999 -9999 -9999
163.5 161.6 158.9 158.7 156.7 156.1 154.3 161.9 159.7 161.9 165.4 157.3 161.1 163.6 163.5 165.3 168.2 169.6 170.3 172 175.1 170.4 176.1 182.9 166.5 168.6 173.6 173.7 164.4 174.4 170.5 174.5 164.4 -9999 -9999 -9999 -9999 -9999 -9999 -9999 -9999 -9999 -9999 -9999 -9999 -9999 139.9 134.1 137.8 130.8 134.2 128.8 124.6 120.8 128.5 116.5 121.7 117.8 116.7 114 111.5 104 99.6 102.7 -9999 91 96.8 -9999 -9999 -9999 -9999 -9999 -9999 -9999 -9999 -9999 -9999 -9999
154.5 159.7 159 161.1 157.2 163 149.2 163.1 158.5 154.4 151.8 152 150.1 163.9 150.3 162.3 161.4 157.4 162.6 164 167.5 173.1 167.2 173.6 168 166 163.6 154.4 162.6 162.4 169.6 153.9 159.6 -9999 -9999 -9999 -9999 -9999 -9999 -9999 -9999 -9999 -9999 -9999 -9999 -9999 -9999 -9999 -9999 -9999 -9999 124.3 126.8 119 120.1 122.2 123 116.6 115.9 111.6 107.7 102 100.1 -9999 -9999 -9999 -9999 -9999 -9999 -9999 -9999 -9999 -9999 -9999 -9999 -9999 -9999 -9999
158.4 156.1 153 151.9 149.4 152.2 150.1 153.3 -9999 -9999 -9999 -9999 144.5 148.1 151.2 149.1 145.8 156.2 -9999 -9999 162.7 151.1 166 160.8 -9999 164 153.9 156.7 159.3 158.9 150.4 151.2 -9999 -9999 -9999 -9999 -9999 -9999 -9999 -9999 -9999 -9999 -9999 -9999 -9999 -9999 -9999 -9999 -9999 -9999 -9999 -9999 -9999 112.3 112.6 113.5 -9999 -9999 -9999 -9999 -9999 -9999 -9999 -9999 -9999 -9999 -9999 -9999 -9999 -9999 -9999 -9999 -9999 -9999 -9999 -9999 -9999 -9999
-9999 -9999 -9999 -9999 -9999 -9999 -9999 -9999 -9999 -9999 -9999 -9999 -9999 -9999 -9999 -9999 -9999 -9999 -9999 -9999 -9999 -9999 -9999 -9999 -9999 -9999 -9999 -9999 148.1 151.9 -9999 -9999 -9999 -9999 -9999 -9999 -9999 -9999 -9999 -9999 -9999 -9999 -9999 -9999 -9999 -9999 -9999 -9999 -9999 -9999 -9999 -9999 -9999 -9999 -9999 -9999 -9999 -9999 -9999 -9999 -9999 -9999 -9999 -9999 -9999 -9999 -9999 -9999 -9999 -9999 -9999 -9999 -9999 -9999 -9999 -9999 -9999 -9999
-9999 -9999 -9999 -9999 -9999 -9999 -9999 -9999 -9999 -9999 -9999 -9999 -9999 -9999 -9999 -9999 -9999 -9999 -9999 -9999 -9999 -9999 -9999 -9999 -9999 -9999 -9999 -9999 -9999 131.8 -9999 -9999 -9999 -9999 -9999 -9999 -9999 -9999 -9999 -9999 -9999 -9999 -9999 -9999 -9999 -9999 -9999 -9999 -9999 -9999 -9999 -9999 -9999 -9999 -9999 -9999 -9999 -9999 -9999 -9999 -9999 -9999 -9999 -9999 -9999 -9999 -9999 -9999 -9999 -9999 -9999 -9999 -9999 -9999 -9999 -9999 -9999 -9999
-9999 -9999 -9999 -9999 -9999 -9999 -9999 -9999 -9999 -9999 -9999 -9999 -9999 -9999 -9999 -9999 -9999 -9999 -9999 -9999 -9999 -9999 -9999 -9999 -9999 -9999 -9999 -9999 -9999 -9999 -9999 -9999 -9999 -9999 -9999 -9999 -9999 -9999 -9999 -9999 -9999 -9999 -9999 -9999 -9999 -9999 -9999 -9999 -9999 -9999 -9999 -9999 -9999 -9999 -9999 -9999 -9999 -9999 -9999 -9999 -9999 -9999 -9999 -9999 -9999 -9999 -9999 -9999 -9999 -9999 -9999 -9999 -9999 -9999 -9999 -9999 -9999 -9999
-9999 -9999 -9999 -9999 -9999 -9999 -9999 -9999 -9999 -9999 -9999 -9999 -9999 -9999 -9999 -9999 -9999 -9999 -9999 -9999 -9999 -9999 -9999 -9999 -9999 -9999 -9999 -9999 -9999 -9999 -9999 -9999 -9999 -9999 -9999 -9999 -9999 -9999 -9999 -9999 -9999 -9999 -9999 -9999 -9999 -9999 -9999 -9999 -9999 -9999 -9999 -9999 -9999 -9999 -9999 -9999 -9999 -9999 -9999 -9999 -9999 -9999 -9999 -9999 -9999 -9999 -9999 -9999 -9999 -9999 -9999 -9999 -9999 -9999 -9999 -9999 -9999 -9999
-9999 -9999 -9999 -9999 -9999 -9999 -9999 -9999 -9999 -9999 -9999 -9999 -9999 -9999 -9999 -9999 -9999 -9999 -9999 -9999 -9999 -9999 -9999 -9999 -9999 -9999 -9999 -9999 -9999 -9999 -9999 -9999 -9999 -9999 -9999 -9999 -9999 -9999 -9999 -9999 -9999 -9999 -9999 -9999 -9999 -9999 -9999 -9999 -9999 -9999 -9999 -9999 -9999 -9999 -9999 -9999 -9999 -9999 -9999 -9999 -9999 -9999 -9999 -9999 -9999 -9999 -9999 -9999 -9999 -9999 -9999 -9999 -9999 -9999 -9999 -9999 -9999 -9999
-9999 -9999 -9999 -9999 -9999 -9999 -9999 -9999 -9999 -9999 -9999 -9999 -9999 -9999 -9999 -9999 -9999 -9999 -9999 -9999 -9999 -9999 -9999 -9999 -9999 -9999 -9999 -9999 -9999 -9999 -9999 -9999 -9999 -9999 -9999 -9999 -9999 -9999 -9999 -9999 -9999 -9999 -9999 -9999 -9999 -9999 -9999 -9999 -9999 -9999 -9999 -9999 -9999 -9999 -9999 -9999 -9999 -9999 -9999 -9999 -9999 -9999 -9999 -9999 -9999 -9999 -9999 -9999 -9999 -9999 -9999 -9999 -9999 -9999 -9999 -9999 -9999 -9999
-9999 -9999 -9999 -9999 -9999 -9999 -9999 -9999 -9999 -9999 -9999 -9999 -9999 -9999 -9999 -9999 -9999 -9999 -9999 -9999 -9999 -9999 -9999 -9999 -9999 -9999 -9999 -9999 -9999 -9999 -9999 -9999 -9999 -9999 -9999 -9999 -9999 -9999 -9999 -9999 -9999 -9999 -9999 -9999 -9999 -9999 -9999 -9999 -9999 -9999 -9999 -9999 -9999 -9999 -9999 -9999 -9999 -9999 -9999 -9999 -9999 -9999 -9999 -9999 -9999 -9999 -9999 -9999 -9999 -9999 -9999 -9999 -9999 -9999 -9999 -9999 -9999 -9999
-9999 -9999 -9999 -9999 -9999 -9999 -9999 -9999 -9999 -9999 -9999 -9999 -9999 -9999 -9999 -9999 -9999 -9999 -9999 -9999 -9999 -9999 -9999 -9999 -9999 -9999 -9999 -9999 -9999 -9999 -9999 -9999 -9999 -9999 -9999 -9999 -9999 -9999 -9999 -9999 -9999 -9999 -9999 -9999 -9999 -9999 -9999 -9999 -9999 -9999 -9999 -9999 -9999 -9999 -9999 -9999 -9999 -9999 -9999 -9999 -9999 -9999 -9999 -9999 -9999 -9999 -9999 -9999 -9999 -9999 -9999 -9999 -9999 -9999 -9999 -9999 -9999 -9999
-9999 -9999 -9999 -9999 -9999 -9999 -9999 -9999 -9999 -9999 -9999 -9999 -9999 -9999 -9999 -9999 -9999 -9999 -9999 -9999 -9999 -9999 -9999 -9999 -9999 -9999 -9999 -9999 -9999 -9999 -9999 -9999 -9999 -9999 -9999 -9999 -9999 -9999 -9999 -9999 -9999 -9999 -9999 -9999 -9999 -9999 -9999 -9999 -9999 -9999 -9999 -9999 -9999 -9999 -9999 -9999 -9999 -9999 -9999 -9999 -9999 -9999 -9999 -9999 -9999 -9999 -9999 -9999 -9999 -9999 -9999 -9999 -9999 -9999 -9999 -9999 -9999 -9999
-9999 -9999 -9999 -9999 -9999 -9999 -9999 -9999 -9999 -9999 -9999 -9999 -9999 -9999 -9999 -9999 -9999 -9999 -9999 -9999 -9999 -9999 -9999 -9999 -9999 -9999 -9999 -9999 -9999 -9999 -9999 -9999 -9999 -9999 -9999 -9999 -9999 -9999 -9999 -9999 -9999 -9999 -9999 -9999 -9999 -9999 -9999 -9999 -9999 -9999 -9999 -9999 -9999 -9999 -9999 -9999 -9999 -9999 -9999 -9999 -9999 -9999 -9999 -9999 -9999 -9999 -9999 -9999 -9999 -9999 -9999 -9999 -9999 -9999 -9999 -9999 -9999 -9999
-9999 -9999 -9999 -9999 -9999 -9999 -9999 -9999 -9999 -9999 -9999 -9999 -9999 -9999 -9999 -9999 -9999 -9999 -9999 -9999 -9999 -9999 -9999 -9999 -9999 -9999 -9999 -9999 -9999 -9999 -9999 -9999 -9999 -9999 -9999 -9999 -9999 -9999 -9999 -9999 -9999 -9999 -9999 -9999 -9999 -9999 -9999 -9999 -9999 -9999 -9999 -9999 -9999 -9999 -9999 -9999 -9999 -9999 -9999 -9999 -9999 -9999 -9999 -9999 -9999 -9999 -9999 -9999 -9999 -9999 -9999 -9999 -9999 -9999 -9999 -9999 -9999 -9999
-9999 -9999 -9999 -9999 -9999 -9999 -9999 -9999 -9999 -9999 -9999 -9999 -9999 -9999 -9999 -9999 -9999 -9999 -9999 -9999 -9999 -9999 -9999 -9999 -9999 -9999 -9999 -9999 -9999 -9999 -9999 -9999 -9999 -9999 -9999 -9999 -9999 -9999 -9999 -9999 -9999 -9999 -9999 -9999 -9999 -9999 -9999 -9999 -9999 -9999 -9999 -9999 -9999 -9999 -9999 -9999 -9999 -9999 -9999 -9999 -9999 -9999 -9999 -9999 -9999 -9999 -9999 -9999 -9999 -9999 -9999 -9999 -9999 -9999 -9999 -9999 -9999 -9999
-9999 -9999 -9999 -9999 -9999 -9999 -9999 -9999 -9999 -9999 -9999 -9999 -9999 -9999 -9999 -9999 -9999 -9999 -9999 -9999 -9999 -9999 -9999 -9999 -9999 -9999 -9999 -9999 -9999 -9999 -9999 -9999 -9999 -9999 -9999 -9999 -9999 -9999 -9999 -9999 -9999 -9999 -9999 -9999 -9999 -9999 -9999 -9999 -9999 -9999 -9999 -9999 -9999 -9999 -9999 -9999 -9999 -9999 -9999 -9999 -9999 -9999 -9999 -9999 -9999 -9999 -9999 -9999 -9999 -9999 -9999 -9999 -9999 -9999 -9999 -9999 -9999 -9999
-9999 -9999 -9999 -9999 -9999 -9999 -9999 -9999 -9999 -9999 -9999 -9999 -9999 -9999 -9999 -9999 -9999 -9999 -9999 -9999 -9999 -9999 -9999 -9999 -9999 -9999 -9999 -9999 -9999 -9999 -9999 -9999 -9999 -9999 -9999 -9999 -9999 -9999 -9999 -9999 -9999 -9999 -9999 -9999 -9999 -9999 -9999 -9999 -9999 -9999 -9999 -9999 -9999 -9999 -9999 -9999 -9999 -9999 -9999 -9999 -9999 -9999 -9999 -9999 -9999 -9999 -9999 -9999 -9999 -9999 -9999 -9999 -9999 -9999 -9999 -9999 -9999 -9999
