Data/GIS/Movement/bfa-mvmt-travel-tuned.asc
ncols         173
nrows         126
xllcorner     224227.65281
yllcorner     1039207.04677
cellsize      5000
NODATA_value  -9999
[rows 70 to 104 of 126, columns 0 to 79 of 173]
-9999 -9999 -9999 -9999 -9999 -9999 -9999 47.9 59 70.4 65.9 79.2 82.7 86.9 83.4 82 88.8 103.8 112.5 95.8 98.7 148.2 168.7 124.9 124.2 130.3 151.1 123.7 122.3 130.8 131 141.9 135.6 110.1 124.8 128.4 133.9 159.1 160 215.2 195.8 165.5 111.6 96.4 127.2 147.5 153.3 153.6 136.4 156.6 174.9 111.8 97.9 98.1 110.6 160.2 164 142.1 140.7 120.4 113.4 165.6 144.7 145.8 204.6 253.8 243.5 204 201.8 256.2 193 156 203.3 342.2 221 138.2 107.6 102.5 102.6 117.5
-9999 -9999 -9999 -9999 -9999 -9999 37.9 48.2 59.1 63.6 60.1 67.6 73 82.3 86.7 96.2 80.9 108.4 98 90.2 101.6 123.9 177.9 146.6 141.8 142.2 137.4 131.4 120.8 120.6 115.7 137.4 145.2 118 118.9 140 147.1 166.3 195.8 191.1 165.5 181.3 152 120.9 125.2 135.8 121.9 145.6 118.6 151.9 169.5 148 143.2 132.6 140.3 163.5 173.4 131.4 121.9 110.8 106.9 149.5 192.3 195.9 230 168.6 208.5 144.7 158.7 221.5 205.3 222.8 223.2 326.6 278 189.6 155.5 126 116 121.4
-9999 -9999 -9999 52.3 51.5 51.1 55.5 58.8 58.6 58.6 69 61.8 67.8 79.2 92.5 99 94.6 113 113.8 90.5 126.7 159.5 183 162.2 160.7 147.3 131.2 100 100.5 115.9 95.1 124.3 131 122.2 132.3 120.8 127.8 164.3 187.9 151 154 148.5 154.5 146.5 138.1 135.5 134.5 148.5 131.5 147.8 149.8 159.8 137.4 148.8 159.3 156.2 181.4 171.4 171 157.8 152.2 177.6 208.8 204.9 154.3 144.7 197.2 133.5 132.2 175.4 146.4 153.6 200.6 226 267.8 240.1 235.9 213.3 179.5 147.1
-9999 -9999 -9999 -9999 -9999 53 58.3 60.2 51 58.6 72.8 72.5 70.9 69.6 76.8 108.2 111.3 124.8 122.2 124.2 134.7 153.7 198.3 184.7 141.9 131.9 137.5 104.3 100.5 119.3 121.3 128.3 129.8 129.6 136.4 163.7 182.4 195.9 161.1 128.8 144.8 144.9 140.5 144.3 126.4 132.7 142.3 157.7 162.8 167.5 168.3 168.2 173.8 178.3 158.6 131.6 199.5 209.7 196.6 186.3 200.7 172.8 169 215 141.6 153.3 150 113.6 148.1 153.1 110.2 113.2 148.4 245.1 275.5 236.4 228.8 212.6 189.1 180.5
-9999 -9999 -9999 -9999 -9999 -9999 63.9 54.5 50.7 53.2 61.7 75.1 81.6 82.1 83.5 105 115.8 128.4 144.9 149.9 171 187 207.7 164.1 126.4 99.9 121.8 122.6 105.7 128.5 115.1 115.3 114.3 140.7 157.7 182.7 184.3 202.8 160.1 135.9 153.6 162.4 159.8 167.1 146.5 132.6 139.2 146.6 171 177.3 192.6 171 188.3 213.7 189 201.4 204.3 172.8 166.3 134.2 147.4 160 127.8 182.3 178.5 155.3 134.3 143.3 142.2 108.3 93 103.8 156.3 267 262.4 244 219 200.9 189.6 196.7
-9999 -9999 -9999 -9999 -9999 -9999 59.1 51.5 51.4 54.9 66.6 68.9 89.2 99 94.6 111.5 118.6 128.8 120.9 116.3 141.8 201.5 182.7 118.3 103.2 91.5 113.2 148.6 149.6 131.2 113.1 123.2 116.4 158.4 157.4 190.9 218.8 181.1 176.5 158.9 171.7 184.3 191.1 179.8 160.1 171.9 136.8 170.1 198 145.8 154.5 197.9 234.8 223.5 186.8 149.5 125.5 102.2 110.7 115.5 147.9 138.1 111.4 141.3 208.3 160.3 170.2 160.5 106.4 87.3 79.1 102.8 150.1 222.9 209.8 191.2 184.6 180 174.7 182
-9999 -9999 -9999 -9999 -9999 80.6 65 63.6 55.4 72.5 72.9 83.7 87.6 101.7 106.9 120.7 146.5 128.4 144 167.6 191.6 213.4 144.2 105.9 88 93.9 120 160.3 140.7 106.1 133.9 128.3 118.1 176.2 200.1 214.6 202.3 152.1 151.2 181.5 205.1 180.3 211.7 223.8 212.3 159 143.4 213.2 175.6 150.5 190.6 236 217.6 144.1 132.9 112.5 104.5 88.3 101.1 125.7 147.4 129.7 101.9 117.6 160.8 214.7 200.8 172.2 120.9 95.3 79.3 102.6 147.1 229.1 163.9 141.2 158.1 161.6 136.4 143.2
-9999 -9999 -9999 -9999 -9999 -9999 -9999 71.8 66 66.7 66.6 76.7 95.7 96 106 120.6 128.9 152.4 164.3 159.4 167.5 248.2 168.6 117.7 110.1 130.1 155.9 164.8 123.6 125.7 161 137.2 106.4 144.8 206.1 207.3 150.7 131.3 136 176.6 172.4 225.8 249.3 274.8 245.3 166.4 216.7 272.4 203 181.2 248.8 241.5 201.5 145.8 114 96.9 85.2 86.7 109.2 135.8 154.2 151.7 149.4 165.1 179.7 174.8 199.8 181.1 127.1 92.6 77.3 94.7 141.8 256.2 185.9 172.4 188.2 172.8 169.1 201
-9999 -9999 -9999 -9999 -9999 -9999 -9999 69.5 73.7 65.2 63.2 69.3 89.3 106.5 112.5 99.4 122.1 142.8 109.8 130.4 182.1 209.8 257.7 185.6 189.4 209.9 183.6 133.3 116.2 121.5 151.1 178.6 129.5 192.1 250.5 163.3 121.4 141.3 155.2 145.2 132.4 193.1 299.7 385.5 293.8 312.3 391.6 363 316.1 304.2 247.4 149.8 135.9 146.2 109.3 101.1 91.7 92.5 113.9 129.7 147.8 144.7 137 129.7 120 115.3 142.7 219.9 165 106.6 94.6 99.7 135.2 250.5 223.1 206.7 156 123.3 130.1 144.2
-9999 -9999 -9999 -9999 -9999 -9999 -9999 72.7 72.9 80.4 78 83.3 95.9 107.2 101.1 91.2 137.9 144.1 133.2 145.6 170 142.3 217.2 298.1 237.6 194.8 145.1 139.2 150.9 117.7 118.9 185.6 197.7 265.5 182 150.2 155.9 141.4 163.2 170.5 187.7 221.5 298.7 497.2 480.4 259 259.1 223.2 198.3 220.5 252 144.4 146.9 115.8 91.6 95.5 86.8 92.9 98.4 103 128.7 123.9 108.5 99 94.2 92.4 131.6 222.3 183.7 137.4 126.6 141.6 188 226.5 176.7 200.1 123.2 88.9 96.3 131.9
-9999 -9999 -9999 -9999 -9999 -9999 -9999 76.3 64 80.8 88.2 91.6 101.6 103.6 111.1 112.6 136 130.6 114.5 134 130.3 151.1 208.4 321.5 226.9 155 138.3 151.3 176.6 121 109.8 182.8 295.3 240.2 194.9 170.3 163.5 154.2 157.6 158.5 146.7 208 328.2 487.1 372.5 189.3 204.6 150.2 140.8 199.9 269.3 234.6 213.9 154.4 115.8 122 117.8 117.1 101.1 94.2 111 124 120 122.8 121.1 104.4 124.1 209.4 200.1 175.4 205.8 217.2 282.9 179.6 225.1 158.4 114.3 89.9 102.5 165.5
-9999 -9999 -9999 -9999 -9999 -9999 -9999 75.9 61 73.9 84.5 77 101.2 109.9 110.7 115.1 124.5 117.4 116.7 140.8 173.9 203.6 276 324.8 409.8 293.5 181 220.5 208 162.9 157 261.6 341.5 251.2 203.1 168.7 150.4 157.8 171.5 153.3 135.5 201.2 336.9 293.6 226.2 208.7 168.3 138 185.9 209.8 231.5 234.7 203.9 183.9 169.2 158.3 139.2 130.8 119.2 102.5 113 114.6 110.5 105.6 132.6 139.1 162.2 195.9 242.6 232.7 201.3 221.9 262.4 245.4 240.5 157.3 127.3 99.9 121.5 218.8
-9999 -9999 -9999 -9999 -9999 -9999 72.9 67.7 67.2 73 75 90 98.8 115.6 108.7 115.8 131 103.6 91 132.8 148.2 234.5 258.7 332.1 413.4 457.3 293.3 265.2 194 261.6 265.8 373.5 241.3 201 199 172.7 155.7 167.3 190.2 184.3 172.2 322.8 331.3 214.7 163.1 199.8 136.1 163.3 192.4 151.9 164.9 151 212.5 206.6 196.9 150.2 142.1 136.1 116.6 115.6 118.6 104.3 124.1 100.9 112.3 157.5 172.1 184.1 233.4 261.6 252.5 216.7 199.4 307.8 271.7 229.6 165.7 123.9 146.2 248
-9999 -9999 -9999 -9999 -9999 -9999 70.4 95.2 79.9 85.4 84.9 87.5 102.1 119.6 111.3 131.9 137 120.2 110.1 141.7 171 229.9 230.4 269.2 339.3 365.3 544.3 366.5 347 488.2 457.9 321 225.7 168.2 175.9 189.8 146 147.7 182.2 196.3 247.7 331 235.4 260.7 215.3 184.5 161.1 179.9 151.4 159 143.1 143.9 163.7 219.9 162.8 167.9 130.5 118.6 114.5 136.2 100.3 93.2 122 117.4 101.7 117.1 151.8 180.7 154.5 212.5 270.2 208.9 151.5 199.3 335.6 228.4 197.1 175.3 182.9 286.8
-9999 -9999 -9999 -9999 -9999 -9999 78.1 88 85.3 95 86 87.1 99.5 126.3 108.7 101 128.9 143.3 141.9 153.3 202.1 235.4 262 306.6 326 278.6 782.4 629.6 737.8 512.2 313.9 245.2 207.7 235.3 203 198.6 166.7 157.7 215.6 193.8 275.3 262.5 248.2 219 209.3 157.8 148.8 125.6 104.6 124.7 124.8 161.7 181.1 210 161.5 151.2 147.7 117.6 123.3 138.7 108.8 90.9 104.6 141.2 108.2 92.4 104.7 137.4 129.8 137.5 168.1 297 177.4 153.7 258.7 221.5 172.2 221.8 333.5 270.5
-9999 -9999 -9999 -9999 -9999 81.7 85 96.7 85.9 97.4 99.2 85.6 95.9 130.3 105.1 102.5 137.1 133.2 151.5 178.8 198.3 248 317.8 412.2 522.4 561.9 1257.8 2287.3 785.9 393.8 309.9 305.6 323.3 226.2 196.9 227.3 213.4 191.9 249.3 275.5 289.1 206.7 216.6 173.4 163.8 112.4 99.6 96.8 93.9 102.1 99.2 134 190 206.5 191.5 173.3 161.1 121.5 111.9 137.9 141.5 103.4 98 137.6 161.7 116.5 102.8 92.4 109.2 142 165.5 214.2 323.7 204.9 198.9 341.8 217.8 269.9 279.5 182.3
-9999 -9999 -9999 -9999 106 102.8 111.4 92.7 92.8 110.9 111.5 108.4 125.1 141.7 113.6 106.1 160.4 176.2 129.6 144.1 181.8 221.3 286 431.2 538.9 1126.1 3410.2 3451.6 1561.9 541.1 540.9 476.7 382.9 338.7 304.1 293.1 263.8 203.5 217.6 244.9 196.6 197.7 206.5 177.5 127.7 108.6 95.6 105.5 120.2 128.8 138.6 141.6 171.6 181.1 205.5 168.4 148.7 114.1 94.1 112.6 146.7 127.1 97 107 139.9 169.6 138.4 97 105 110.5 129.6 169.1 248.4 363.6 279.2 343.6 389.3 322.5 211.3 140.6
-9999 -9999 -9999 -9999 113.5 119.5 121.3 108.7 121.7 106.8 101.2 110.6 131.9 138 100.2 114.5 172.9 198.4 166.3 195.5 199.7 257.9 349 491.7 583.4 889.4 1595.3 1347 662.5 598.2 495.8 253.7 184.8 185.2 235.9 244.2 218 155.2 148.5 188.2 149.3 133.8 146.5 169 156.6 141 127.6 131.8 129.4 110.7 129 166.1 170.8 201 210.7 185.7 148.9 139.2 108.8 109.3 119.4 169.9 123.3 92.9 106.9 162.5 140.4 128.7 140.8 126.4 148.3 237.8 320.6 373.3 437.5 476.1 285.3 214.2 244.2 181.4
-9999 -9999 107.4 99.2 129.4 131.6 134.7 108.3 141.6 121.1 108.9 112.4 155.5 133.8 102.2 132.8 216.6 247 249 285 291.5 346.4 295.8 236.9 242.5 492.9 836.8 406.2 379.6 239.5 351.6 379.4 189.1 191.4 205.2 196 186.7 154 140.7 126.1 117.4 101.4 104 136.9 154.7 130.8 138.6 131.3 132.8 134.9 146.8 159.1 167.2 193.6 191.2 167.5 149.3 147.4 126.2 135.8 126.2 170.6 163.3 118.9 102.4 140 173.6 143.2 198.7 207.6 253.2 215.2 189.2 249.2 371.4 603.9 328 204.7 153.1 161.9
-9999 91.2 109.2 114 109.2 126.3 134.4 138.9 148.4 163 169.4 151.6 162.4 165.3 121.4 169.3 225 210.8 192.6 179 169.8 194.1 194.8 170 240.7 458.5 554.1 324.8 245.5 154.4 190.1 352.7 296.6 264.4 168.8 135.4 130.6 142.7 138.7 126.2 100.2 97.4 115.6 126.8 147.5 129.7 135.3 148.8 148.6 167 165.8 160 169.4 182.6 163 147.4 125.6 157 150.1 181.7 183.5 199.8 192.1 177.5 162.3 182.6 219.8 232.1 211.3 225.8 172.7 117.7 104.5 187.9 313.3 383.1 298 203.5 135.4 107.5
-9999 79.2 89.6 77.5 80.5 110 131.7 112.5 129.5 124.1 160.8 199.1 195.7 216.8 192.6 204.2 147.7 155.6 115.8 110.8 130.4 207.4 258.5 235.3 396.8 361.6 282.8 162.5 144.1 121.7 132.2 194.4 338.8 270.3 170.2 151.3 177.6 166.9 129.5 115.1 109.7 124.5 128.4 103.7 132.1 133 139.1 170.9 167.7 177.3 191.7 172.6 180.8 176.5 163.9 149.6 131.7 163.5 177.4 171.2 170.3 140 140.1 163.7 158.2 143.8 139.3 116 105.6 125.4 108.7 89.6 93.2 123.9 164.2 185.5 157.3 127.6 123.4 92.1
-9999 74.8 90 97.5 101.6 116.3 129.8 108.5 128.9 143.4 168.9 182.4 181.4 206.5 221.8 161.5 112.1 114.1 97.3 98.7 129.6 178.2 267.9 353.2 263.4 227.3 211.6 138.6 142.3 138.4 137 170.9 259.3 258.7 240 228.5 175.8 154.9 171.8 169.5 161.7 171.1 150.4 124.5 138.2 162 167.9 177.5 202.1 212.1 209.2 202.2 200.5 183.5 182.8 175 174.8 183.7 160.3 -9999 -9999 -9999 -9999 -9999 -9999 -9999 -9999 -9999 -9999 -9999 -9999 -9999 -9999 -9999 -9999 -9999 -9999 -9999 -9999 -9999
-9999 72.1 88.5 95 117 110.2 102.5 148.8 148.4 161.3 129.8 133.2 127.4 163.2 195.5 219.9 142.7 136 129.4 137.6 174.1 247.9 284.6 252.8 178.9 205.4 172.3 137.2 148.2 154.1 151.1 169.8 241.6 250.8 271.1 239.5 234.6 221.3 204.5 192.6 180 192.2 188.3 176.8 172.7 172.8 160.4 171.9 203.3 215.1 167.1 167.1 173.1 176.5 152.7 156.2 163.1 164.4 138.3 -9999 -9999 -9999 -9999 -9999 -9999 -9999 -9999 -9999 -9999 -9999 -9999 -9999 -9999 -9999 -9999 -9999 -9999 -9999 -9999 -9999
-9999 -9999 80.1 100.4 121.2 123.5 111.3 135.9 144.2 115.9 129.9 104.1 128.9 137.3 153.8 249.1 222.8 245.4 203.6 199 267.9 259.6 183.1 171 151 184.1 143.5 117.1 140 164.1 180 197.3 195.4 211.9 227.5 203.8 172.8 157.7 140.4 125.7 132.9 142.6 156.5 145.4 148.4 130.6 138.6 149 156.3 201 157 124.5 135.8 142.4 142.2 142 141.5 139.7 -9999 -9999 -9999 -9999 -9999 -9999 -9999 -9999 -9999 -9999 -9999 -9999 -9999 -9999 -9999 -9999 -9999 -9999 -9999 -9999 -9999 -9999
-9999 -9999 91.5 106.7 132.1 143.4 139.4 154 122.7 100 131.9 133 134.7 140.3 126.3 160.2 219.3 327.9 301.5 266.5 187.9 156 142.7 114.6 120.3 151.3 191.6 154 141.4 151.8 165.1 189.5 193.3 201.1 189.3 193.5 177.9 149.9 123.1 106.4 107.3 147.2 139.8 129.1 131 114.1 134.4 119 123.5 203.5 183.9 147.4 141.1 122.2 111.6 124.7 123 116.5 -9999 -9999 -9999 -9999 -9999 -9999 -9999 -9999 -9999 -9999 -9999 -9999 -9999 -9999 -9999 -9999 -9999 -9999 -9999 -9999 -9999 -9999
-9999 -9999 84.4 93.8 119.7 168.7 154.7 147.7 143.6 123.3 138.6 166.2 153.7 178.5 128.8 137.5 218.1 409.2 358.1 295.3 183.3 178.9 139.4 113.5 133.3 141.2 181.7 260.9 158.4 150.4 170.7 179.9 172.2 147.7 158.8 165.6 166.9 152.4 129.8 113.5 108.1 120.4 114.5 127.1 130.1 132.5 140.2 155.2 157.3 198.4 189.9 161.2 141.3 120.7 114.7 120.9 110.4 97.5 -9999 -9999 -9999 -9999 -9999 -9999 -9999 -9999 -9999 -9999 -9999 -9999 -9999 -9999 -9999 -9999 -9999 -9999 -9999 -9999 -9999 -9999
-9999 67 72.1 102.8 135.3 147.5 157.1 134 151.1 156.4 128.1 190.3 178.4 220 168.3 191.8 284 351.9 312.5 176.8 183.4 188.9 160.9 145.7 198.3 252.6 268.7 302.4 230.3 247.4 204.6 178.7 152.7 130.3 140.2 152 135 137.4 117.1 115.1 101.3 110.6 110.3 104.5 107.7 120.3 133.5 125.2 131.8 193.7 208.5 154.5 121.6 113.2 98.8 97.7 104.7 -9999 -9999 -9999 -9999 -9999 -9999 -9999 -9999 -9999 -9999 -9999 -9999 -9999 -9999 -9999 -9999 -9999 -9999 -9999 -9999 -9999 -9999 -9999
-9999 73.6 82.2 85.9 124 126.8 170.4 191.4 197.7 190.1 186.7 224.9 290.1 271.8 258.1 286.6 366.3 505.7 240.7 214.1 190.2 168.7 215.5 202.1 295.7 301.2 259.2 402 411.4 246 160.3 124.1 125.1 108 116.6 147.3 120.6 108.3 116 121.9 104.2 97.2 103.3 95 87.6 102.1 122.9 94.2 107.7 157.3 206.1 153.4 136 109.6 98.5 99.4 92.3 -9999 -9999 -9999 -9999 -9999 -9999 -9999 -9999 -9999 -9999 -9999 -9999 -9999 -9999 -9999 -9999 -9999 -9999 -9999 -9999 -9999 -9999 -9999
-9999 83.9 88.9 91.9 122.4 143.4 160.7 172.9 202.7 220.6 251 242.7 228.5 257.4 279.1 369.1 602 754.8 296.4 335.6 328.5 283.3 294 286.2 237.6 167 137.5 174.8 359 378.9 209.1 142.8 117 92.2 113.9 120.5 103.7 99.5 112 130.4 97.7 92.3 116.5 121.9 97.4 98.6 91.1 101.1 113.9 170.4 230.7 144.4 118.9 122.7 117.6 108.3 -9999 -9999 -9999 -9999 -9999 -9999 -9999 -9999 -9999 -9999 -9999 -9999 -9999 -9999 -9999 -9999 -9999 -9999 -9999 -9999 -9999 -9999 -9999 -9999
-9999 77.4 99.4 104.5 129.4 122.4 158.2 169.7 173.7 205.9 165.4 192.6 209.3 230.6 188.8 252.5 436.4 366.4 207.4 159.6 198.9 241.3 199.2 194.6 186.7 160.4 138.4 146.4 226.6 233.4 303.1 184.1 132.1 100.8 110.2 94.6 85.2 77.5 107.3 129.9 89 99 123.5 137.6 134.3 128.9 114.3 117.8 129.7 183.9 231.8 131.2 107.6 125.7 123 97.8 91 -9999 -9999 -9999 -9999 -9999 -9999 -9999 -9999 -9999 -9999 -9999 -9999 -9999 -9999 -9999 -9999 -9999 -9999 -9999 -9999 -9999 -9999 -9999
-9999 83.8 101 115.4 116.4 119 123 139.8 142 187.2 179.1 154.3 174.3 201.1 199 169.2 378.4 197.6 228.4 198.2 196.6 177.3 147.7 131.2 126.3 126.8 131.6 157.6 189.2 180.5 221.7 288.3 215.5 126.9 106 109.2 98.7 99.3 118.8 146.3 97 99.2 132.5 135.2 131.7 144.9 165.4 173.2 170.1 199.8 251.9 140.5 104 139.5 125.5 94.2 94.6 -9999 -9999 -9999 -9999 -9999 -9999 -9999 -9999 -9999 -9999 -9999 -9999 -9999 -9999 -9999 -9999 -9999 -9999 -9999 -9999 -9999 -9999 -9999
-9999 82.9 99.7 110.7 116.9 112.7 110.7 124.9 152.9 134.8 155.7 163.4 180.2 147.9 119.8 147.3 321.3 171.6 140.9 177.2 177.9 131.9 120.9 111.5 95.6 93.9 96.2 113.3 134.1 133.7 150.5 181.3 262.7 203.3 149 149.7 133.5 130.3 143.7 146 107 117.4 147.1 142.7 107.1 112.7 135.2 154.9 184.7 208.6 247.4 178.5 131.5 163.5 122 95.5 103.1 -9999 -9999 -9999 -9999 -9999 -9999 -9999 -9999 -9999 -9999 -9999 -9999 -9999 -9999 -9999 -9999 -9999 -9999 -9999 -9999 -9999 -9999 -9999
76.2 87.1 95.2 98.7 111.4 114.6 115.9 127.3 144.1 123.6 140.2 173.2 140.9 100.8 116.3 185.4 288.5 156 109.2 122.9 149.6 119.5 99 79.9 78.3 76.1 74.5 91.7 93.3 95 104.8 124.3 171 290.9 258 271.2 197.7 196.4 189.2 133.6 95.7 121.4 151.3 136.4 97.8 83.9 97.1 112.4 117.3 128.6 183.9 257.8 205 179.8 140.1 119.1 109.1 87.6 -9999 -9999 -9999 -9999 -9999 -9999 -9999 -9999 -9999 -9999 -9999 -9999 -9999 -9999 -9999 -9999 -9999 -9999 -9999 -9999 -9999 -9999
75.5 87.6 91 94.2 101.7 115.9 110.1 113.1 120.4 114.5 132 171 168 109.1 125.7 214.8 206.6 131 92.9 100.5 125.4 132.6 97.9 78 62.7 58.5 65.2 69.7 77.8 79.9 90.8 121.5 178.7 218.7 170.6 220.3 328.7 307.1 180.9 126.9 112.5 116.1 145.6 146.7 111.1 95.1 101.6 104.2 120.4 124 162.8 332.7 246.9 150.2 126.4 122.4 109.5 95.6 96.1 95.1 -9999 -9999 -9999 -9999 -9999 -9999 -9999 -9999 -9999 -9999 -9999 -9999 -9999 -9999 -9999 -9999 -9999 -9999 -9999 -9999
-9999 70.6 83 84.9 93.6 95.6 98.2 104.7 114.3 97.2 134.4 152.5 220.6 161.3 185.7 291.4 182.8 113.5 84.4 83.7 101.4 117.5 97.8 77 62.2 58.2 53.8 60.7 77.8 90.3 115.5 161 189.8 151.7 129.1 191.5 277.1 334.4 274.9 167.7 170.1 140.6 169.9 163.9 130.7 123 133.6 158.4 180.1 212.6 217.9 343.2 188.3 124.8 107.9 89.4 96.4 86.1 89.7 -9999 -9999 -9999 -9999 -9999 -9999 -9999 -9999 -9999 -9999 -9999 -9999 -9999 -9999 -9999 -9999 -9999 -9999 -9999 -9999 -9999
