Data/GIS/Movement/bfa-mvmt-travel-tail.asc
ncols         173
nrows         126
xllcorner     224227.65281
yllcorner     1039207.04677
cellsize      5000
NODATA_value  -9999
[rows 70 to 104 of 126, columns 80 to 159 of 173]
149.2 144.5 183.8 200.5 219.4 258.4 424.7 350.2 263.3 258.6 317.7 353.2 358.1 324.1 263.7 216.3 212.9 199.8 139.4 156.5 209.2 167.6 207.6 162 140.4 158.1 214.5 260.8 306.7 265.3 373 300.7 432 332.5 241.5 186.7 235.4 168.7 158.5 157.7 176.4 145.5 87.9 106.4 95.1 114.6 161.6 217.8 173 286.3 201.3 192.7 152 102.5 72.7 61.5 58.4 55.8 59.9 75.9 82.9 78.7 64.1 52.9 46.5 38.7 38.6 46.1 42.4 49.4 59.2 66 68 83.8 91.9 88.5 94.1 119.7 113.1 106.3
153.1 136.2 143.3 168.3 169.5 251.7 327.3 338.6 245.8 212 244 253.7 352.3 354.3 284.9 272.5 242.4 222.7 156.4 182.4 254.9 225 249.9 237.6 199.8 255.5 378.9 275.5 386.8 424.2 382 442.7 529.9 456 287.2 292.3 223.2 172.3 192.3 171.6 152.8 150.4 99.6 120.2 107.4 137.9 186.5 152 182.1 251.6 247.8 195.6 143.1 96.5 62.6 50.4 51.5 49.1 58.3 62.1 74 73.1 59.5 46.2 41.5 39.3 37.3 37.5 39.6 42.2 49.8 51 58.8 77.1 73.6 69.3 82.5 131 115.6 106.8
150.1 164.8 142 150.5 198.3 221.2 313.4 197.7 141 154 194.8 259.8 283 349 284.8 244.8 253.6 258.4 192.1 239.4 305.2 300 310 376 426.5 516.4 518.2 547.2 851.2 609.7 440.2 638.3 1002 492.5 332.8 243 220.8 204.8 161.2 124.9 115.3 138.4 118.9 112.4 144.3 169.1 125.6 103.5 121.9 210.5 260.8 166.2 142.8 90 65.6 58.5 46.3 43.2 53.3 56.1 64 57.5 54.4 47.3 39 34.7 36.4 36.2 36.5 43.5 46.2 53.6 64.8 68.3 65 79 101.2 119.3 113.8 89.7
191.2 182.2 164 177.9 240.3 305.3 283.1 187.1 135.2 123.4 190.4 225.8 258.9 321.9 300.1 251.4 295.6 326.9 305.9 327.7 346.7 276.3 315.2 428.6 448.3 400.2 385.7 519.8 468.4 462.9 254.9 397.7 646 408.5 339.4 295.7 258.1 199.7 135.8 102 89.8 129.6 121.9 117.4 153.6 142.1 100.7 87.3 103.9 177.8 203.6 220.8 163 100.6 71.8 64.4 46.2 44 46.4 49 52.3 53.9 47.9 42.7 37.8 38.2 41.1 39.1 43.5 43.7 50 63.1 73.7 80.7 78.1 98.4 120.9 103.2 91.6 81.7
203.9 177.9 212.6 169.4 184.1 285.4 205 188.6 143.4 132.6 168.2 206 202.1 272.3 269.3 295.8 293.3 260.7 295.1 291.1 263.9 190.2 203.7 210 272.9 306.1 300.5 348.1 336.1 319.3 374.3 357.9 363.4 264.1 195.9 205.5 229.1 221.3 166.5 120.3 97.6 119.2 143.6 148.5 145 126.8 86.3 76.1 102.3 143.3 146.3 211.8 151.6 106.8 77.5 65.4 51.2 47.4 41.3 45 45.6 42.9 42.3 41.1 37.9 40.3 41.6 44.6 44.8 56 56.7 63.6 81.2 101.8 111.9 118.8 95.1 78.4 73.6 77.7
206.1 206.1 225.1 181.3 200 239.2 162.4 142.7 139.2 117 124.6 149.2 152.9 234.8 254.9 246.7 263.5 281.6 251.5 226.7 234.1 160.6 124.4 170 174.9 239.3 227.2 212.1 227.9 284.3 282.9 262.4 357 211.9 128.7 121 129.8 152.7 182.3 147.2 110 101.7 116.2 138.7 114.7 119.3 96.5 73.4 86.1 101.6 122.6 162.1 176.6 114.7 86.2 67.4 58.1 47.9 40 38.4 37.7 41.1 41.7 42.7 49.5 50.2 49 56.6 49.3 58 59.9 73 89 108.5 125 93.4 78.9 78.2 67.1 70.1
171.7 237.5 234.4 230.1 239.5 160 125.2 101.7 105.5 97.9 107.4 113.1 166.5 227.6 246.2 217 206 254.6 245.7 212.5 205.7 194.7 150.3 135.6 178.3 200.2 193.7 138.7 128.8 146.4 185 259.9 315.8 196.8 119.2 92.3 90.8 120.1 164.2 171.6 135.1 110.5 109.4 132.9 123 92.9 92.7 75.5 65.1 68.6 86 131.3 182.1 120.9 86.9 62.2 54 47.6 41.5 35.5 35.1 39.7 41.1 50 54.3 55 54.4 61.9 60.6 68.5 71.1 83.5 102.7 125 92.6 84.3 79.3 70.5 61.3 57.2
219.1 229.7 280.2 251 188.4 116.7 97.3 85.3 84.8 85 97.4 126.2 160.4 174.3 226.6 229 193.4 203.3 222.1 212.3 204.8 184.8 161.4 141.3 153 167.4 167.4 125.2 116.6 140.5 195.6 330.9 366.5 183.9 115.5 83.4 84.7 115.1 148.3 162.8 146.5 126.2 112.3 136.9 109 77.3 71.7 78.2 65.8 62.6 77.4 115.4 181.1 117.3 87.3 65.5 53.1 41.6 41 33.4 36.6 39 45.7 53.1 63.5 68.1 69.3 69.7 78.4 83.9 100.4 114.9 117.2 107.1 87.8 73.1 61.1 58.7 52.8 43.8
167.2 247.1 278.1 206.5 137.7 94.4 77.2 68.3 72.1 80.2 91 110.2 125.5 122.9 207.6 169.9 140 179.3 143.5 176.6 206.8 157.9 128.4 116.8 121.6 139.3 132.7 130.6 157.7 202.3 264 249.8 277 240.7 138.5 89.1 85 108.9 119.1 142.8 128.2 155.5 148.6 134.7 104.7 76.1 61.1 68.7 69.6 65.2 74.6 108.5 174.5 121.4 87.2 64.6 56.2 47.3 42.7 38.1 36.3 40.7 49.8 56.2 73.5 88.9 106.7 88.2 105.5 114.5 124.5 106.7 96 91.5 90.8 85.9 67 55.3 47.6 39.4
202.1 233.9 260.2 195.3 137.9 91.8 75.1 71 67.7 72.6 80.1 96.7 115.3 143.4 182.5 170.3 124.9 114.3 106.2 120.8 158.5 191.3 154.8 123 143.3 153.9 107.4 150.6 186.8 234.5 217.6 177.7 231.5 241.3 147.3 87.4 83.5 94.9 117.4 128.9 121.8 138.9 156.2 125.6 115.8 84.5 61.3 64.5 75.6 79.9 80.9 99.5 154.2 146.1 95.7 76.6 57.8 51 47.9 43.6 45.6 49.8 53.2 66.1 71.5 95.4 113.5 116.7 120.1 101.4 86.9 72.6 75.1 68.7 67.4 69 67.7 51.1 43.1 38.6
202 265.3 218 197.6 154.2 109.2 100.4 87.6 84.3 90.9 82.9 93.8 115.4 142.2 173.2 185.6 136.1 109.4 89.3 91.8 111.1 148.5 198.6 179.7 178 155.1 141 164.1 184.7 214.6 224.4 209.8 254.4 228.7 124.1 90.9 83.6 111.5 132 130 144.7 148 156.8 117.3 114.8 85.5 61.7 60.1 69.1 79.8 97.4 101.3 131.9 166.5 110 81.1 67 56.4 46.7 45.1 50.2 54.5 57.9 68.6 82 104.1 139.4 121 87.6 82.4 70.2 -9999 -9999 -9999 -9999 50.8 55.3 45.3 -9999 -9999
235.5 222.1 176 146.6 151.4 152.2 149.2 117.1 113.7 119.4 127.2 109 91.5 117.6 150.3 194.7 155.6 125.4 93.3 88.8 91.1 127.3 165.2 157.8 180.4 163.7 156 160.8 178.7 193.3 189.1 204.2 252 220.4 130.2 87.2 93.8 108.5 158.6 151.9 164.8 149.3 166.7 129.4 102 88.3 73.5 62 58.8 68.1 83.5 109.7 122.2 164 132.2 99.4 71.9 60.3 57.2 55.4 59.9 67.8 69.4 87.8 105.3 136.5 97.6 87.2 82.1 68.2 -9999 -9999 -9999 -9999 -9999 -9999 -9999 -9999 -9999 -9999
287.8 259.8 259.4 213.3 181.6 217.5 211.9 159.3 136.1 129.1 143.8 143.3 112.4 107.3 134 183.8 143.8 118.6 102.8 102.8 105.6 136.9 125.8 114.1 131.8 170.6 169.9 152.6 171.9 172.9 191.3 223.9 237 214 127.3 90.9 86.5 119.6 159.8 170.1 155.1 157.6 158.7 147.5 105.4 89.4 90.4 83.1 71.2 65.8 79.7 99 155.3 179 168.2 101.4 88 80.5 65.8 62.4 77.2 79.8 101.2 117.4 144.4 118.8 78.7 61.7 58.3 58.2 -9999 -9999 -9999 -9999 -9999 -9999 -9999 -9999 -9999 -9999
267.9 197.1 204.8 193.1 192.5 166.6 144 183.8 200.2 185.3 182.9 178.9 133.8 96 108.2 162.3 165.4 114.4 109.1 118.8 121.6 124.8 103.8 90.9 105.5 141.4 154.6 131.6 144.1 152.3 189.4 155.9 231.7 238 171.9 120.4 90.8 124.6 179.7 187.1 150 193.3 137.2 151.6 108.3 86.3 92.6 97.6 96.9 86.1 98.2 132.5 142.2 153.7 197.1 157.5 126.7 98.3 75.7 73.7 91.7 106.9 136.1 156.3 99.3 82.7 61.3 57.2 -9999 46.2 -9999 -9999 -9999 -9999 -9999 -9999 -9999 -9999 -9999 -9999
173.3 132.3 184.8 146.3 120.1 114.7 135.8 146 182.5 192.6 172.7 172.3 163.3 117.4 121.9 151.3 161.5 120.9 115.9 134.6 129.1 113.5 95.7 81 110.9 126.7 165.3 139.1 116.2 119 154.3 130.5 178.1 215.5 232.1 146.3 110 139.7 216.2 189.6 173.4 212.6 137.9 154.1 153.2 106.1 105.9 109.1 107.1 110.1 122.2 117.7 96.9 135.1 141.3 183.4 193.5 147.2 104.2 104.2 132.4 178 148.6 108 83.2 -9999 -9999 -9999 -9999 -9999 -9999 -9999 -9999 -9999 -9999 -9999 -9999 -9999 -9999 -9999
171.1 138.4 155.1 125.8 103.6 126.7 129.6 135 137.3 130.2 137.1 146.8 174.6 169.8 149.9 154.8 150.4 138.8 134.8 157 139.1 113.9 96.8 93.1 115.5 144.2 157.6 153.3 148.6 133.9 131.8 138.5 169.2 204.1 193.3 212.2 183.3 166.9 248.6 216.1 235.2 272.1 192.7 184.9 193.4 160.2 154 136.7 126.2 120 125.9 126.1 125.7 133.1 130.6 170.6 154.4 208.3 201.2 181.9 183.3 131.2 98.8 73.3 64.5 64.6 -9999 -9999 -9999 -9999 -9999 -9999 -9999 -9999 -9999 -9999 -9999 -9999 -9999 -9999
122.5 114.9 138.3 120.5 116.4 118 130.8 127.3 121.3 117.7 131.6 141.7 154.5 146.4 165.7 171.5 167.8 147.8 126.8 141.6 118.7 108 114.4 102.8 113.5 119.9 152.9 156.7 134.5 115.3 128.1 145.5 159.8 180.6 161.4 158.2 227.7 222.7 253 306.1 309.1 262.3 208.1 216.2 208.4 141.5 107.7 113.3 117.5 102.7 103.7 140.2 151.7 155.7 143.9 127 157.4 155.7 184.8 226 139.1 99.1 79.9 65.1 54.6 -9999 -9999 -9999 -9999 -9999 -9999 -9999 -9999 -9999 -9999 -9999 -9999 -9999 -9999 -9999
136.4 117.9 129 131.3 116.4 114.2 112.6 117.8 107.5 116.4 117.4 128.5 132.9 132.8 137.3 155.3 149.3 142.7 131.9 152.6 134.7 131.1 115.7 98 113 130.1 139.2 139.4 142.5 118.1 126 137.9 142.7 138.6 167.4 -9999 -9999 -9999 -9999 268.9 449 397.4 228.9 193 173.1 120.9 108.4 106.4 111.5 85.8 86.3 123.7 145.9 189.2 149.3 157 234.3 226.3 246 194.4 201.4 149.5 84.6 64.5 -9999 -9999 -9999 -9999 -9999 -9999 -9999 -9999 -9999 -9999 -9999 -9999 -9999 -9999 -9999 -9999
184.6 149.1 130.7 111.1 118.9 108.1 104.3 103.6 98.7 102.2 98.2 112.9 116.9 111.6 120.1 134 159.3 142.2 135.4 150.1 143.9 147.3 124 130.3 122.7 135.4 119.2 120.8 127.2 130.7 133.7 -9999 -9999 -9999 -9999 -9999 -9999 -9999 -9999 -9999 -9999 -9999 -9999 -9999 157.3 159.3 125.3 113.3 90.7 77.2 67.5 86.8 121.8 208.3 197.2 205.5 423.2 266.9 142.3 152.9 147.4 176.6 -9999 65.9 55.9 -9999 -9999 -9999 -9999 -9999 -9999 -9999 -9999 -9999 -9999 -9999 -9999 -9999 -9999 -9999
135.3 155.9 130.1 121 109.6 106.8 103.1 89.2 90.6 81.6 86 99 93.6 84.8 108.9 129.5 147.7 135.9 134.9 140.5 133.8 128.6 132.7 130.2 120.9 104.8 103.9 96.5 110 114.7 116.8 -9999 -9999 -9999 -9999 -9999 -9999 -9999 -9999 -9999 -9999 -9999 -9999 -9999 -9999 -9999 -9999 -9999 -9999 81 71.3 85.8 152.6 219.4 211.7 244 203.1 224.1 114.2 123 153.8 -9999 -9999 -9999 -9999 -9999 -9999 -9999 -9999 -9999 -9999 -9999 -9999 -9999 -9999 -9999 -9999 -9999 -9999 -9999
119.6 117.4 112.2 115.5 85.8 81.6 -9999 -9999 -9999 -9999 80.7 88.1 81.3 76.4 94.7 132.7 -9999 -9999 157.8 147.6 154.9 127.8 -9999 140.2 125.2 115.3 97.8 88.4 101 114 -9999 -9999 -9999 -9999 -9999 -9999 -9999 -9999 -9999 -9999 -9999 -9999 -9999 -9999 -9999 -9999 -9999 -9999 -9999 -9999 -9999 110.9 197.5 123.3 -9999 -9999 -9999 -9999 -9999 -9999 -9999 -9999 -9999 -9999 -9999 -9999 -9999 -9999 -9999 -9999 -9999 -9999 -9999 -9999 -9999 -9999 -9999 -9999 -9999 -9999
-9999 -9999 -9999 -9999 -9999 -9999 -9999 -9999 -9999 -9999 -9999 -9999 -9999 -9999 -9999 -9999 -9999 -9999 -9999 -9999 -9999 -9999 -9999 -9999 -9999 -9999 120 90 -9999 -9999 -9999 -9999 -9999 -9999 -9999 -9999 -9999 -9999 -9999 -9999 -9999 -9999 -9999 -9999 -9999 -9999 -9999 -9999 -9999 -9999 -9999 -9999 -9999 -9999 -9999 -9999 -9999 -9999 -9999 -9999 -9999 -9999 -9999 -9999 -9999 -9999 -9999 -9999 -9999 -9999 -9999 -9999 -9999 -9999 -9999 -9999 -9999 -9999 -9999 -9999
-9999 -9999 -9999 -9999 -9999 -9999 -9999 -9999 -9999 -9999 -9999 -9999 -9999 -9999 -9999 -9999 -9999 -9999 -9999 -9999 -9999 -9999 -9999 -9999 -9999 -9999 -9999 113.9 -9999 -9999 -9999 -9999 -9999 -9999 -9999 -9999 -9999 -9999 -9999 -9999 -9999 -9999 -9999 -9999 -9999 -9999 -9999 -9999 -9999 -9999 -9999 -9999 -9999 -9999 -9999 -9999 -9999 -9999 -9999 -9999 -9999 -9999 -9999 -9999 -9999 -9999 -9999 -9999 -9999 -9999 -9999 -9999 -9999 -9999 -9999 -9999 -9999 -9999 -9999 -9999
-9999 -9999 -9999 -9999 -9999 -9999 -9999 -9999 -9999 -9999 -9999 -9999 -9999 -9999 -9999 -9999 -9999 -9999 -9999 -9999 -9999 -9999 -9999 -9999 -9999 -9999 -9999 -9999 -9999 -9999 -9999 -9999 -9999 -9999 -9999 -9999 -9999 -9999 -9999 -9999 -9999 -9999 -9999 -9999 -9999 -9999 -9999 -9999 -9999 -9999 -9999 -9999 -9999 -9999 -9999 -9999 -9999 -9999 -9999 -9999 -9999 -9999 -9999 -9999 -9999 -9999 -9999 -9999 -9999 -9999 -9999 -9999 -9999 -9999 -9999 -9999 -9999 -9999 -9999 -9999
-9999 -9999 -9999 -9999 -9999 -9999 -9999 -9999 -9999 -9999 -9999 -9999 -9999 -9999 -9999 -9999 -9999 -9999 -9999 -9999 -9999 -9999 -9999 -9999 -9999 -9999 -9999 -9999 -9999 -9999 -9999 -9999 -9999 -9999 -9999 -9999 -9999 -9999 -9999 -9999 -9999 -9999 -9999 -9999 -9999 -9999 -9999 -9999 -9999 -9999 -9999 -9999 -9999 -9999 -9999 -9999 -9999 -9999 -9999 -9999 -9999 -9999 -9999 -9999 -9999 -9999 -9999 -9999 -9999 -9999 -9999 -9999 -9999 -9999 -9999 -9999 -9999 -9999 -9999 -9999
-9999 -9999 -9999 -9999 -9999 -9999 -9999 -9999 -9999 -9999 -9999 -9999 -9999 -9999 -9999 -9999 -9999 -9999 -9999 -9999 -9999 -9999 -9999 -9999 -9999 -9999 -9999 -9999 -9999 -9999 -9999 -9999 -9999 -9999 -9999 -9999 -9999 -9999 -9999 -9999 -9999 -9999 -9999 -9999 -9999 -9999 -9999 -9999 -9999 -9999 -9999 -9999 -9999 -9999 -9999 -9999 -9999 -9999 -9999 -9999 -9999 -9999 -9999 -9999 -9999 -9999 -9999 -9999 -9999 -9999 -9999 -9999 -9999 -9999 -9999 -9999 -9999 -9999 -9999 -9999
-9999 -9999 -9999 -9999 -9999 -9999 -9999 -9999 -9999 -9999 -9999 -9999 -9999 -9999 -9999 -9999 -9999 -9999 -9999 -9999 -9999 -9999 -9999 -9999 -9999 -9999 -9999 -9999 -9999 -9999 -9999 -9999 -9999 -9999 -9999 -9999 -9999 -9999 -9999 -9999 -9999 -9999 -9999 -9999 -9999 -9999 -9999 -9999 -9999 -9999 -9999 -9999 -9999 -9999 -9999 -9999 -9999 -9999 -9999 -9999 -9999 -9999 -9999 -9999 -9999 -9999 -9999 -9999 -9999 -9999 -9999 -9999 -9999 -9999 -9999 -9999 -9999 -9999 -9999 -9999
-9999 -9999 -9999 -9999 -9999 -9999 -9999 -9999 -9999 -9999 -9999 -9999 -9999 -9999 -9999 -9999 -9999 -9999 -9999 -9999 -9999 -9999 -9999 -9999 -9999 -9999 -9999 -9999 -9999 -9999 -9999 -9999 -9999 -9999 -9999 -9999 -9999 -9999 -9999 -9999 -9999 -9999 -9999 -9999 -9999 -9999 -9999 -9999 -9999 -9999 -9999 -9999 -9999 -9999 -9999 -9999 -9999 -9999 -9999 -9999 -9999 -9999 -9999 -9999 -9999 -9999 -9999 -9999 -9999 -9999 -9999 -9999 -9999 -9999 -9999 -9999 -9999 -9999 -9999 -9999
-9999 -9999 -9999 -9999 -9999 -9999 -9999 -9999 -9999 -9999 -9999 -9999 -9999 -9999 -9999 -9999 -9999 -9999 -9999 -9999 -9999 -9999 -9999 -9999 -9999 -9999 -9999 -9999 -9999 -9999 -9999 -9999 -9999 -9999 -9999 -9999 -9999 -9999 -9999 -9999 -9999 -9999 -9999 -9999 -9999 -9999 -9999 -9999 -9999 -9999 -9999 -9999 -9999 -9999 -9999 -9999 -9999 -9999 -9999 -9999 -9999 -9999 -9999 -9999 -9999 -9999 -9999 -9999 -9999 -9999 -9999 -9999 -9999 -9999 -9999 -9999 -9999 -9999 -9999 -9999
-9999 -9999 -9999 -9999 -9999 -9999 -9999 -9999 -9999 -9999 -9999 -9999 -9999 -9999 -9999 -9999 -9999 -9999 -9999 -9999 -9999 -9999 -9999 -9999 -9999 -9999 -9999 -9999 -9999 -9999 -9999 -9999 -9999 -9999 -9999 -9999 -9999 -9999 -9999 -9999 -9999 -9999 -9999 -9999 -9999 -9999 -9999 -9999 -9999 -9999 -9999 -9999 -9999 -9999 -9999 -9999 -9999 -9999 -9999 -9999 -9999 -9999 -9999 -9999 -9999 -9999 -9999 -9999 -9999 -9999 -9999 -9999 -9999 -9999 -9999 -9999 -9999 -9999 -9999 -9999
-9999 -9999 -9999 -9999 -9999 -9999 -9999 -9999 -9999 -9999 -9999 -9999 -9999 -9999 -9999 -9999 -9999 -9999 -9999 -9999 -9999 -9999 -9999 -9999 -9999 -9999 -9999 -9999 -9999 -9999 -9999 -9999 -9999 -9999 -9999 -9999 -9999 -9999 -9999 -9999 -9999 -9999 -9999 -9999 -9999 -9999 -9999 -9999 -9999 -9999 -9999 -9999 -9999 -9999 -9999 -9999 -9999 -9999 -9999 -9999 -9999 -9999 -9999 -9999 -9999 -9999 -9999 -9999 -9999 -9999 -9999 -9999 -9999 -9999 -9999 -9999 -9999 -9999 -9999 -9999
-9999 -9999 -9999 -9999 -9999 -9999 -9999 -9999 -9999 -9999 -9999 -9999 -9999 -9999 -9999 -9999 -9999 -9999 -9999 -9999 -9999 -9999 -9999 -9999 -9999 -9999 -9999 -9999 -9999 -9999 -9999 -9999 -9999 -9999 -9999 -9999 -9999 -9999 -9999 -9999 -9999 -9999 -9999 -9999 -9999 -9999 -9999 -9999 -9999 -9999 -9999 -9999 -9999 -9999 -9999 -9999 -9999 -9999 -9999 -9999 -9999 -9999 -9999 -9999 -9999 -9999 -9999 -9999 -9999 -9999 -9999 -9999 -9999 -9999 -9999 -9999 -9999 -9999 -9999 -9999
-9999 -9999 -9999 -9999 -9999 -9999 -9999 -9999 -9999 -9999 -9999 -9999 -9999 -9999 -9999 -9999 -9999 -9999 -9999 -9999 -9999 -9999 -9999 -9999 -9999 -9999 -9999 -9999 -9999 -9999 -9999 -9999 -9999 -9999 -9999 -9999 -9999 -9999 -9999 -9999 -9999 -9999 -9999 -9999 -9999 -9999 -9999 -9999 -9999 -9999 -9999 -9999 -9999 -9999 -9999 -9999 -9999 -9999 -9999 -9999 -9999 -9999 -9999 -9999 -9999 -9999 -9999 -9999 -9999 -9999 -9999 -9999 -9999 -9999 -9999 -9999 -9999 -9999 -9999 -9999
-9999 -9999 -9999 -9999 -9999 -9999 -9999 -9999 -9999 -9999 -9999 -9999 -9999 -9999 -9999 -9999 -9999 -9999 -9999 -9999 -9999 -9999 -9999 -9999 -9999 -9999 -9999 -9999 -9999 -9999 -9999 -9999 -9999 -9999 -9999 -9999 -9999 -9999 -9999 -9999 -9999 -9999 -9999 -9999 -9999 -9999 -9999 -9999 -9999 -9999 -9999 -9999 -9999 -9999 -9999 -9999 -9999 -9999 -9999 -9999 -9999 -9999 -9999 -9999 -9999 -9999 -9999 -9999 -9999 -9999 -9999 -9999 -9999 -9999 -9999 -9999 -9999 -9999 -9999 -9999
-9999 -9999 -9999 -9999 -9999 -9999 -9999 -9999 -9999 -9999 -9999 -9999 -9999 -9999 -9999 -9999 -9999 -9999 -9999 -9999 -9999 -9999 -9999 -9999 -9999 -9999 -9999 -9999 -9999 -9999 -9999 -9999 -9999 -9999 -9999 -9999 -9999 -9999 -9999 -9999 -9999 -9999 -9999 -9999 -9999 -9999 -9999 -9999 -9999 -9999 -9999 -9999 -9999 -9999 -9999 -9999 -9999 -9999 -9999 -9999 -9999 -9999 -9999 -9999 -9999 -9999 -9999 -9999 -9999 -9999 -9999 -9999 -9999 -9999 -9999 -9999 -9999 -9999 -9999 -9999
