Data/GIS/Movement/bfa-mvmt-travel-stock.asc
ncols         173
nrows         126
xllcorner     224227.65281
yllcorner     1039207.04677
cellsize      5000
NODATA_value  -9999
[rows 70 to 104 of 126, columns 0 to 79 of 173]
-9999 -9999 -9999 -9999 -9999 -9999 -9999 49.1 61.9 64.8 65.8 74.9 79.2 85.2 82.1 80.4 85.1 109.1 112.6 94 97.6 139.2 165.5 133.1 126.2 131.8 156.3 123.3 123.7 137 129 141 135.6 107.6 118.1 126.8 128.8 155.4 165.6 214.3 204.7 166.3 114.2 106.2 129.1 146.9 150.6 151.2 138.6 152.1 169.6 114.6 104.9 99.9 125.9 162.8 146.7 142.8 139.2 132.9 115.8 164.7 155.3 153.1 200.2 246.5 242.4 206.3 208.4 262.8 198.6 153.7 187.9 342.2 222.4 139.2 112.1 98.2 105 118.3
-9999 -9999 -9999 -9999 -9999 -9999 43.1 46.4 62 65.8 65.4 68.1 76 86.5 85.4 94.8 81.4 112.3 98.4 87.2 88.8 133.3 172.7 151.8 149.4 142.4 130.6 132.2 125.4 118.5 114.9 140.2 142.1 116.1 133.9 142.2 151 172.2 195.8 199 169.1 181.1 151.5 120.6 128.6 128.9 125.6 145.8 120.6 156.9 165 141.7 137.1 132.3 142.8 170.2 173.3 143 131.6 120.9 106.8 143.2 193.4 196 239.3 177.3 226.3 151.3 155 220.9 203.1 232 229.3 323.9 293.9 192.7 150.8 131.7 121.2 118.9
-9999 -9999 -9999 54.9 53.3 47.9 47.7 54.3 54.8 60.7 64.9 58.8 74.5 81 87.3 93.9 95.1 115.7 109.1 93.1 125.2 164.9 193.3 161.6 153.4 143.5 131.9 105.2 100.6 115.3 98 120.5 137.8 123.9 129.2 125.5 132.3 165.6 193 156 153.6 149.1 159.5 160.5 150.1 133.8 134.3 143.5 129.9 158.3 153.4 161.9 145.8 144.9 171.7 154.9 188.3 173.5 175.4 158.6 152.7 172.5 216.3 202.3 154 140.7 195 131.2 130.8 186.5 147.4 159.4 206.1 228 283.2 233.2 239.5 210.8 177.7 151.3
-9999 -9999 -9999 -9999 -9999 54 59.3 52.3 54.8 58 74.4 72.2 74.2 60.7 79.3 99 109.9 131.5 125.5 127.2 138.9 148.5 193.6 181.7 140.7 126.4 134 101.9 100.7 124.9 122 128.3 132.3 135.9 137.1 154.5 175.5 201.1 161.8 119.4 150.7 145 150.3 147.7 135.3 129.6 147.4 146.7 162.5 168.5 166.5 173.6 175.3 182.9 159.4 134.7 199.6 216.4 198.7 183.6 195.3 188.6 167.3 217.1 146.1 156.3 155.1 124.5 148.6 145.7 108.7 113.9 148.5 243.9 297.8 239.8 234.7 209.2 194.2 184.7
-9999 -9999 -9999 -9999 -9999 -9999 67.7 55.2 50.8 54 65 78.7 83.6 72.7 80.6 107.2 108.4 126.1 149.7 151.9 178.5 197.9 202.4 159.3 132.2 108.7 133.6 123.9 100.5 125.9 114.4 130 116 145.3 150.5 172.3 198.6 213.9 157 146.5 156 163.8 168 165.8 146.8 149.3 140.7 148.2 164.6 180.1 194.7 165.4 189.9 222.4 188.4 212 202.6 178.9 168.9 133.1 155.7 168.1 131.5 181 169.4 146.9 141.6 152.1 138.6 113.3 96.1 107.6 150 275.3 269.9 239.7 215.2 202.2 182.2 188.5
-9999 -9999 -9999 -9999 -9999 -9999 61.8 51.2 51.9 59.3 64.1 69.6 92.8 99.2 91.9 112.3 109.1 127.8 118.5 118.5 143.3 203.2 194.2 120.1 103.8 83.8 111.8 153.3 143 129.1 114.5 122 128.4 163.8 169.7 193.7 220.8 183.7 187.9 167.9 177.1 186.6 188.2 173 160.8 176 131.7 169.5 193.3 157.9 155 193.1 254 229 194.5 159.2 127.6 111.1 113.1 122.3 138.4 141.2 108.6 152.7 198.2 163 160.9 170 120.3 87 83.8 103.6 142.2 243.4 212.8 182.7 185.1 188.4 165.8 192
-9999 -9999 -9999 -9999 -9999 79.6 62.3 63.9 59.7 71.1 77.7 89.3 94.2 97.8 110.4 120.4 139.1 132.4 142.4 162.5 194.8 212.3 144.4 105.1 87.6 95.3 120.8 153.9 139.3 114.3 137 124.9 121.7 172.3 199.5 223.3 200.7 149.6 158.2 186.7 205.5 180.3 207.2 232.2 215.7 155.8 145.4 212.9 179.6 154.6 189.4 240.2 237.2 140.7 129.2 119.5 100.3 86.6 102.9 131.7 152.2 130.9 97.5 118 152.5 219.2 211.8 174.5 117.7 91.4 83.6 101.5 154.1 239.3 166.4 133.6 165.5 164.9 135.4 152.5
-9999 -9999 -9999 -9999 -9999 -9999 -9999 65.7 67.7 72.3 66.9 73.9 92.5 97.1 106.3 119.4 136.8 157.3 162 157.9 174.2 239.6 178.3 121.6 112.4 128.2 163.7 164 120.3 120.3 154.4 134.1 104.6 147.3 203.9 214.9 166 126.8 145.7 177.6 177.6 229.4 241.2 272.6 243.1 154.2 223.8 276.2 207 176.5 252 252.7 199.1 150.4 115.9 105.2 84.5 87 104.8 139.7 150.4 150.9 147.7 166 187.9 178.3 204.3 185.3 124.2 101.2 80.1 100.6 144.4 255.5 190.5 177.7 193.1 170.5 176.7 196.6
-9999 -9999 -9999 -9999 -9999 -9999 -9999 70.7 70.5 68.4 60.5 71.4 85.8 105.6 115 103 118.9 139.6 117.1 131.8 171.3 209.1 253.1 188.5 188.7 209.7 194.9 134.6 114.2 125.2 153.5 174.1 137.2 188.9 249.6 162.1 127.5 145.3 162.4 143.3 126.4 200.4 295.5 389.9 288.4 314.4 388.4 350.2 306.2 303.3 239.2 146.9 138.4 141 118.8 102.2 88.4 99.8 118.5 137.7 146.4 156.3 137 129.6 119.6 118.6 154.9 232.6 168.9 108.9 88.5 103.5 146 253.4 221.1 206.6 155.9 122.7 130.2 141.6
-9999 -9999 -9999 -9999 -9999 -9999 -9999 73 70.1 82 78.3 83.3 96.6 107.9 104.3 95.9 130.7 134.9 138.1 142.5 181.1 152.6 212.1 292 244.4 190.3 153.8 132.4 147 116.9 122.6 192.2 189.3 255.6 189.4 157.2 156.7 153.2 163.6 169.2 186 217.5 286 497.4 494.2 261.6 252.8 223 201.3 216.4 242.6 138.6 142.3 115.7 103.3 96.9 91.5 94.7 106.2 112.3 135.4 119 101.4 100.1 94.4 93.7 129.7 231.6 183.8 138.9 125.3 146.3 188.4 238.4 182.1 187.1 124.8 88.8 94.2 136.8
-9999 -9999 -9999 -9999 -9999 -9999 -9999 74.2 67.5 82.1 89.7 96.4 91.9 103.2 108.5 110 129 129.5 122.2 133.4 133.5 157.5 217.8 320 223.9 155.2 133.1 142 180 127.9 108.9 176.5 294.9 246.4 193 184.4 160.5 147.7 161.1 140.1 143.1 205.4 323.1 474.2 366.3 194.8 212.5 150.1 144.8 188.3 277.6 229.7 212.3 157.9 118.7 114.8 113.7 113.9 101.9 97.8 111.3 120.6 116.6 129.9 114 97.4 113 208.8 203.8 175.4 209 218.8 278 190.5 221.2 162.2 119.4 93.7 101.5 158.6
-9999 -9999 -9999 -9999 -9999 -9999 -9999 75.5 67.3 73.3 81.8 79.3 95.3 106.5 111.8 110.7 125.4 121.1 121.1 141.1 178.1 206.9 269.9 329.2 410.5 281.5 182.6 213.9 205.9 166.5 164.6 257.5 347.2 247.6 214.7 172.8 155.1 162.5 172.9 163.6 128 209.1 343.8 297.2 227.8 220.4 176.6 137.1 187.6 203.5 237.8 255.3 202.9 196.8 174 159 139.6 118.7 124.5 102.1 125.5 120.8 116.2 110.9 135 144.6 158.1 204.3 246.7 237.3 202.3 220.2 256.4 244.5 241.7 179.3 134.3 109.4 125.3 216.3
-9999 -9999 -9999 -9999 -9999 -9999 74.4 75.3 69 78.3 81.9 93.5 96.8 113.3 111 104.9 118.7 103 93.8 134.2 157 236 258 321.4 406.9 461 301.2 266.1 195.3 261.5 263.2 370.8 245.3 201.4 199.1 185.2 145.6 170.4 190.6 185.9 167.3 331.9 329 194.9 170.1 202.4 141.1 156.6 193 148.4 173.2 160.7 222.5 212.9 197 151.3 146.9 139.3 122.1 127.3 109 110.7 133.9 104.7 110.7 160.7 174.7 188.1 244.6 275.5 245.5 219.5 193.1 307.5 277.6 229.5 164.2 132.8 149.8 249.6
-9999 -9999 -9999 -9999 -9999 -9999 78.7 89.7 84.8 88.9 77.8 81.3 95.5 119.6 104.2 123.3 134.7 115.9 111.3 143.2 180.9 229.2 231.4 277.9 344.7 351.6 525.2 338.5 343.1 477.9 458.5 326.1 220.2 166.9 182.6 195.9 145.9 148.7 194.9 197.1 266.3 341.1 241.4 259.1 217.7 169.8 163.7 170.7 157.2 157 143 147.3 171.6 211.3 170 161.7 136 115.7 118.4 129.1 101.7 91 113.9 125.9 98.3 117 161.9 180.7 157.4 221.1 293.9 218.1 146.4 195.3 349 251.6 207.4 173.7 187.9 305.5
-9999 -9999 -9999 -9999 -9999 -9999 84.5 93.7 87.5 93.6 88.4 86.2 99.3 124.8 112.4 104.4 122 141.5 142.6 154.2 206.3 235.6 264.5 298.4 301.1 256.6 724.9 581.7 727.9 507 312 235.7 202.6 243.4 206 202.6 168.5 158.2 226.2 193.8 272.3 271.3 253.3 219 210.9 157.7 147.3 126.6 107.8 123.8 120.5 165.2 190.7 223.4 158 156.4 148 112.7 120.2 137.5 105.6 88.1 106.4 137.7 108.3 101.2 112.1 132.3 130.9 132.2 169.1 312.1 185.4 148.6 260.2 223.7 175.3 235.5 337.7 264.9
-9999 -9999 -9999 -9999 -9999 82 81.1 101.5 84.1 103 98 86.3 96.1 128.4 109 104.5 132.8 132.9 141.3 184.2 194.9 260.8 304.3 412.9 504.3 531.5 1170.6 2073.7 759.9 385.5 322.3 287.2 325.4 231.9 197 245.3 205.2 192.3 250.6 280.4 291.2 206.8 222.3 184.2 162.8 116.2 103.5 103.4 98.4 104.6 105.6 133.4 181 212.4 189.3 177.6 154.1 122.9 112.2 137.1 146.5 103.9 98.8 133 146.8 114.6 101 98.7 116.1 144.2 168 216 330 202 196 338.3 222 277.4 283.5 181.7
-9999 -9999 -9999 -9999 108 107.8 104.1 96.2 87.4 110.4 118.2 109.7 133.7 142.2 109.9 109.3 165.5 180.2 129.6 144.5 185.5 228.2 284.8 420.1 504.7 1044.5 3061.2 3063.3 1434.8 507.5 529.6 474 372.6 338.2 313.4 291.8 262.2 206 203 241 194.9 211.2 217.5 186.3 132.6 110.6 98.7 107.7 121.2 125.6 130.9 145.5 167.8 188.9 200.7 172.1 149.1 126.8 95.8 117.1 149.6 129.8 99 96.9 145.7 168.2 141.9 98.3 104.6 108.8 128.7 169 254 365.6 285.7 354.1 391 320.7 215.3 147.5
-9999 -9999 -9999 -9999 113 123.5 115.7 108.8 125.2 103.7 95.4 114.1 144.8 143.3 97.8 114.1 174.8 207.3 167.2 195 203.9 257 350 465.3 538.2 824 1450.8 1202.8 633.4 573.9 486.4 239.9 184.1 197.7 242.2 242.6 207.6 163.2 143.8 199.8 147.5 137 141.9 166.1 171.5 152.3 131.3 135.3 124.1 118.7 123.4 158.4 173.9 192.5 210.6 180.4 159 147.7 112 112.2 127.3 166.8 130 99.7 107 160.5 148.4 129.5 147.3 131 160.5 235.5 324.2 369.8 442.3 493 263.3 222.9 252.7 183
-9999 -9999 109.7 102.6 121.1 133.6 136.6 117.2 141.8 128.1 108.3 112 156.2 135.3 102.2 135.9 218 248.6 254.2 291.2 298.6 342.7 279.2 230.2 246.3 473.1 779.7 380.8 372.5 226.3 345.3 376.7 181.3 192.7 202.3 196.2 178.8 155.6 138.7 132.7 121.5 100.6 112.4 134.2 158.3 131.1 136.2 133.1 127.1 135.6 152.1 160.3 163.1 200.2 194.1 161.3 145 146.3 119.9 142.6 128.7 170.9 166 124.9 108.2 145.5 173.2 147.3 207.9 200.2 258.8 228.5 186.4 254.5 369.5 607.2 334.1 208.9 159.6 158.4
-9999 85.6 108.5 112.6 107.8 122.6 132.5 141.9 155.5 157.4 163.9 157 165.6 157.3 129.3 175.2 224.8 210.7 195 179.4 162.7 196.2 194.1 165.2 223.7 445.3 539.1 316.9 238 160.2 183.8 352.7 295 254.1 176.8 133.4 130.1 150.3 138.8 126.5 97 99.6 117.6 122.3 148.2 132.2 139.5 147.5 142.4 170.7 164.5 156.5 167 182.3 160.4 140.7 116 168.4 146.1 185.8 195.9 188.4 189.4 187.4 168.9 185.2 222.6 235 219.3 233.8 162.5 128.2 104.7 178.9 309.4 382.8 292.9 202.6 132.7 107.9
-9999 79.8 101.8 88.8 83 111.2 128.9 116.3 126.5 126.1 162.4 200 197.3 216.2 189.7 209.5 149.9 158.3 126.8 112.2 136 195.2 261.3 239.4 387.7 341.8 274.7 166.3 141.4 121 128 196.4 327.2 275 168 155.6 178.7 166.3 137 114.4 106.8 123.6 133.6 113.3 139.9 136.3 139.6 167.1 171.2 182.2 200.5 166.2 178.1 181.5 169.9 148.7 138.6 170.9 175.5 165.6 164.2 142.6 152.6 169.4 160.8 147.5 136.3 126.7 105.6 125.1 107.7 92.9 93.1 128.5 169.2 188.3 157 134.4 124.5 91
-9999 76 92.3 99.7 107.7 111.6 128.1 110.8 130.8 150.4 164.4 182 171.3 198.8 222.1 155.2 120.7 115.3 104.1 95.4 130.7 182.8 282.4 372.3 255.2 225.9 207.6 139.2 148.4 134.4 135 169.1 270.7 264 236.3 225.5 176.2 159.3 179.4 163.7 180.9 184 145.4 126.1 138.4 171.1 172.6 176.9 198.7 219.1 215.7 208.7 189.1 190.5 176.7 182.4 173.6 180.6 162.2 -9999 -9999 -9999 -9999 -9999 -9999 -9999 -9999 -9999 -9999 -9999 -9999 -9999 -9999 -9999 -9999 -9999 -9999 -9999 -9999 -9999
-9999 75.1 90.2 97.3 119.9 116.7 100.3 142.4 142.4 156.4 129.5 132.9 119 167.4 191.8 218.2 136.3 137.2 130.3 133.6 174.6 255 292.6 251.6 178.7 208.9 166.6 132.7 153 149.9 151.5 167 245.9 255.2 259.2 257 224.5 223.7 197.1 187.1 184.3 192.8 184.9 174.1 178.2 176 158.4 173.8 204.8 207.1 164.4 163.6 178.1 176.3 157.1 160 159.2 161.3 147 -9999 -9999 -9999 -9999 -9999 -9999 -9999 -9999 -9999 -9999 -9999 -9999 -9999 -9999 -9999 -9999 -9999 -9999 -9999 -9999 -9999
-9999 -9999 82.2 101.4 127.1 123.6 113 136.5 144.9 118.6 133.4 106.1 120.6 138.4 157.2 247.6 227.7 238.7 198.2 207.7 269.7 245.7 184.9 168.3 146.7 173.3 142.7 124.3 136.4 166.4 177.3 200.2 207.3 198.2 226.5 210.3 180.9 158.9 134.3 125.5 126.1 146.9 165.9 158.2 163.1 128 145.2 155 157 210.2 157.8 121.3 128.3 139.8 138.2 142.8 142.4 136.5 -9999 -9999 -9999 -9999 -9999 -9999 -9999 -9999 -9999 -9999 -9999 -9999 -9999 -9999 -9999 -9999 -9999 -9999 -9999 -9999 -9999 -9999
-9999 -9999 100.8 100.8 136.1 146.3 147.9 153.9 124.3 97.8 139.9 133 135.7 142.2 121.9 173.9 226.3 335.8 305.6 262.7 184.2 154.8 142.2 120.7 117.3 152.2 198.6 154.9 142.3 155 170.5 180.9 197.6 184.1 189.8 180.2 185.6 155.9 128.8 104.9 110.6 141.7 144.1 125.1 132.2 114.6 136.5 118.7 125.6 203.1 184 138.8 143.9 121 113.6 129.4 115.9 114.4 -9999 -9999 -9999 -9999 -9999 -9999 -9999 -9999 -9999 -9999 -9999 -9999 -9999 -9999 -9999 -9999 -9999 -9999 -9999 -9999 -9999 -9999
-9999 -9999 85.1 85.9 116.5 162.4 149.7 151.1 147.7 119.1 143.8 164 156.8 164.6 126.7 142.3 222.1 395.8 376.8 276.5 183.7 188.8 145.7 115 131.3 142.9 175.5 261.3 157.6 146.1 172.4 174.8 176.5 155.4 159.9 163.1 165.2 154 133 117.5 110.9 121 116.2 121.7 132.2 129.7 145.5 160.9 155.5 196.7 189 162.6 140 114.6 117.5 105.4 107.1 95.6 -9999 -9999 -9999 -9999 -9999 -9999 -9999 -9999 -9999 -9999 -9999 -9999 -9999 -9999 -9999 -9999 -9999 -9999 -9999 -9999 -9999 -9999
-9999 64.5 72.1 94 135.6 144.1 158.8 135.7 158.8 151.1 137.3 194.5 184.7 213.2 161.7 189.1 289.8 358.9 311.9 172.7 188.8 190.5 159.1 141.7 187.8 248.6 272.7 292.8 220.5 246.8 203.5 182.6 165.1 127.3 144.8 157.1 134.5 140.2 123.5 114.6 105.8 99.4 110.9 105.3 103.4 116.2 138.1 125 136.6 186.8 209.8 161.7 124.3 108.3 106.6 98.9 109.3 -9999 -9999 -9999 -9999 -9999 -9999 -9999 -9999 -9999 -9999 -9999 -9999 -9999 -9999 -9999 -9999 -9999 -9999 -9999 -9999 -9999 -9999 -9999
-9999 76.1 84.7 87.2 117.8 121.5 159.8 186.4 201.6 182.6 188.4 234.8 286.6 266.1 242.7 277.7 351 484.3 253.6 232.2 196.7 170.7 218.3 208.6 292.3 305.9 270.1 405.7 414.6 248.2 156.3 122 124.8 107.9 120.2 141.8 123 111.7 121.6 120.2 106.6 103.2 111.4 98.2 87.6 103.2 120.4 100.4 107.4 157.4 213.7 150.7 137 106.3 96.8 106.9 97.5 -9999 -9999 -9999 -9999 -9999 -9999 -9999 -9999 -9999 -9999 -9999 -9999 -9999 -9999 -9999 -9999 -9999 -9999 -9999 -9999 -9999 -9999 -9999
-9999 80.8 90.1 85.3 120.7 138.7 154.5 177.9 209.8 225.6 234.1 257.2 228.2 247 257 358.7 569.9 741.9 283.5 334.5 332.5 284 300.2 298.4 245.9 163.9 136.2 177.5 367.1 377.3 220.4 138.5 110.1 91.5 105.4 118.4 101.7 99 116.6 124.3 99.3 94.5 115.2 127.8 105.1 96.5 102.4 98.6 117.6 170.5 242.2 140.1 115.4 125.4 116.9 106.4 -9999 -9999 -9999 -9999 -9999 -9999 -9999 -9999 -9999 -9999 -9999 -9999 -9999 -9999 -9999 -9999 -9999 -9999 -9999 -9999 -9999 -9999 -9999 -9999
-9999 78.2 99.6 98.3 120.2 129.3 152.3 166.8 170.1 210.9 169.9 187.7 200.9 234.5 191.3 248.7 420.4 351.4 197.3 152.3 199.3 247.1 196.8 202.3 190 158.5 129.9 145.6 233.7 238 307.1 193.3 130.4 103.5 113.7 96.8 86.6 93.6 106.4 131.7 86.8 96.9 129.3 132 128.8 132 115.1 121 132.3 183.8 237.5 128 108.9 135.1 124 93.7 99.7 -9999 -9999 -9999 -9999 -9999 -9999 -9999 -9999 -9999 -9999 -9999 -9999 -9999 -9999 -9999 -9999 -9999 -9999 -9999 -9999 -9999 -9999 -9999
-9999 90.6 99.9 116.6 110.4 122.6 124.6 146 145.7 179.3 176.2 150.2 175.8 201.2 185.4 162.8 359.6 200.8 233.1 183.7 192 182.5 148.1 130.9 127.8 122.7 131.6 156.5 202.2 187.2 216.5 294.4 220.7 134.2 105.9 107.1 101.6 95 124.5 137.4 95.7 104.6 130.2 138.4 133.8 149.1 160.2 171.9 162.1 202.6 260.9 146.3 106.9 145.2 121.9 96.7 97.3 -9999 -9999 -9999 -9999 -9999 -9999 -9999 -9999 -9999 -9999 -9999 -9999 -9999 -9999 -9999 -9999 -9999 -9999 -9999 -9999 -9999 -9999 -9999
-9999 82.2 95.5 101.3 103.6 101 109.1 134.7 147.2 135.5 163.4 160 179.6 143.2 125.4 145.6 330.1 168.3 136.2 170 171.9 139.4 127.3 110.9 97.4 91 100.3 105.6 133.5 135.4 147.4 190.3 268.5 192.1 149.3 154.4 133.5 125.9 145.7 155.1 113.8 122.4 144.3 149.2 111.4 109.5 135.5 166.8 180.8 205.2 254.7 176 127.8 171.7 121.2 87.4 107.1 -9999 -9999 -9999 -9999 -9999 -9999 -9999 -9999 -9999 -9999 -9999 -9999 -9999 -9999 -9999 -9999 -9999 -9999 -9999 -9999 -9999 -9999 -9999
70.8 87.2 93.5 97.3 100.9 114.7 112.8 133.3 141.7 133.3 148.6 173.7 144.6 98.4 106 178.1 283.4 147.8 107.3 127.4 154.4 125.7 98.7 87.4 72.7 77.9 73.7 83.3 96.9 97.7 106.3 118.4 174.8 292.1 253.8 273.8 200.7 204.2 193.9 138.1 102.6 129.3 151.8 132.4 96.3 90.8 106.3 109.5 125.5 132.9 184.5 260.7 205.6 178.6 144.2 115.2 102.9 91.1 -9999 -9999 -9999 -9999 -9999 -9999 -9999 -9999 -9999 -9999 -9999 -9999 -9999 -9999 -9999 -9999 -9999 -9999 -9999 -9999 -9999 -9999
77.4 80.6 84.2 95.6 94.8 102.3 109 119.7 126.5 110.2 131.8 162.6 158.2 112.5 126.9 216.6 204.2 127.2 95.2 95 117.6 127.7 87.3 76.6 64.2 65.7 65.5 70 74.5 80.9 92.5 114.4 184.9 230.7 157.3 212.9 328.9 325.4 176 128.1 121.7 109.6 151.4 144.4 104.3 98 97.6 109.7 116.7 126.4 154.1 338.5 245.3 151 118.1 118.1 111.4 99.5 92.4 99.5 -9999 -9999 -9999 -9999 -9999 -9999 -9999 -9999 -9999 -9999 -9999 -9999 -9999 -9999 -9999 -9999 -9999 -9999 -9999 -9999
-9999 71.4 80.6 89.1 90.9 96.2 104.1 104.2 115.9 96.1 142.8 158.8 221.6 163.6 188.2 284.7 174.6 112.6 82.1 80.5 109.5 116.1 95.6 81.2 63.4 55.8 55.8 62.3 73.4 84.8 128.6 153.7 195 157.7 126.3 187.8 275 324.6 267.1 172.3 173.4 141.2 171.5 166.2 141.4 122.5 142.4 162.4 186.4 210.6 212.8 325.6 187.2 126.8 106.3 90.2 98.4 88.9 81.3 -9999 -9999 -9999 -9999 -9999 -9999 -9999 -9999 -9999 -9999 -9999 -9999 -9999 -9999 -9999 -9999 -9999 -9999 -9999 -9999 -9999
