Data/GIS/Movement/bfa-mvmt-marshall-stock.asc
ncols         173
nrows         126
xllcorner     224227.65281
yllcorner     1039207.04677
cellsize      5000
NODATA_value  -9999
[rows 35 to 69 of 126, columns 0 to 78 of 173]
-9999 -9999 -9999 -9999 -9999 -9999 -9999 -9999 -9999 -9999 -9999 -9999 -9999 -9999 -9999 -9999 -9999 -9999 -9999 -9999 -9999 -9999 -9999 -9999 -9999 -9999 -9999 -9999 -9999 -9999 -9999 -9999 -9999 -9999 -9999 -9999 -9999 -9999 -9999 -9999 -9999 -9999 -9999 -9999 -9999 -9999 -9999 -9999 -9999 123.7 126.1 139.4 135.5 141.3 147.3 143.6 147.2 156.1 165.4 168.5 166.4 175.3 177.5 184.5 189.8 212.3 206.5 219.5 221.2 213 214.3 204.5 212.3 210.4 220.3 217.7 221.2 217.3 213.8
-9999 -9999 -9999 -9999 -9999 -9999 -9999 -9999 -9999 -9999 -9999 -9999 -9999 -9999 -9999 -9999 -9999 -9999 -9999 -9999 -9999 -9999 -9999 -9999 -9999 -9999 -9999 -9999 -9999 -9999 -9999 -9999 -9999 -9999 107 -9999 -9999 -9999 -9999 -9999 -9999 -9999 -9999 -9999 -9999 -9999 -9999 -9999 -9999 130 130.7 135.4 143.2 145.9 146.8 148.2 159.4 152.8 161.7 163.7 171.6 181.5 177 184.6 192.5 212.2 205.2 218.4 210.2 217.7 219.7 210 211.3 215.5 210.3 216.8 214.7 228.5 215
-9999 -9999 -9999 -9999 -9999 -9999 -9999 -9999 -9999 -9999 -9999 -9999 -9999 -9999 -9999 -9999 -9999 -9999 -9999 -9999 -9999 -9999 -9999 -9999 -9999 -9999 -9999 -9999 -9999 -9999 -9999 -9999 117.7 109.7 -9999 -9999 -9999 -9999 -9999 -9999 -9999 -9999 -9999 -9999 -9999 -9999 -9999 -9999 -9999 134.2 138.7 138.9 139.7 143.7 157 151 160.6 160 163.1 167.2 174.8 177.8 177.7 193.7 194.9 198.1 206.8 212.2 217 216.8 217 214.5 217.7 211.7 220.8 227.1 221.3 219.9 217.1
-9999 -9999 -9999 -9999 -9999 -9999 -9999 -9999 -9999 -9999 -9999 -9999 -9999 -9999 -9999 -9999 -9999 -9999 -9999 -9999 -9999 -9999 -9999 -9999 -9999 -9999 -9999 -9999 -9999 -9999 -9999 106.2 115.2 118.5 121.8 116 120.4 120.4 -9999 -9999 -9999 -9999 -9999 -9999 -9999 -9999 -9999 -9999 -9999 -9999 141 141.6 152.3 142.5 153 151.9 157.1 159.5 171.4 175.4 160.7 178.6 182.6 192.2 189.5 199.1 209.1 209.5 211 219.8 213.9 219.2 218.1 220.4 220.7 217.2 225.5 225 222.9
-9999 -9999 -9999 -9999 -9999 -9999 -9999 -9999 -9999 -9999 -9999 -9999 -9999 -9999 -9999 -9999 -9999 -9999 -9999 -9999 -9999 -9999 -9999 -9999 -9999 -9999 -9999 -9999 -9999 -9999 -9999 111.3 112.7 127 116.2 126.3 123 119.2 120.7 -9999 -9999 -9999 -9999 -9999 -9999 -9999 -9999 -9999 -9999 -9999 143.7 149 149.5 156.7 158.4 161 159.9 165.6 171.6 174.3 176.1 188.2 183 185.9 186.2 196.9 212.4 206.7 223.6 207.7 217.4 234.2 227.2 220.9 224.4 223.8 225.2 228.8 224.8
-9999 -9999 -9999 -9999 -9999 -9999 -9999 -9999 -9999 -9999 -9999 -9999 -9999 -9999 -9999 -9999 -9999 -9999 -9999 -9999 -9999 -9999 -9999 -9999 -9999 -9999 -9999 -9999 -9999 112.4 115.6 121.5 119.3 124.9 121.6 123.4 122.5 127.3 127.7 127.3 -9999 -9999 -9999 -9999 -9999 -9999 139.3 141.8 138.6 149.2 151.3 148.3 150 154.1 151.8 160.3 160.3 168.5 171.3 184.1 175.3 187 197.6 196.9 189.6 201 213.9 210.7 218.2 226.6 219.6 230.6 220.4 224.8 231.5 231.2 233.7 232 225.3
-9999 -9999 -9999 -9999 -9999 -9999 -9999 -9999 -9999 -9999 -9999 -9999 -9999 -9999 -9999 -9999 -9999 -9999 -9999 -9999 -9999 -9999 -9999 -9999 -9999 -9999 -9999 -9999 105.5 117.5 126.2 125.6 123 123.2 127.9 129.6 127.4 121.1 129 124.7 129.8 121.9 -9999 -9999 -9999 -9999 144.5 150.8 144.4 147.5 155.3 155.4 155.4 159.8 159.9 161.3 169.7 168.5 174.9 168.1 181.7 185.6 193.4 194.1 194.3 200 210.3 224.7 226.3 216.7 227.1 238 237.7 227.8 239.6 237.4 228.4 236.9 234.2
-9999 -9999 -9999 -9999 -9999 -9999 -9999 -9999 -9999 -9999 -9999 -9999 -9999 -9999 -9999 -9999 -9999 -9999 -9999 -9999 -9999 -9999 -9999 -9999 -9999 -9999 -9999 110.2 115.8 124.7 124.4 123.3 122 129.3 125.6 128.6 131.3 128.7 127.8 131.6 131.6 136.8 136.3 -9999 -9999 -9999 142.4 145.3 152.1 153.3 150 151.5 153 155.8 160 166.5 171.8 165.8 179.1 174.7 179.2 188.4 185 202.7 204.2 207.3 213.6 214.8 217.2 227.5 227 226.6 235.2 222.3 236.3 232.2 235.8 232.9 230.9
-9999 -9999 -9999 -9999 -9999 -9999 -9999 -9999 -9999 -9999 -9999 -9999 -9999 -9999 -9999 -9999 -9999 -9999 -9999 -9999 -9999 -9999 -9999 -9999 -9999 -9999 107 113.4 116.5 123.2 127.2 129.1 130.8 135.9 131.9 127.2 136.3 133.9 130.9 126.1 129.9 138.4 139.4 150 139.5 145 146.9 155.8 152.4 158.6 159.5 160.8 159.2 164 164.1 175.4 168.9 175.1 165.7 184.8 188.8 187.3 183.9 200.4 199.6 204.3 211.6 220.5 224.2 233 235.7 238.6 240.1 242.4 240.2 240 252 246.2 250.4
-9999 -9999 -9999 -9999 -9999 -9999 -9999 -9999 -9999 -9999 -9999 -9999 -9999 -9999 -9999 -9999 -9999 -9999 -9999 -9999 -9999 -9999 -9999 -9999 -9999 -9999 -9999 123.5 123.2 121.5 128.3 130.7 130.4 130 131.3 137.6 131.4 130.1 136.7 138.4 143.5 134.4 137.9 153 145.9 149.8 145.7 154.5 157.2 154.9 162.2 158.3 157.8 162.8 171 173.2 174 180 179.8 178.3 192.3 199.8 196.5 200.4 210.5 207.6 212.7 200.2 226.3 230.6 232.8 236.4 232.2 246 247.6 246.9 246.3 247.9 243.4
-9999 -9999 -9999 -9999 -9999 -9999 -9999 -9999 -9999 -9999 -9999 -9999 -9999 -9999 -9999 -9999 -9999 -9999 -9999 -9999 -9999 -9999 -9999 -9999 -9999 -9999 -9999 116.7 124.5 133.6 132.9 132.1 139.5 133.6 129.2 135.2 134.6 134.7 131.7 140.4 143.3 143.9 144 147.5 148.7 145.1 144.4 148.4 152.7 149.4 157.9 158.2 158 166.4 171.5 171.7 173.7 181.2 181.7 179.5 178.3 195.2 198.1 195.6 202.5 207 212.8 221 225.8 224.3 237.4 233.4 230.7 240.6 244.8 243.7 244.8 241.6 249.8
-9999 -9999 -9999 -9999 -9999 -9999 -9999 -9999 -9999 -9999 -9999 -9999 -9999 -9999 -9999 -9999 -9999 -9999 -9999 -9999 -9999 -9999 -9999 -9999 -9999 -9999 -9999 -9999 119.9 127.4 131.8 136 139.2 137.6 137.2 139.6 134.7 142.2 138.4 144.8 145.1 144.6 145.2 149.9 145.7 149.1 147.9 150.7 155.6 157.4 159.6 165.8 163.2 166.2 169.5 178.2 175.1 177.9 177.1 187.6 184.2 194.9 194.1 197 205.2 207.9 214.6 222.6 227.9 233 239.4 236.5 244.9 243.6 247.8 253.6 259.3 247 249.2
-9999 -9999 -9999 -9999 -9999 -9999 -9999 -9999 -9999 -9999 -9999 -9999 -9999 -9999 -9999 -9999 -9999 -9999 -9999 -9999 -9999 -9999 -9999 -9999 -9999 -9999 -9999 -9999 125.3 129.3 131.7 132.4 132.7 140.8 141.1 138.6 136.2 134.4 145.4 141.8 147 147.9 152.5 145.9 152.2 155.8 157.5 155.9 160.6 153.5 164.1 168.4 169.6 164.6 164.3 180.3 174.9 181.4 184.2 185.1 190.6 196.2 196.1 206.6 202.7 215.9 214.7 221.7 234.9 239.3 244.4 232.3 246.4 257.4 239 238.3 252.9 256.5 257.9
-9999 -9999 -9999 -9999 -9999 -9999 -9999 -9999 -9999 -9999 -9999 -9999 -9999 -9999 -9999 -9999 -9999 -9999 -9999 -9999 -9999 -9999 -9999 -9999 -9999 -9999 -9999 -9999 124.8 128.3 135.9 134.6 140.1 143.8 139.2 140.1 146.8 136.1 143.7 140.5 149 151.2 147.6 150.7 146.4 158.6 157.4 150.5 153.1 157.8 164.6 166.9 171 171.8 173.3 172.5 177.9 184.2 183.3 195.1 198 198 205.5 209.9 200.1 207.2 221 211.1 233.2 235 239.9 243.8 251.6 246.2 250.9 256 250.3 258.1 258.8
-9999 -9999 -9999 -9999 -9999 -9999 -9999 -9999 -9999 -9999 -9999 -9999 -9999 -9999 -9999 -9999 -9999 -9999 -9999 -9999 -9999 -9999 -9999 -9999 -9999 -9999 -9999 -9999 136.5 130.3 130.5 144.3 137 142.4 146.1 143.8 146.4 150.2 141.7 153.2 147.8 143.8 149.3 160.5 154.3 161.9 157.4 163.7 164.7 158.6 161.5 166.4 168 167.7 177.4 177.6 188.1 176.2 184.1 188.9 188.3 196.5 201.1 208.9 213.5 224.6 227.1 222.1 223.7 236 239.7 249.8 243.9 244.2 246.7 255.1 254.7 261.5 273.1
-9999 -9999 -9999 -9999 -9999 -9999 -9999 -9999 -9999 -9999 -9999 -9999 -9999 -9999 -9999 -9999 -9999 -9999 -9999 -9999 -9999 -9999 -9999 -9999 -9999 -9999 -9999 -9999 119.3 137.2 139.6 137.3 143.5 138.1 143.3 141.7 146.3 146.7 143.2 156.8 153.6 154.9 146.2 150.4 151.6 163 162.7 165 167.2 160.1 168.3 168.2 165.8 173.6 177.5 184.6 182.8 195.6 200.1 197.9 196.1 200.5 213.9 208.1 214 218.8 209.3 228.8 238.8 238.1 231.8 242.9 242.1 257.4 255.9 254.8 257.1 267.4 274.5
-9999 -9999 -9999 -9999 -9999 -9999 -9999 -9999 -9999 -9999 -9999 -9999 -9999 -9999 -9999 -9999 -9999 -9999 -9999 -9999 -9999 -9999 -9999 -9999 -9999 -9999 -9999 -9999 129.5 129.2 142 145.5 141.7 144.4 150.9 152.8 154 150.3 145.8 149.2 154.4 154.5 159.5 153.3 160.8 160.4 156.1 164.1 162 164.9 168.7 164.5 171.9 175.4 175.9 180.5 185.7 195.2 186.3 201.7 199.9 209.6 205.5 203 212.5 217.8 224.8 226.9 237.8 228 240.8 242 252.3 259.9 253.3 264 273.9 272.6 278.4
-9999 -9999 -9999 -9999 -9999 -9999 -9999 -9999 -9999 -9999 -9999 -9999 -9999 -9999 -9999 -9999 -9999 -9999 -9999 -9999 -9999 -9999 -9999 -9999 119.7 115.1 -9999 -9999 124.1 137.8 141.6 142.8 144.5 144.5 152.7 151.1 145.8 156.7 154.7 145.9 150.8 152.9 152.7 160.3 163.3 161.7 165.9 167.5 165.1 171.6 171.4 172.8 172.9 170.8 184 188.6 190 194.8 189.9 198.9 197.5 198.4 202.1 205.7 210.9 218.2 223.9 229.3 240.7 238.9 252.3 252.7 247.5 264.1 263 269.7 277.2 279 294
-9999 -9999 -9999 -9999 -9999 -9999 -9999 -9999 -9999 -9999 -9999 -9999 -9999 -9999 -9999 -9999 -9999 -9999 -9999 -9999 -9999 -9999 -9999 115.6 118.5 117.7 128.1 131.3 131.3 138.8 139 143.3 141.3 146 148 156.8 146.1 159.7 156.3 154.6 160.9 156.8 162 160.5 163 168.4 160 173.9 166.9 173.1 175.3 177.7 186.8 181.1 181.2 185 178.1 193.9 189.2 193.8 198 209.3 201.4 209.9 219.4 212.4 236.1 224.9 230.9 234 246.6 251 257.6 259.1 267.4 283.2 283.8 294 302.3
-9999 -9999 -9999 -9999 -9999 -9999 -9999 -9999 -9999 -9999 -9999 -9999 -9999 -9999 -9999 -9999 -9999 -9999 -9999 -9999 -9999 -9999 -9999 116.8 119.7 116.7 132.6 127.1 138.8 136.1 139.9 142.7 149.8 152.3 139.6 159.2 155.8 155.9 157.7 161 159.5 156.3 165.8 160.4 165.2 164.8 163.1 178 165.7 173.3 173.3 176.8 173.2 183.4 185.3 188.3 190.4 186.9 193.5 196.1 201.3 195.4 202.5 220.2 221.9 219.1 224.6 227.1 239.7 233.7 245.3 253.7 263.9 260.7 268.9 286.8 270.9 297.6 320.2
-9999 -9999 -9999 -9999 -9999 -9999 -9999 -9999 -9999 -9999 -9999 -9999 -9999 -9999 -9999 -9999 -9999 -9999 -9999 -9999 -9999 -9999 -9999 -9999 114.1 115.3 129.1 132.6 135 141.9 147.1 145.4 149.7 148.9 147.1 153.6 149.8 154.5 157.6 157.7 154.9 152.9 160.5 162.1 176.6 170 171.9 173.5 164.7 177.9 171.5 175.4 177 180.5 184.3 186.4 180.9 189.8 187 196 205.7 203.3 217.5 207 229.4 225.7 228.1 233.4 244 245.3 252.6 255.2 262.6 256.1 272 280.3 290.9 300.4 314
-9999 -9999 -9999 -9999 -9999 -9999 -9999 -9999 -9999 -9999 -9999 -9999 -9999 -9999 -9999 -9999 -9999 -9999 -9999 -9999 -9999 -9999 -9999 -9999 -9999 125.3 130.9 137.1 147.7 137.5 143.5 144.2 147.4 146 152.1 155.4 145.1 150.1 159.9 147.8 157.1 155.6 166.2 168.4 170 175.1 173.3 171.2 178.8 171.2 171.1 173.6 177.9 176.2 183.6 186.4 190.6 189.3 190.2 197.9 207.9 195.8 211.9 225 226.1 224.3 229.2 231.6 239 236.3 250.1 264.7 265.6 270.6 275.2 289.4 297.7 297.9 312.2
-9999 -9999 -9999 -9999 -9999 -9999 -9999 -9999 -9999 -9999 -9999 -9999 -9999 -9999 -9999 -9999 -9999 -9999 -9999 -9999 -9999 -9999 -9999 -9999 118.6 123.8 135.8 141.6 136.4 149 156 147.9 148.9 149.3 151 158.2 152.6 159 155.1 158.9 160.1 166.5 171 178.3 170.2 176.3 182.5 173.2 176.1 175.5 181 186.7 173.5 167.6 178.4 188.2 193.1 186.1 187.8 200.4 204.6 207.6 214 228.3 222.8 238.2 226.7 232.7 246.3 243.6 257.4 247.7 278.5 274.4 278.6 288.9 292.2 301.9 325.9
-9999 -9999 -9999 -9999 -9999 -9999 -9999 -9999 -9999 -9999 -9999 -9999 -9999 -9999 -9999 -9999 -9999 -9999 -9999 -9999 -9999 -9999 -9999 -9999 134.3 131.4 135 131.6 137.3 135.5 147.3 149.1 159.8 149.6 167.6 162 161.7 158.2 164.6 166 166.3 167.1 162.2 171.1 174.9 164 186.2 181.6 173.5 180.5 173.8 165 177.7 181.8 186.8 185.6 187.3 196.9 192.9 194.7 200.1 209.9 215.4 225.4 225.7 218.1 235.5 243.3 243.8 258 256.3 261.1 269.7 271.7 290.9 282.8 296.8 313.6 331.6
-9999 -9999 -9999 -9999 -9999 -9999 -9999 -9999 -9999 -9999 -9999 -9999 -9999 -9999 -9999 -9999 -9999 -9999 -9999 -9999 -9999 -9999 -9999 -9999 125.1 136.6 138 140.1 138.1 149.6 147.9 158.7 158.7 157.7 165.6 157.4 159.3 165.7 161.1 157.3 165.4 167.7 165.7 169.7 172.5 181.6 180.5 182.8 174 179.9 177.3 183.1 178.4 178.9 178.8 185.9 194 194.2 193.9 190.5 201.4 214.9 213.3 215.6 234.3 222.9 239.4 243.9 247.6 255 264.5 268 282.8 280.5 283.2 297.6 302.1 305.8 329
-9999 -9999 -9999 -9999 -9999 -9999 -9999 -9999 -9999 -9999 -9999 -9999 -9999 -9999 -9999 -9999 -9999 -9999 -9999 -9999 -9999 -9999 -9999 -9999 130.5 128.3 138.8 138.9 141.6 150.6 156.4 151.4 163.8 152.2 153.9 161.9 162.3 165.8 165 158 157.6 159.1 165 172.9 171.9 171.1 176.5 177.2 173.7 182.5 178.4 175.9 174.6 175.6 183.2 202 194.4 198.6 198.5 185.5 202.3 203 214.3 220 225 232.3 238.2 252.9 254 268.6 262.7 277.6 267.5 275 300.3 295.7 307.3 315.2 330.6
-9999 -9999 -9999 -9999 -9999 -9999 -9999 -9999 -9999 -9999 -9999 -9999 -9999 -9999 -9999 -9999 -9999 -9999 -9999 -9999 -9999 -9999 -9999 127.5 132.8 143.7 134.4 150 151.5 148.6 153.2 157.2 155.9 161.8 165.7 157.3 162 160.3 169.3 167 164.6 171.1 164.4 166.7 169.2 178.3 176.8 178.7 171.9 179.5 179.4 179.6 187.8 184.5 182.9 190.9 190.1 194.9 199.4 195.4 194.8 210.9 208 220.8 223.8 240.4 235.4 260.5 266.3 263.1 268 263 276 283.2 287.8 299.7 297.6 311.7 328.2
-9999 -9999 -9999 -9999 -9999 -9999 -9999 -9999 -9999 -9999 -9999 -9999 -9999 -9999 -9999 -9999 -9999 -9999 -9999 -9999 -9999 -9999 130.7 140.5 133.9 141.4 143.4 149.4 152.8 161.1 163.7 163.9 152.7 164.3 160.4 158.5 171.2 169.6 162.6 168.9 163.6 168.5 176.6 164.2 172.7 172.4 174.1 170.9 183 178.1 177.3 184.9 180.1 181.9 190.8 182.6 190.1 201 195.9 199 207.2 204.8 211.8 214.2 226 249.6 243.6 251.8 273.2 265.2 280.2 277.1 274.4 280.8 281.7 299.7 305 316.6 327.1
-9999 -9999 -9999 -9999 -9999 -9999 -9999 -9999 -9999 -9999 -9999 -9999 -9999 -9999 -9999 -9999 -9999 -9999 -9999 -9999 -9999 132.9 129.1 140.3 135.1 144 151.3 155.5 148.7 153.3 151.6 161.2 167.3 157.3 172.6 163.1 167.6 166.4 167.4 158.6 162.1 179.4 166.5 178.6 173.8 176 168.1 177.8 175.7 177.7 182.5 192.7 184.6 193.4 178.7 184.3 186 186.1 198 195.9 202 208.3 201.8 215.9 220.6 240.4 244.5 251.4 254.7 261.1 262.5 272.9 280 282.7 277.3 286.6 285.8 300.7 313.8
-9999 -9999 -9999 -9999 -9999 -9999 -9999 -9999 -9999 -9999 -9999 -9999 -9999 -9999 -9999 -9999 -9999 -9999 -9999 -9999 -9999 134.6 136.6 138.4 145.8 149.4 152.7 154 153.2 160.8 167.3 162 172.9 163.2 171.4 166.8 172.1 165.2 169.1 164.9 169.2 166 178 175.7 165.2 176.3 167.2 175.9 181 185.1 182.6 183.4 178.5 184.3 182.7 185.6 183.9 188 199.7 195.9 200.8 201.7 204.9 214.7 226.2 226.4 237.9 249.5 248.9 263.8 273.1 259 265.6 273.9 272.7 286.3 277.8 296.2 313.5
-9999 -9999 -9999 -9999 -9999 -9999 -9999 -9999 -9999 -9999 -9999 -9999 -9999 -9999 -9999 -9999 -9999 -9999 -9999 -9999 -9999 139.8 145.5 147.4 144 159 161.2 157 155.8 164.5 172.5 171.7 177.6 166.7 165.8 166.4 169.3 168.6 164.7 167.1 172.1 174.8 167 183 178.6 171.5 177.6 180.7 168 183.4 177.5 178 185.8 187.8 198.1 188 190.4 181 188.2 192 197.1 200.7 208.1 221.5 215.5 219 228.7 242.9 244.5 246.4 257.7 255.3 262.1 269.1 277.6 275.7 280.8 289.4 300.2
-9999 -9999 -9999 -9999 -9999 -9999 -9999 -9999 -9999 -9999 -9999 -9999 -9999 -9999 -9999 -9999 -9999 -9999 -9999 137.2 145.8 141 146.6 145.9 152.7 158.5 160.8 158.4 160.4 165.1 166.4 166.6 163 176.4 167.1 164.6 166.7 164.1 166.3 163.6 168 172.6 173.8 178.3 177.7 173.7 180 180.3 183.4 174.6 188.3 185.3 189.4 180.8 192.1 182.9 185.3 187.3 188.9 201.2 203.9 202.5 204.6 208 220.8 218.5 223.4 229.7 235.7 237 238.7 247.6 261.3 248.2 269.9 279.6 282 285.6 289.1
-9999 -9999 -9999 -9999 -9999 -9999 -9999 -9999 -9999 -9999 -9999 -9999 -9999 -9999 -9999 -9999 -9999 -9999 133.9 138.9 147.5 146.5 148.5 153.5 158.5 160.2 155.6 160.3 170.1 166.3 171.9 172 170.9 165.3 163.5 168.4 162.5 163.8 170.6 174.2 176.7 171.9 168.9 174.3 180.7 182.2 177.7 183.3 181.9 183.8 189.8 180.9 178.6 188.9 181.1 189.4 185.6 194 192.2 195 192.6 201.1 203.5 202.9 204.4 222.7 216.4 216.2 237.3 233.1 244.4 248.1 256.1 264.2 260.6 264.8 262.5 277.6 283.9
-9999 -9999 -9999 -9999 -9999 -9999 -9999 -9999 -9999 -9999 -9999 -9999 120.3 118.5 130 129.8 131 134.3 141.9 143.7 147 145 151.5 150.7 157.2 165 165.1 166.8 166.6 165.3 169.4 173.1 169.1 157.7 174.3 171.6 168.9 169.8 175.6 179.1 176.5 166.5 175.3 179.7 175.3 180.1 180.3 177.6 181.9 184.3 184 186 186.4 192.8 187.8 185.8 186.4 191.5 193.2 186.8 194.3 196.5 202.7 208.3 211.4 209.8 220.3 220.1 232.2 236.2 237.1 244.3 246.1 249.9 248.4 253.9 254.4 262.2 275
-9999 -9999 -9999 -9999 -9999 -9999 -9999 -9999 103.7 108.5 113.2 123.4 123 125.1 124.9 131.2 140.3 143.5 140.4 151.3 155.6 151.9 153.5 158.7 157.3 164 170.2 172.1 163.2 171.8 174.5 171.8 176.9 168.3 169.1 170 171.3 166.6 171.4 180.2 178.3 176.7 169.5 184.1 183.2 186.7 177.7 181.9 181.8 180.8 189.1 186.9 185.7 180.6 181.2 186.8 189.2 189.8 190.5 195.1 189.4 202.6 193.4 196.8 202 218.1 221.5 229.2 227.5 222.6 228.2 242.3 242.4 244.2 250.3 246.1 256.8 259.6 259.9
