Data/GIS/Movement/bfa-mvmt-marshall-tuned.asc
ncols         173
nrows         126
xllcorner     224227.65281
yllcorner     1039207.04677
cellsize      5000
NODATA_value  -9999
[rows 35 to 69 of 126, columns 78 to 155 of 173]
217.5 211.7 209.3 219.6 210.6 209.5 218.4 206.6 218.8 207.5 209.9 207.4 199.9 196.8 207.9 199.2 208 202.9 190.7 202.1 193.4 202.1 193.4 186.1 192.1 182 181.8 191 177.3 179.2 187.8 178.5 170.7 176 179.1 167 168.8 174.2 163.2 164.9 155.6 153.8 144.1 143.8 141.2 134.2 138.4 144.2 139.1 137.9 128.1 135.8 127.4 130.6 122.8 126.1 126.5 116.4 122.4 115.4 118.2 101.3 102 107.9 104.3 95.9 -9999 -9999 -9999 -9999 -9999 -9999 -9999 -9999 -9999 -9999 -9999 -9999
219.9 220.8 227.2 212.8 226.7 218.5 210.3 218.7 223.3 217.8 216.4 222.5 206.5 199.5 208.8 203.2 204.9 201.9 201.5 199.6 198.1 204.1 192.4 195 191.4 188.2 185.1 180.8 184.3 184.3 175.8 184.5 178.8 184.3 180.1 174.3 176.8 170 172.5 160.1 156.4 157.8 153.6 153 145.5 145.4 143.1 138 145.3 132.7 139 134.3 134.8 131.8 131.4 129.1 119.3 122.4 121.7 119.6 113.3 108.6 106.5 98.5 100.6 99.4 92.3 -9999 -9999 -9999 -9999 -9999 -9999 -9999 -9999 -9999 -9999 -9999
220.4 223.6 223.2 221 224.6 222.3 224.2 229.1 225.3 227.5 223.9 220.5 218.1 207 214 213.7 222.5 213.6 207.5 206.2 196.3 205.1 202 203.8 195.8 200.7 194.2 186.2 192.4 187.9 194.7 190.5 179.8 179.6 183.7 180.5 181.2 181 174.4 173.2 154 162.6 151.7 148 145.2 143.7 142.4 141.9 142.3 138.3 136.5 134.1 135.2 131.4 132.9 123.2 122.6 124.1 116.6 114.7 111.5 118.4 109.7 103.8 101.8 100.5 94.5 91.1 -9999 84.6 -9999 -9999 -9999 -9999 -9999 -9999 -9999 -9999
228.1 231.5 221.9 231.1 220.8 229.6 228.1 227.3 231.5 237.4 228.3 224.5 218.6 214.7 219 215 213.2 214 213.7 218.2 212.7 207.6 203.6 197.7 195.5 198.7 202.4 193.1 192.8 187.6 191.1 188.4 188.9 184.3 194.3 180.2 191 183.7 178.7 170 168.1 157.3 156.9 149 157.9 149.7 153.3 145.2 142.9 143.2 138.3 135.5 133 138.1 132.9 127.5 127.2 123.3 116.4 115.6 114.1 117.8 109.4 111.1 -9999 -9999 -9999 92 -9999 -9999 -9999 -9999 -9999 -9999 -9999 -9999 -9999 -9999
223.9 230 239.5 227.5 238.8 237.7 228.6 233.6 242.8 228.8 233.6 236 220.6 226.6 220.7 224 223.9 222.9 216.6 218.8 213.3 210.2 205.9 205.9 203.4 201.4 198 194.2 196.1 193.1 193.5 183.1 191.9 188 182.8 184.8 182.4 192.5 183.8 178.4 165.3 159 160.2 155.3 151.5 155.3 150.8 138.2 139.4 140.5 147.8 142.5 136.3 137.5 140.5 130.5 128.4 130 118.4 119.7 120.4 118.6 111.1 107.9 -9999 -9999 -9999 -9999 -9999 -9999 -9999 -9999 -9999 -9999 -9999 -9999 -9999 -9999
237.7 236.5 241.4 232.9 240.8 241.2 232.2 246.8 244.9 233.8 234.9 238.8 234.3 217 220.8 235.1 219.1 228.2 235.2 229 222.1 225.5 216.7 216.6 217.2 210.5 208.2 196.7 202.3 188.9 196.6 183.8 198.2 186.5 192.9 198.1 195.1 184.4 180.1 171.7 168.8 169.4 161.8 158.3 157.6 147.1 151.3 142.8 140.6 138 140.8 143.8 141.4 132 132.7 133 130.7 127.4 119.2 121.1 123.2 112.4 116 107.8 -9999 -9999 -9999 -9999 -9999 -9999 -9999 -9999 -9999 -9999 -9999 -9999 -9999 -9999
241.3 227.8 234 235.7 246 242.8 247.4 241.3 243.7 242.8 240.7 240.9 240.2 232.2 237.3 234.3 230.2 238.9 230.2 233.1 229.6 225.6 225.7 226.3 216 214.4 206.6 200.4 200.4 197.8 196.2 201.1 190.5 188.3 191.9 188.7 191.8 200.8 190.3 187.1 180.6 166.5 166.7 157.7 156.1 162 150.6 150.9 146.5 151.7 146.2 146.6 143.4 134.8 131.5 135.4 132.9 128.5 124.9 123.8 120.1 112.8 117.3 108.1 -9999 -9999 -9999 -9999 -9999 -9999 -9999 -9999 -9999 -9999 -9999 -9999 -9999 -9999
240.1 244.5 244.4 243.8 243.5 243.3 240.2 246.3 246.5 246.8 249.1 246.4 240.2 239.8 241.2 243.8 237.1 245.9 244.3 245.5 243.7 228.7 230.2 226.6 218.3 212.4 217.6 198.2 203.3 199.4 200.9 199.8 189.9 197.2 197.4 196.1 192.2 193.8 184.7 178.7 173.6 166.7 165.9 163.1 155.8 159.5 146.6 159.6 158.3 148 145.5 145.7 140 143.1 138.9 136.4 131.8 129.4 128 128.8 117.9 115.6 106 106.5 -9999 -9999 -9999 -9999 -9999 -9999 -9999 -9999 -9999 -9999 -9999 -9999 -9999 -9999
244.2 240.2 245 249.7 248.6 249.3 241.2 248.7 254.1 250.9 246.9 250.6 237.4 245.5 238.3 239.5 249.8 250.3 254 255.8 248.2 239.5 229.2 227 225 219.9 209.1 211.6 201.8 204.7 202.7 200.9 200.4 199.4 185.4 193.7 194 178.4 189.7 183.5 176.1 173.1 167.3 163.5 166.5 160.6 153.9 150.9 150.9 153.4 144.9 143.5 144.5 141.9 134 132 133.7 125.5 125.3 119.3 118.1 118.2 116.9 114.9 -9999 -9999 -9999 -9999 -9999 -9999 -9999 -9999 -9999 -9999 -9999 -9999 -9999 -9999
247.6 250.1 242 251.2 252.2 254.6 255.8 247 256.2 257.9 252.7 261 249.1 251.9 247.4 253.1 257.8 263.1 256.7 253.9 250.8 245.2 252 228.1 225 226.5 220.7 211.2 205 209.6 202 204 195.6 200.5 196.9 206.3 197.6 192.6 187.7 177.6 180 171.2 166.9 172.2 160.7 164.8 161.7 155.9 151.8 148.2 149.1 148.9 137.8 140.6 126.1 131.3 132.1 127.9 127.3 126.6 129.1 117.4 115.8 106.7 -9999 -9999 -9999 -9999 -9999 -9999 -9999 -9999 -9999 -9999 -9999 -9999 -9999 -9999
249.4 253.3 249.1 263.9 254.9 258.8 254.2 247.3 260.5 252.9 257.4 263.1 247.7 252.5 255.2 258.3 248.9 254.5 278.7 260.7 263.6 237.8 240.4 237.7 228.2 225 221.6 209.1 215 204.8 206.9 204.4 204.6 195.1 198.4 194.2 194.2 196.9 189.7 186 179.7 174.8 171.8 171.3 168 161.3 158.3 157.9 159 146.9 147.1 146.2 142.2 138.9 139.4 128.9 127.9 129.6 122.3 124.2 118.8 113.4 120.3 116.7 -9999 -9999 -9999 -9999 -9999 -9999 -9999 -9999 -9999 -9999 -9999 -9999 -9999 -9999
260 254.6 249.4 262.6 255.3 265.3 259.1 261.8 262.9 264.2 271.6 268.8 265.6 268.4 265.1 250.6 264.7 256.4 256.6 259.2 256 245.5 244 240.2 226 232 222.6 219.9 216.4 210 214.1 208.9 204.8 203.9 200.2 184 208.4 191.3 187.3 185.6 184.9 177.3 177.3 171.6 173.5 169.4 166.3 158.1 157.7 155 148.7 149.3 142.5 133.8 140.8 130.3 135.5 131.2 119.9 119.9 121.1 117.2 112.6 115.3 105.1 108.4 105.3 96.9 -9999 -9999 -9999 -9999 -9999 -9999 -9999 -9999 -9999 -9999
264.4 262.9 252.6 263.6 261.5 266.8 267.1 260.9 281.5 275.2 262.6 270.7 266.2 278.9 270.8 262 271.9 271.7 269.2 268.1 252.8 252.6 245.5 235.7 243 233.7 226.9 217.1 221.4 213.8 204.2 213.3 207 207.2 208.2 195.5 194.6 187.4 184.7 189.8 187 187.2 178.3 172.9 170.9 174.8 170.7 159.8 150.5 151.2 145.9 143.3 146.1 137.9 128.8 137.5 131.2 125.3 122.3 126.4 122.8 114.6 112.3 111.8 107 101.1 105.4 98.4 101.2 -9999 -9999 -9999 -9999 -9999 -9999 -9999 -9999 -9999
265.4 264.9 276.1 266.3 274.2 271.3 281.9 284.4 275.2 275.8 277.3 283.9 277.2 273.2 273.2 266.2 279.6 271.4 262.8 262.5 253.9 267.4 250.2 241.8 230.4 228.3 223.2 213.2 215.5 215.2 219.2 207.6 205.1 205.9 203.1 200.7 195.8 203.2 195.1 189.3 180.4 185.5 180.9 180.4 170.4 164.5 159 156.4 158.2 156.1 154.7 143.9 146.9 141.7 140.9 138.3 130 130.9 121.3 120.6 126 119.9 115.5 119.9 112.6 108.9 108.7 104.8 97.1 101.3 -9999 -9999 -9999 -9999 -9999 -9999 -9999 -9999
268.5 266.9 270.6 275.3 291 283.2 287.2 285.1 291.8 285.8 284.1 291 297.6 295.2 279.2 283 268.8 267.5 272.7 261.8 266.3 254.7 243.5 253.9 238.8 235.8 235.6 230.8 230 213 213.7 214.9 210.6 210.4 198.5 205.8 199.2 193.9 197.6 190.4 185 187.8 170.3 177.3 174.3 167.7 164.4 159.5 147.7 149.2 138.4 144.2 141.3 143.4 141.6 136.9 130.7 122.8 131.7 125.9 116.9 112.6 121.3 115.7 110.8 108.2 107.5 104.2 104.9 95.9 97.3 -9999 -9999 -9999 -9999 -9999 -9999 -9999
277.2 273.4 286.6 286.8 287.7 296.3 295.3 306.8 301 303.5 304 303.3 303.6 295.1 304.2 291.8 277.9 272.4 266.4 261.2 256.4 244.8 257.7 248 231.2 243.1 229.6 230.2 226.4 224.5 219.9 220.9 210.4 213.5 212.2 209.9 198.2 201.5 200.1 184.5 183.5 189 177.1 180.2 175.6 163.8 160.3 164.8 155.7 155.9 154.6 149.2 144.6 141.6 139.7 131.6 127.1 127.9 122.8 130.6 117.8 114.6 115.5 116.3 116.6 112 102.8 107.1 102.3 98 102.9 96 96.3 -9999 -9999 -9999 -9999 -9999
274.1 292 285.4 305.4 307 317.7 314.7 313.7 316.2 316.6 327.6 320.1 314.8 296.1 301.2 299 281.4 277.8 271.8 264.6 262.8 257.8 253.6 251.3 242.1 233.6 231.7 227.8 231.8 225.8 217.9 227.5 205.5 216.1 210 201.2 194.2 189.7 198.6 191.5 190.1 196 186.7 182.9 183.7 164.9 175.4 158.5 153.5 148.9 150.7 152.2 142.2 145.4 144.4 132.9 132.5 135.9 129.3 121.9 120.9 117.9 120 108.9 115.6 112.4 109.7 105.6 103.8 106.4 104.9 98.2 98.7 99.4 -9999 -9999 -9999 -9999
293.4 302.4 305.5 302.4 321.4 330.9 333.3 331 345.9 341.8 352 332.2 332.5 321.2 322.4 309.5 289.1 296.3 274.1 270.5 260.8 259.8 251.2 234.5 242.1 245.8 244.7 239 228.4 227.4 234.7 210.7 220 207.1 207.8 207.4 199.2 196.1 212.4 195.3 192.6 188.2 184.3 176.5 171.1 175.1 161.7 166.8 159.9 153.5 151.8 145.5 141.6 139.2 134.8 131.6 134.1 122.7 128.9 120.8 124 119.7 117 113 111.4 107.3 109.4 106.4 110 104.2 100 101.2 97.5 95.3 98.3 -9999 -9999 -9999
301.2 298.9 316.9 313.6 344.8 343.9 351.2 368.5 356.6 377.9 358.9 352 341.5 343.6 328.6 315.8 312.7 300 287.7 268.9 279 260.7 247.5 245.1 244.4 240.2 235.6 238.8 232 233.5 222 230.1 219.5 212.4 206.6 215.3 204.8 199.1 198.5 198 195.8 195.4 181.4 186.8 181.1 176.6 171 162 166.6 150.1 150.5 143.6 147 147.5 135 131 139 135 137.7 121.5 124.3 120.4 116.4 116.6 114.1 111.2 116.8 112.2 105.4 106.7 102.2 94.7 102.8 105 100.6 96.5 -9999 -9999
306.3 315.9 315.1 334.3 345.5 371.8 387.2 402.8 416.8 407.6 401.4 397.3 380.9 356.3 349 333.9 318.3 315.5 299.3 277.8 274.1 263.6 258.5 250.7 246.3 243.3 244 234.3 234.8 232.6 225 219.5 218.2 211.7 208.6 207.4 207.3 209.9 202.2 200.3 192.4 195.6 188.1 179.1 187 172.5 166.2 163.4 167 150 148.6 144.9 144.7 143 132.1 135.1 136.9 133.3 132.8 134 124.8 119.4 121.8 115.1 115.1 110.2 114.8 110.6 102.9 106.2 102 98.3 98.9 102.7 104.3 97.5 99.2 92.6
302.8 325.8 329.6 361.8 378.4 401.7 427.7 448.4 451.4 471.5 454 438.5 422.5 393.4 368.2 345.7 327.9 307.5 302.2 283.9 280.1 263.7 257.4 243.1 248.2 242.6 241.1 240.4 234.7 230.1 227.3 227.4 222.1 217.4 216.8 206.1 202 208 201.8 192.5 197.4 194 187.5 187.3 182.8 174.3 163.9 162.4 157 153.8 154.5 153.1 140.8 140.1 139.4 142.8 135.2 134.1 124 126.6 122 123.4 121.6 118.3 115.4 113.8 113.9 115.5 108.7 108.6 101.5 102.1 106 103.1 95.3 105 97.1 94.9
317.7 326 357 371.1 411.4 436 498.6 524.6 561.3 566.9 530.6 516.6 457.2 422.2 399.8 355.4 332.1 319.4 309.4 300.1 283.2 259.4 261.9 259.8 248.8 236.4 242.3 238.2 240.9 230.6 230.3 228.2 225.2 229.1 209 204.9 207.3 206 199.4 188.4 198 193.5 183.9 189.6 172.8 174.4 170.3 171.2 151.5 158.2 149 148 146.5 141 139.7 131.9 131.1 129.4 123.7 123.8 123.7 125 119.4 117.4 118.7 111.4 112.6 111.6 110 108.4 108.2 112.8 102.1 104.9 106.9 104.2 98.9 99.4
327.2 340.8 353.6 403.5 443.3 463.8 558.9 639.9 704.2 704.9 663.5 587.4 510.2 442.2 410.8 370.9 345.1 320.1 308.4 290 275.7 275.9 262.6 251.3 247.5 246.2 247.1 249.2 234 245.3 232.8 231.2 232.1 223.1 221.5 204.8 216.7 209.5 206.1 192.3 203.2 200.8 190.1 184.3 176.5 176.2 171.6 163.1 154 156 149.7 145.5 144 141.4 139.4 132.4 133 134 129.2 132.1 124.4 123.3 121.3 110.4 113.8 113.7 117.5 113 113.4 107.9 106 106.7 106.6 103.6 105.8 105.5 101.9 101.8
328.4 345.9 369.5 412.2 458.6 540.7 659.5 785.1 858.9 881.5 807.2 698.8 561.2 482.5 429.6 386.5 352.5 328.3 311 294.9 281.1 270.3 266.4 263.3 259.6 252.7 249.4 245.6 237.6 236.4 242.3 234 226.7 233.6 230.3 226.9 214.3 206.2 201.8 198.3 199 193.2 186.3 176.6 184.7 172.7 177.4 166.4 156.4 151 151.9 148.4 148.8 133.4 144.9 135.7 137.7 131.2 132.6 131.4 125.2 125.1 121.6 119.9 117.1 113.4 113.9 110.1 111 104.4 109.1 106.4 101 107.3 103.3 110.2 104.3 97.9
341.3 355.3 376.6 420.6 480 578 723.5 873.8 1022.9 1045.6 929.3 801 635.7 512.8 436.7 389 357.5 328.4 307.3 292.4 285.1 275.1 263.9 260.8 251.1 252.2 246 249.7 246.4 238 240.9 244.5 243.6 233.7 230.2 222.9 218.8 212.6 210.9 196.9 203.1 187.4 192.5 183.3 177.6 173.1 166.8 173.3 160.3 153.4 151.5 148.9 152.9 139.3 141.8 141.3 133.4 134.7 123.8 125.9 132.2 118.3 119.6 115.3 122.1 121.7 114.7 111.4 116.9 109.2 108.5 111.1 108.7 105.2 107.8 107.3 100.7 102.9
317.7 352.1 369.1 427.4 482.6 613.7 763.9 921.4 1068.7 1096.2 989.1 812.5 646.5 516.4 427 382.3 354 325.5 310.4 292.9 280.3 262.6 266.7 260.1 254.8 245.5 248.9 248.1 248.5 247.4 237.2 242.3 241 244.2 232.6 223.5 216.2 217.1 206.1 211 196 199.1 189.4 181.9 182.4 184.8 167.2 167.2 163.1 160.6 159 156.3 153.1 144.5 133.6 135.3 139.7 128.7 128.6 128.6 123.3 127.3 125 122.5 118.4 123.8 114.4 114.2 108.8 105.5 108.7 115.6 108 104.4 109.8 105.1 109.6 101.3
342.9 346.6 367.5 407.9 482.7 572.2 725.4 847.3 981.3 989.5 911.6 809.6 613.5 503.6 427.9 398.1 352.1 335.1 307.5 291.9 291.9 277 278 255.4 261.3 254.8 252.5 251 248.9 246.9 263.4 257.2 260.1 261.1 254.1 232 229.8 215.6 203.8 208.2 209 190.4 193.6 185.4 170.5 172.2 173.5 170.3 162.2 161.1 161.6 152.5 146.7 143.9 147.1 137.8 139.4 129 134.9 134.9 129.8 121.9 123.8 124.9 123.6 113.8 111 116.3 112.4 105.5 109.5 106.9 106.8 106.8 106.7 101.9 101.8 98.8
318.3 344 368.9 406.4 454.3 526 634.5 745.9 814.7 847.8 778 683.2 563.7 482.5 405.8 368.6 344.8 325.7 311.1 290.9 276.7 280.4 272.2 273.8 256.8 259.3 254.9 253.4 250.9 245.9 262.1 262.9 267.3 261.1 253.1 251.7 245.9 214.4 205.3 212.9 198.6 200.9 196.8 186.2 184.9 183 175.9 169.6 172.9 166.3 166.1 159.3 153.3 140.5 137.7 141.4 135.6 135.5 135.3 129.7 124.5 124.9 121.8 121.3 125.2 113.7 113.5 114.3 115.7 113.8 115.4 108.6 112.8 105.1 103.4 107.8 104.6 104.9
313.3 335 353.2 383.9 429.4 472 535.9 599.1 647.8 663.2 627.1 563.4 492.6 435.9 393.4 364.4 329.2 320.3 300.9 283.6 290.3 272.9 274 258.6 263.7 253.2 250.1 244.3 247.6 252.7 260.6 263.4 266.7 261.2 268.1 251.2 238.5 226.5 204.7 213.3 204.9 201.8 193.2 196.7 192.1 180.6 179.3 177.7 171.1 162.6 161.5 157.5 150.6 151.3 147.5 141.7 134.4 139.4 134.6 131.5 121 122.8 114 117.8 122.3 120.7 112.4 118.5 114.9 111.8 108.1 108.5 115.1 104.9 107.9 111.4 103.6 107.1
301.7 336.2 335.8 349.5 394 421.3 461.9 499.8 521.8 538.6 507.1 467.7 428.1 415.3 376.5 337.3 326.5 311.1 290.8 286.4 277.6 281.9 272.1 263.7 254.7 251.5 253 259.4 248.5 257 250.2 259.7 260.9 263.8 257.8 246.9 242.2 220.5 216.1 212.3 199.4 195.6 195.7 177.9 186.3 188.9 181.1 177.5 182.6 172.2 173.7 163.2 160.6 158.9 144.9 136.4 143.1 132.6 132 128.6 122.9 120.9 127.7 117.6 114.4 117.6 114.2 113.6 108.1 111.8 111.6 107.5 110 105.9 109.8 111.8 108.8 109.2
298.9 318.7 332.8 343.2 375.3 384.7 402.8 428.8 444.8 443.7 443.6 429.6 406.7 364.1 353.9 347.2 321.3 296.9 287.1 284.5 276.9 259.6 268.8 263.8 260.4 251 242.8 246.4 245.4 243.4 249.9 255.2 262.1 263.8 258.8 252.2 233.7 238 222.9 209.8 209.8 208.4 201 192.7 181.5 182.3 177.8 173 179.4 176.7 175.1 168.6 162.1 148.4 148.2 149.3 134.4 137 136.7 132.7 127 131.5 123.1 122.5 114.5 121.2 120.3 110.6 104.6 113.8 109.9 107.1 104.8 115.3 114 108.3 113.7 108.8
292 302.1 316.4 322.1 343.6 354.8 368.9 382.9 392.2 392.2 382.7 377.5 366.1 351.2 327.9 316.7 306.5 295.7 279.3 284 281.6 257 268.1 255.6 255.2 245.5 248.8 245.2 249.9 249.7 241.6 251.8 256.3 254.6 248.5 252.7 235.6 228.3 222.2 204.8 208.5 203.2 198.9 184.5 189.2 184.5 178.2 172 178.9 182.7 167 170.1 162.8 154.6 147.9 149.7 147.5 142.3 138 129.2 136.2 122 125.1 119.2 116.6 116.3 112.9 110.3 108.5 116.8 111.5 110.6 115.7 113.1 114.5 116.4 114.8 115.3
273.7 293.9 294.7 301.1 316.3 319.5 338.8 346.6 358.7 358.4 350.2 333.3 336.6 333.7 311.9 299.8 302 291 275.7 271.8 271.2 269.3 259.1 260.8 249 248.2 244.6 247.9 245.2 246.2 242.8 243.5 242.7 246 241.9 244.2 226.1 217.3 214.3 218.8 204.3 209.2 196.1 191.8 180.5 171.6 179.3 181.1 172.8 168.9 178.9 170.9 158.7 155.3 146 149.3 142.6 141.7 141.9 132.5 122 126.9 120.4 114.7 120.1 124.9 110.5 113.2 114.2 113.4 108.1 115.5 111.5 114.6 117.7 113.3 115.3 115.5
271.3 283.6 288.8 287.7 308.6 307.9 306.1 322.3 317.8 319.8 326.7 313.9 316.9 308.2 304 297.2 286.4 274.6 266.4 257 255.2 261.6 252.8 255.5 260.1 243.2 250.6 252.4 242.6 248.8 239.1 236.9 236.5 245.2 241.5 234.7 222.1 220.5 222.4 217.5 210.2 202.3 197.4 190.3 187.2 176.6 174.1 175.3 182.3 177.1 167.4 162.1 162.2 150.8 149.6 140.1 142 138 142.6 126.8 120.2 128.6 122.9 118.4 111.5 117.7 112.9 109.3 111.2 115.2 106.6 113.1 111.1 111.8 116.9 119.2 117.5 114.1
254.8 263.7 279.5 279.2 284 291.4 294.5 297.2 299 301.1 308.8 301.6 299.8 302.6 286.4 292.9 279 268.7 269.8 256.6 253.9 250.8 251.5 254.5 258.7 247.5 247.4 240 236.5 239.7 248.3 239 237.7 244.9 235.1 228.9 220.3 215.3 215 219.9 206.7 216.2 195.1 188.7 179 179.6 177.5 177.4 169.9 170 159.1 165.1 154.6 152 150.8 148.8 138 137.1 132.3 133.3 131.9 123.3 121.7 116.2 118.4 110.7 117 117.5 109.1 111.2 112.6 109.8 108.8 119.4 116.6 113.7 115 115.8
