Data/GIS/Movement/bfa-mvmt-travel-tail.asc
ncols         173
nrows         126
xllcorner     224227.65281
yllcorner     1039207.04677
cellsize      5000
NODATA_value  -9999
[rows 70 to 104 of 126, columns 0 to 79 of 173]
-9999 -9999 -9999 -9999 -9999 -9999 -9999 47 54.7 64.4 70.6 76.2 77 84.8 81.2 84.1 78.7 109.9 113.1 93.4 100 148 166.2 132.3 125 129 147.7 129.8 119.1 129.7 133.2 146.3 133.7 104.4 127.2 126.3 133.5 162.8 167.9 219.2 199.3 172.2 115.9 103.9 124.9 143 151.3 149 131.1 156.7 172.6 117.5 102.2 106.6 116.8 156.5 156.7 139.4 147.1 123.6 117.3 159.3 153.8 153 198.4 249 244.9 198.9 203.8 257.4 193.1 166.7 200.6 340.4 219.6 130.9 110.8 106.8 104.6 116.7
-9999 -9999 -9999 -9999 -9999 -9999 44.3 50.8 62.3 65.1 58.5 72.1 76.6 86.4 89.8 93.9 78.9 108.9 97.7 93.2 98.3 127.7 173 141.9 155.4 143.2 129.2 128.6 123.5 124.9 119.9 137.5 132.2 115.6 125.5 136.4 153.6 170 202.8 199.1 167.6 163.8 151.4 121.1 135.1 136.5 125.7 143.7 129.4 154.5 164.5 138.8 136.3 128.8 137.4 170.1 167.1 144.2 131.4 118.7 103.3 142.2 191.3 199.6 239.7 167.7 223.7 148.7 155.4 218.9 198.6 228.1 227.2 321.5 279.7 181.1 148.9 132 130.5 120.8
-9999 -9999 -9999 55.5 51.9 48.9 51.9 54.5 55 57.3 63.9 62.6 72.6 83.8 83 100.5 97.5 112 114.8 91.3 125.3 154 187.6 164.5 151 134.1 131.2 97.3 98.3 115 99.5 122.9 129.6 126.6 130.7 119.8 134.5 156 194.1 159.6 161.4 160.2 146.1 141.6 142.2 136.8 132 149.3 130.1 151.7 150.8 154.3 150.5 142.9 162.2 159 185.8 171.4 172.6 154.9 149.5 175.8 209 212.1 157.7 144 199 139.8 129.1 196 157.1 165.2 198.1 244.7 290.5 235.5 233.9 214.3 177.5 150.9
-9999 -9999 -9999 -9999 -9999 57.5 56.7 54.7 51.9 60.3 73.7 71.1 70.7 63.3 84.1 102.4 114.7 127.9 127.9 133.3 131.1 150.5 198.9 179.4 142.3 126.4 134.3 100.1 101.4 122.7 129.3 135.5 125.6 133.8 137.1 153.6 173.1 198.8 159.3 121.2 137.1 140.4 147 145.2 124.3 131 145.3 158.4 162.5 169.2 179.7 169.5 180 182 150.8 140.3 194.9 217.3 195.1 188.8 196.7 187.9 168.2 215.8 148.6 149.6 153.6 126.2 150.5 140.8 108.9 110.1 144.3 238.5 292.1 235.4 229 212.7 194.2 185.2
-9999 -9999 -9999 -9999 -9999 -9999 63.2 56.8 51.3 57.3 62.7 73 87.1 80.4 77.4 106.8 109.7 126.9 142.7 147.8 168.3 194.7 206.6 156.5 132.3 112.1 127 118.1 108.3 131.7 123 122.8 118.5 145.5 162.8 183.9 191.1 196 158.1 137.8 149.9 160.4 157.6 162.8 146.2 144.3 137 143.3 170.1 174.4 191.7 175.2 195.2 217.6 195.1 213.4 198 172 161 141.3 153.9 163 128.4 182.1 167.4 145.7 146.2 153.3 137.3 109.5 97.5 104.3 153 264.3 274.3 242.9 212.9 196.8 182.8 191.1
-9999 -9999 -9999 -9999 -9999 -9999 60.4 54.6 51.2 52.8 67.8 74.9 92 100.7 91.6 116.2 118 128.2 115 117.8 138.8 205.7 176 120.3 104 94 119.1 146.5 144.1 124.4 111.8 125.6 127.1 162.2 161.6 192.7 221.5 189.3 184.9 165.2 176.1 195.3 191.4 182.8 155 162.7 126 175.4 193.1 146.8 158.2 201.2 247.6 239.1 185.3 163.1 121.7 109.3 119.1 118 148.7 139.5 107.8 145.6 194.2 161.1 170.6 166.3 111 86.1 82.5 102.9 154.5 242.2 213.5 198.8 193.4 184 176.9 187.3
-9999 -9999 -9999 -9999 -9999 69.7 61.5 64 54.5 67 75.1 83.5 89.1 105.1 108.2 115.6 146.3 136.7 143.9 163.4 193.9 216 148 112.4 91.6 99.6 124.8 156.9 134 114.1 134.4 127.5 117.6 169.7 199.3 215.5 206.5 147.3 155.8 186.4 201.7 182.9 207.7 231.6 209.8 157.6 145 212.9 187.7 161.7 191.3 236.8 235.3 141.7 126.2 112 92.9 92.2 93.6 125.5 156.8 127.9 103.7 118.1 164.9 206 206.7 180.9 116.1 92.6 77.9 95.1 145.8 245 172.2 140.8 158.4 156 131.4 146.4
-9999 -9999 -9999 -9999 -9999 -9999 -9999 72.8 67.2 71.2 66.5 75.5 96.5 100.7 109.4 122.7 126.4 157.3 163.9 160.7 174.7 241 176.9 120.4 121.7 130.6 168.3 163.4 121.5 126.4 145.8 138.6 109.4 141.9 192 224.8 154 129.1 144.7 176.3 177 226.6 238.4 275.6 248.6 156.9 226.2 272.1 204.6 186.4 243.5 256.5 213.1 141.2 120.6 97.4 85.5 88.1 105.7 135.4 147.9 159.6 142.8 162.2 179.9 171.8 202.2 181.6 129.8 90.8 76 98.9 144 254.6 192.9 176.7 186.7 166.2 168.5 201
-9999 -9999 -9999 -9999 -9999 -9999 -9999 72.4 73.7 65.8 64.4 72.5 82.2 110.3 112.9 103.9 119.4 139.4 122.1 132.5 175.1 203.8 252.8 186.7 192 206.5 187.2 137.4 118.2 129.1 157.9 183 132 189.2 258.5 167.3 133.7 139.8 165.8 139.9 126.6 194.4 299.7 383.2 280 316.9 395.2 357.4 324 305.1 249.7 156.8 133.7 140.9 112.5 100.1 92.5 103.5 117.4 128.6 145.2 144.7 134.8 132.1 121 117.2 148.4 227.5 165.2 113.7 91.8 98.9 145.8 255.4 224.6 202.7 155.6 126 122.8 135.1
-9999 -9999 -9999 -9999 -9999 -9999 -9999 72.1 65.5 76.7 81.1 80.2 94.9 103.6 100.5 94.2 130.2 141.7 140.3 138.4 173.1 149.2 212.6 298.6 244.5 183 151.5 138.3 146.4 119.9 123.6 179 195 260.1 189.1 156.2 158.3 147.9 166.9 170.9 187.7 215.3 292.4 484 478.1 256.6 268.5 217.3 205.8 218.3 245.7 149.2 153.5 117.7 100.3 93.8 93.9 94.7 104.8 110.5 123 130.7 102.7 98.9 91.8 99.1 130.4 219.9 180.8 141.3 125.5 147 185.6 238 179.9 194.6 122.8 84.6 93.8 132.6
-9999 -9999 -9999 -9999 -9999 -9999 -9999 73.6 70.1 80.8 93.6 91.7 101.8 97.7 115.1 107.8 129.5 132.7 119.3 131.2 134.2 151.4 211.9 327.8 231.2 159.5 138.6 142 177.4 124 115.7 179.6 292.1 252.1 188.9 179.1 160.7 147.5 157.5 145.9 138.2 215 327.8 470.1 371.5 195 209.6 143.7 139.3 197.1 283.2 229.2 217.1 163.3 121 117.3 125.8 118.8 103.2 93.7 118.3 126 119 122.7 121.8 100.2 118.2 204.9 202.4 178.6 204.6 230.1 279.6 187.2 233 164.3 114.1 93.7 104.5 159.2
-9999 -9999 -9999 -9999 -9999 -9999 -9999 74.9 67.1 74.2 81.2 76.1 102.7 107.3 109 110.1 129.5 118.9 116.7 130.5 176.6 207.4 274.8 333.8 403.3 283.2 182.7 222 215.8 168.6 164 254.8 339.5 244.1 214.6 169.9 150.2 164.3 174.4 159.5 137.9 214.8 345.3 298.9 232.5 217.6 168.2 132.9 183.3 204.6 233.7 235.1 208.2 184.6 175.4 154.2 142.9 130.6 120 101.4 115.6 120.7 114.5 104.2 137.6 135.6 153.2 208 245.4 225 202.1 217 254.6 240.4 237.1 172.9 128.6 104.6 124.9 214
-9999 -9999 -9999 -9999 -9999 -9999 67.3 72 72.3 75 79.5 93.4 94.4 112.7 110.7 117.1 114.8 110.2 100.1 140.6 153.3 233.2 261.2 334 415.8 473.9 299.9 269 191 251.5 257.3 378.6 236.9 209.9 196.5 174.3 150.7 175.3 195.7 186.1 169.8 320.4 331.9 202.7 169.4 197.2 137.1 163.6 192.2 158.9 167.3 160.7 218.2 215.8 198.9 143.1 150.4 130.4 121.4 119 121.4 104.8 131.3 109.4 112 163.7 177.1 187.7 239.9 267.5 250.6 224.3 197.6 304.2 286 234.1 157.5 128.1 145 251.2
-9999 -9999 -9999 -9999 -9999 -9999 69.2 90.7 87.7 91.4 81 88.1 97.9 124.5 100.1 124.9 130.6 118.3 100.7 141.1 186.5 228.8 233.3 274.9 339.5 356.4 531.5 363.5 347.3 466.6 454.6 327.3 221.7 165.9 179.8 179.3 144.1 154.9 174.4 203.2 246.5 338.5 240.8 252.1 212.3 177.7 163.5 174.1 147.4 158 144.3 147.6 176.9 214.7 161.3 166.1 136.2 110.2 123.1 129.3 100.9 92.8 115.7 122.4 101.3 117.4 155.5 171.7 155.8 216.9 276.8 213.1 147.7 194.4 348.5 223.4 199.1 181.8 183.6 297.9
-9999 -9999 -9999 -9999 -9999 -9999 77.8 95.6 84.6 103 81.8 92.2 106.1 129.9 113.3 105.5 134.4 142 136.9 145.9 215.8 225.1 267 297.3 320.1 265.7 728.8 616 730.5 497.9 306.3 245.6 213.4 251.3 193.9 200.3 163.9 154.2 219.5 189 270.5 261.5 244.6 221.3 215.1 157.1 138.9 125.2 105.2 120.4 120.5 161.6 182.3 218.3 162.6 152 143.4 116.4 119.3 139.1 111.4 87.2 111.2 140.7 113.3 100.9 112.7 135.3 129.1 132 176.3 295.4 194.4 150.6 260.9 229.4 166.4 230.2 329.3 275.5
-9999 -9999 -9999 -9999 -9999 79.9 78.6 99.8 83.1 99.2 99.4 89.6 89 128.2 111.9 100.7 144.1 130.4 149.2 174.8 196.1 258 297.8 419.2 517.8 539.3 1210.9 2129 757.8 389.4 335 305.1 312.2 230.1 207.3 233.7 212.4 200.9 247.7 274.1 289.4 204.6 207.1 172.6 158.1 113.3 98.1 97.1 93.4 103.5 106.4 135.2 189 202.7 187.3 184 157.7 128.4 112.3 137.7 140 103.3 101.8 141.6 146.9 107.1 100.4 99.3 116.9 146.3 170.2 225 327 200.8 204.5 354.7 226.2 266 282.4 179.3
-9999 -9999 -9999 -9999 105.5 98.5 102 95.8 93 109 107.1 116.7 122.2 146.6 118 108 162.5 166.3 136.1 147.1 184 226.6 295.1 431.3 518.3 1046.4 3166.8 3205.1 1474 523.1 516.8 468.6 378 342 309.2 289.4 262.9 212.8 218.1 249.9 202.4 207.1 202.8 196 135.3 104.1 100.1 113.5 117.2 133.5 136.3 147 169.7 191.4 207.3 176.9 151.8 116.2 97.5 118.9 151.8 132.1 107 103 139.4 164.3 148.7 100 106.9 105.1 135.9 172.1 249.8 376.4 289.5 360.4 406.3 322.8 208.7 141.1
-9999 -9999 -9999 -9999 115.4 123.3 122.3 100 120.4 103.4 90.2 111.6 133.1 136.3 103 109.7 178.5 207.7 170.5 192.7 206.5 247.6 357.5 477.7 568.3 857 1479.5 1250.5 640.5 581.9 511.9 244.4 185.8 192.2 236.8 245.5 227.1 162.7 144.3 194.8 152.3 140.8 149.1 156.5 155.8 142.3 125.8 132.6 129.1 117.2 126.7 163.2 176.8 203.1 205.3 178.4 157.7 133.7 103.4 107.2 128.2 165.9 137.5 97.1 104.7 163.7 143.9 135.8 139.1 133 151 230.4 323.5 368.7 454.1 486.7 278.9 209.3 244.6 184.9
-9999 -9999 100.5 98.6 129.5 134.5 127.1 107.2 140.8 123.1 106.2 110.9 158.8 126.9 106.9 139.4 210.3 255.1 250.9 299.3 300.8 335.3 287.3 227.9 241.4 481.4 809.4 388.5 367.2 232.8 351.6 383.6 176 201.7 197.5 199.5 182.1 154.8 138.7 130.1 119.5 102.6 113.8 145.4 154.8 127.9 135.6 135.2 126.7 141.6 147.8 157.3 167.8 196.8 185.9 164.3 143.1 144.4 121.1 138.8 133.5 172.5 170.9 124.2 101.4 146.4 173.4 139.4 202.5 207.4 266.5 228.7 189.7 255.4 364.6 610.8 326.1 210.1 156.3 159.6
-9999 89.9 103.1 115.5 111.7 117.6 133.6 139.9 156.5 158.4 173.4 163.4 165.6 162.4 126.9 173.1 225.8 211.3 199.8 173.6 170.7 199 204.4 173.2 232.7 453.4 528.2 334.2 227.4 168.1 190 355.9 293.5 260.5 184.6 136 134.9 147.4 146.7 120.3 97.1 100 111 117.8 150.5 133.9 135.7 145.7 150.6 161.4 171.4 159.1 168.9 185.3 168.9 148.3 121.7 159.4 155.9 180.6 191.4 183.7 184.9 182.4 162 183.4 218.2 236.9 218.8 220.5 164 123.7 110 173 326.3 383.1 299.1 206 139.6 105.2
-9999 79.5 99.5 82.6 81.8 107.2 131.7 115.1 124.3 121.2 163.8 199.5 207.1 211.5 190.1 210.7 142.2 157 122.6 118.8 136.8 197.3 254.4 236.7 394.6 359.6 278.7 162.1 137.3 124.3 131.7 196.8 347.1 274.1 161.1 147 185 160.9 133.9 120.1 108 122.6 124.5 110.5 135.9 131 138.9 159.8 172 181.4 193.8 169.4 177.4 173.6 168.5 152.5 127.7 172.7 176.5 168.8 163.9 140.8 138.5 168.9 165.2 140.2 127.7 124.8 107.1 122.9 104.1 91 93.9 126.8 158.2 191.5 155.5 124.7 127.9 89.2
-9999 73.9 92.4 102.4 100.3 111.3 127.4 117.2 128.1 145.4 161.4 182.1 174.6 198.1 218.9 165.4 117 108.8 99.4 99.3 122.9 183.5 276.7 365.1 255.5 226.5 208.4 142 138.6 132.7 126 180 264.1 264.1 246 230.8 170.2 168.6 170.7 173.3 178.6 181 150.4 127 135.7 168.2 167.3 176.9 199 220.6 203.6 211 193.4 179.9 187 184.1 175.7 180.5 168.4 -9999 -9999 -9999 -9999 -9999 -9999 -9999 -9999 -9999 -9999 -9999 -9999 -9999 -9999 -9999 -9999 -9999 -9999 -9999 -9999 -9999
-9999 79.7 82.6 100.1 115.4 115.3 105 141.8 147.8 161.6 131.8 135.5 122.7 161.5 195.1 212.9 146.1 132.5 127.5 129.1 184.4 243.1 290.6 253 182.1 196.2 161.8 140.7 150.4 145.7 154.4 170.6 249 253.3 260.4 248.6 225.2 238 201.4 192.8 184 195.2 180.8 178 181.9 171 160 175.4 192.4 206.9 163.3 169.7 164.5 176.2 157.7 161.9 164.5 159.5 135.6 -9999 -9999 -9999 -9999 -9999 -9999 -9999 -9999 -9999 -9999 -9999 -9999 -9999 -9999 -9999 -9999 -9999 -9999 -9999 -9999 -9999
-9999 -9999 76.3 96.9 124.5 119.7 114.1 143 148.9 123.1 132.4 99 126.7 136.5 154 252 236.3 244.2 201.4 209.8 273.6 252.4 180.4 168 144.8 187.4 145.2 125.7 145.2 164.4 174.2 211.1 199 201.5 227.5 210 178 159.8 139.4 128.2 129.9 145.3 160.5 154 165.3 121.3 136.9 140.1 164.8 204.9 152.8 122.7 134.9 136.8 144.6 146.7 141.7 135.2 -9999 -9999 -9999 -9999 -9999 -9999 -9999 -9999 -9999 -9999 -9999 -9999 -9999 -9999 -9999 -9999 -9999 -9999 -9999 -9999 -9999 -9999
-9999 -9999 98 95.3 137.3 142 145.9 159.6 129.4 105.9 139.5 125.2 132.1 147.7 123.1 162.4 225.9 321.1 294.9 270.9 188.9 153.7 141.5 118.9 124.9 161.2 199.3 159 136.9 156.3 160.6 182.9 190.1 193.7 201.3 181.4 187.6 147 124.6 105.8 108 140.1 144.2 127.6 149.4 113.4 138.5 113.6 128.4 209.5 186.4 146.3 136.8 121.6 113.7 133.2 119.8 108.7 -9999 -9999 -9999 -9999 -9999 -9999 -9999 -9999 -9999 -9999 -9999 -9999 -9999 -9999 -9999 -9999 -9999 -9999 -9999 -9999 -9999 -9999
-9999 -9999 81.7 86.3 117 166.2 158.2 143.6 147.3 126.9 140.3 170.4 156.4 164.8 127.9 134.6 214.9 396.5 376.8 290.1 177.9 177.2 140.6 121.3 133.3 152.3 178.9 267.4 159.6 144.9 171.8 178.9 175.5 153.8 158.1 159.3 162.8 144.7 132.6 115.7 101.9 123.5 111.8 126.5 129.1 128.2 149.3 155.6 157 211.9 182.8 165.8 145.9 120.6 118.2 111.7 104 100.6 -9999 -9999 -9999 -9999 -9999 -9999 -9999 -9999 -9999 -9999 -9999 -9999 -9999 -9999 -9999 -9999 -9999 -9999 -9999 -9999 -9999 -9999
-9999 70.4 72 100.9 139.3 148 160.2 131.3 156.3 160.9 137.2 200.6 179.6 223.6 173.5 196.1 281.2 360.2 314.5 172.9 190.9 183.5 161.5 146 201.4 241.2 281.5 296.3 222.5 242.4 206.1 182.6 159.2 131.1 145.1 158.1 135.9 140.4 122.1 115.9 104.1 105.7 120.9 106 108 117 138.5 122.8 132.7 200.5 219.5 161.1 124.2 109.2 105.3 103.1 104.1 -9999 -9999 -9999 -9999 -9999 -9999 -9999 -9999 -9999 -9999 -9999 -9999 -9999 -9999 -9999 -9999 -9999 -9999 -9999 -9999 -9999 -9999 -9999
-9999 74.5 81.9 102.4 121.1 134.2 164.7 184.9 193.8 188.3 181.2 223.4 285.3 274.5 249.9 280.4 360.4 503.3 259.4 222.6 194.1 174.7 223.1 207.6 303.5 303.2 270.3 402.1 415.6 253.9 157.9 118.8 136.2 110.9 120 141.2 117.2 117.3 115.9 121.6 105.1 101.6 106.1 97.7 91.4 103.7 125.5 101.6 108.1 162.3 212.9 152.7 145.6 107.3 92.7 100.6 102.9 -9999 -9999 -9999 -9999 -9999 -9999 -9999 -9999 -9999 -9999 -9999 -9999 -9999 -9999 -9999 -9999 -9999 -9999 -9999 -9999 -9999 -9999 -9999
-9999 85.2 94.6 87.9 120.7 141.8 156.5 179.4 207.3 218.9 235.7 249.5 232.2 256.7 271.5 351.8 600.7 729.8 279.3 333.6 327.7 285 302 297.7 242.1 171.9 140.7 180.5 359.3 377.8 212.7 145.7 110.2 95.3 115.4 119.2 101.6 94.7 108.6 128.3 104 96.7 117 120.1 99.5 101.5 98.9 101.5 117.4 166.2 235.3 138.6 117.5 125.8 118.2 107.9 -9999 -9999 -9999 -9999 -9999 -9999 -9999 -9999 -9999 -9999 -9999 -9999 -9999 -9999 -9999 -9999 -9999 -9999 -9999 -9999 -9999 -9999 -9999 -9999
-9999 81.5 98.4 99 129.7 129.5 151.1 170.2 175 195.4 162.5 188.6 201.4 235.2 189.7 254.7 426.9 357.4 197.1 158.3 200.1 247.4 201.7 206.9 188.1 158.4 128.3 149.7 241.2 233.4 304.9 192.3 130.5 99.8 101.4 98.4 86.4 81.9 105.6 135.4 94.2 99.9 123.8 138.9 131.1 132.6 120.3 121 127.6 187 233.8 131.7 105.8 128.1 125 98.4 91.4 -9999 -9999 -9999 -9999 -9999 -9999 -9999 -9999 -9999 -9999 -9999 -9999 -9999 -9999 -9999 -9999 -9999 -9999 -9999 -9999 -9999 -9999 -9999
-9999 80.9 103.7 109.2 108.2 117.1 123.4 143.6 144.4 178.6 173.9 142.8 172.8 194.8 189.6 160.4 369.1 206.6 229.1 191.9 192.9 176.3 149.3 125.7 125.4 122.5 138 156 199.6 175.8 216.8 291.3 208.1 130.4 113 107.7 99.4 97.3 116.8 134.4 94.4 104.7 129.3 137.3 132.3 146.3 156.3 168.3 167.4 215.2 266.2 142 106 139.4 113.7 97.1 91 -9999 -9999 -9999 -9999 -9999 -9999 -9999 -9999 -9999 -9999 -9999 -9999 -9999 -9999 -9999 -9999 -9999 -9999 -9999 -9999 -9999 -9999 -9999
-9999 85.9 97.5 105.2 107.8 112.9 114.7 127 162.2 140.1 148.1 170.5 178.7 147.5 122.6 156 322.1 165.8 145.4 175.5 174.1 133 121.5 102.7 91.7 96.5 95.6 110.3 132 136.5 151.8 188.7 265.3 207.3 160.2 152.9 129.2 132.8 146.4 146.9 102.8 117.7 150.9 143 111.8 110.8 132.2 156.1 185.2 211 238.6 183.4 126.6 169.9 123.6 93.4 104.5 -9999 -9999 -9999 -9999 -9999 -9999 -9999 -9999 -9999 -9999 -9999 -9999 -9999 -9999 -9999 -9999 -9999 -9999 -9999 -9999 -9999 -9999 -9999
70.3 85.4 85.9 96.9 108.4 115.2 117.2 128.1 135.3 125.9 144.5 175.3 143.6 102.6 110 189.2 276.9 156.2 103.5 127.7 153 121.8 100.8 80.4 72.6 71.7 75.1 86.3 102 94.6 100.3 119.5 175.8 298.1 251.8 272.4 203.6 208.3 186.8 136.6 100.7 125.2 149.7 138.6 101.7 87 96.5 113.9 122.1 131.4 184.3 268.5 199.6 177.2 145.7 120.8 107.7 86.3 -9999 -9999 -9999 -9999 -9999 -9999 -9999 -9999 -9999 -9999 -9999 -9999 -9999 -9999 -9999 -9999 -9999 -9999 -9999 -9999 -9999 -9999
78.4 82.9 87.5 97.4 103.9 104.3 108.1 123.6 125.1 116.7 133.6 169.7 170.6 111.3 125 215.2 219.6 119.4 91.1 96.7 127.6 121.9 96.8 76.2 66 61.9 59.5 67.8 75 80.5 95.1 116.2 178.8 215.2 161 213.5 328.8 310.7 182.3 121.4 112.4 106.5 150.7 151 108.2 92 102.2 104.8 115.3 124.8 159.1 332 244.9 153.9 120.8 122.5 107.5 101.4 90.9 100.5 -9999 -9999 -9999 -9999 -9999 -9999 -9999 -9999 -9999 -9999 -9999 -9999 -9999 -9999 -9999 -9999 -9999 -9999 -9999 -9999
-9999 72.6 77.6 86.1 90.8 90.6 98 105.7 112.4 96.8 138.4 151.8 224.6 165.8 187.1 296.5 172.2 115.3 87.1 82.9 103.6 114.9 96.6 77.2 69.6 52.5 52.1 62.5 73.4 86.8 119.5 157.6 198.2 157.8 129.2 196.2 272.2 337.1 261.3 171.2 169.4 138.7 164.8 172.3 138.8 126.6 141.8 159.9 187.5 208.1 214.4 331.4 184.9 122.9 102.7 89.4 104.2 88.4 81.7 -9999 -9999 -9999 -9999 -9999 -9999 -9999 -9999 -9999 -9999 -9999 -9999 -9999 -9999 -9999 -9999 -9999 -9999 -9999 -9999 -9999
