Data/GIS/Movement/bfa-mvmt-marshall-tail.asc
ncols         173
nrows         126
xllcorner     224227.65281
yllcorner     1039207.04677
cellsize      5000
NODATA_value  -9999
[rows 70 to 104 of 126, columns 0 to 77 of 173]
-9999 -9999 -9999 -9999 -9999 -9999 -9999 107.8 114.2 118 122.8 128.1 124.2 132 131.1 135.5 146.5 147.4 143.2 151.4 150.1 151.3 165.1 160.6 164 172 164.6 161.3 174.2 174.7 176.6 168.1 169.9 175.1 166.9 169 170.5 173.1 178.2 173.8 170.7 175.5 164.8 181.6 167.8 181 185.7 179.4 181.7 182.8 179.1 181.7 189.6 183.8 181.2 183.7 185.3 194.7 185.7 188.5 190.1 191.7 196.6 208.8 205.8 214.9 218.1 218 206.9 220.3 228.2 230 232.1 238.3 244.8 241.7 253.8 249.4
-9999 -9999 -9999 -9999 -9999 -9999 113.3 113.2 122.1 123.1 125.2 130.2 128.7 135 132.9 134.2 135.9 140.1 144.7 154.5 152.1 158 162.8 165.7 163.7 168.2 167.9 170.9 171.2 171.2 165.5 170.4 170.8 165 174.8 167.3 166.1 170.8 170.8 176.9 169.1 170.3 183.1 182.8 179 178.4 180.2 181.1 179.7 169.4 182 184.5 180.7 174 191.6 181.1 190 187.7 192 188.8 185.7 187.2 187.9 202.8 196.7 195.2 201.9 210.8 206.9 214.1 225.8 217 230.6 230.6 222.4 236.5 225.4 244.2
-9999 -9999 -9999 93 100 104.4 108.7 115.6 117.9 121.7 123.9 130.7 135.6 128 141.5 146.6 141.3 151.8 157.7 161.3 157.4 156.3 166.4 167.8 165.1 173.8 170.8 175.3 175.1 169.1 165.6 169.4 173.1 169.8 173.1 182.6 168.1 168.3 169.2 178.8 174.8 182.2 179.6 182.1 183 186.9 188.3 182.6 174.6 182.3 183.7 182.4 175.6 181.8 184 187 185.8 190.8 176 192.6 196.2 188.6 193.9 189.8 186.2 199.2 207.5 207.9 205.2 209.5 211.9 217.8 225 223.9 221.5 231.3 234 243.3
-9999 -9999 -9999 -9999 -9999 109.8 113.2 120.6 119.9 128.8 118.8 136.3 143.3 141.7 144.4 146.6 155 149 158.8 159.6 161.2 165.9 170.4 161 171.5 171.8 171 171.2 172 171.4 165.2 172.6 168.2 170.3 164.7 181 176 175 178.2 178.7 180.9 174.5 173 183.5 173.5 183.6 185 173.6 183.7 185.1 186.5 182 194 185.4 181 189 187 190.8 184.6 191.3 185.2 185.9 190.3 191.1 186.4 196.1 199.3 192.7 205.4 202.3 203.3 209.2 215.4 220.4 218.8 229.8 218.8 227.3
-9999 -9999 -9999 -9999 -9999 -9999 112.4 124 123.9 128.1 124.7 136.2 139.1 135.5 147.4 151.3 155 154 158.7 163.8 165.2 171.9 166.5 169.6 183 180.4 179.7 178.6 172.9 169.5 167.2 169.4 168.9 168.6 161.2 165.1 171 174.4 173.6 175.6 176.2 177.5 176.9 172.6 181.8 175.9 179.2 190.5 176 184 189.1 177.5 174.4 185.5 183.1 185.4 178.2 185.6 182.9 185.3 193.5 188.9 186.3 186.1 189.6 189.2 195.6 197.4 195.2 208 207 203.6 203.8 209.8 211 220.6 226.1 221.7
-9999 -9999 -9999 -9999 -9999 -9999 119.7 114.7 128.4 129.2 132.6 128 146.5 139.9 139 144.7 155.3 159.3 166.4 170.5 173.9 175.2 167.6 174.8 171.4 164.7 173.9 177.6 172.7 178 172.5 174.6 169.5 174 177.4 168.6 189.3 177.5 173 179.9 180.7 178.4 181 179 179.6 180.2 181.6 188.5 189.5 183.1 179.1 185.7 181.9 177.2 178.7 183.4 186.9 182 189.6 183.8 187.5 185.5 190.2 189.5 189.1 190.3 194.3 187.3 188.5 192.5 200.7 210.7 207.5 204.8 216 219.2 211.9 216.2
-9999 -9999 -9999 -9999 -9999 106.6 110.7 120.2 125.8 129.3 131.8 139.5 142 142.6 138.2 152.8 155.4 153.7 156 169.1 174.4 172.7 171 171.1 178 170.2 185.1 180.2 182.3 174.1 177.1 178.3 172.6 172.5 175.1 171.5 174.2 178.8 175.4 177.4 175.2 182.6 182.6 181.9 190.7 187 188.2 182 183.1 180.9 179.8 183.2 180.1 183.7 176.3 177.5 178 185.4 181.4 187.7 183.6 193 179.9 187.6 184.7 183.3 192.6 186.2 185.2 190.8 192.9 197.5 210.5 204.7 210.8 205.4 208.1 221.3
-9999 -9999 -9999 -9999 -9999 -9999 -9999 125 125 129.4 136.5 141.8 143.7 144.1 146.9 153.5 160 163.4 160.2 175.8 172.4 173.3 179 185.3 183.2 186.3 174.1 179.9 186.1 176.9 187.4 173.8 181.8 179.5 179 177.8 177.5 180.7 185.4 183.1 188.8 189.3 185.3 187.7 182.6 177.9 190.3 179.6 186.1 181.9 178 173.6 183.2 185.5 176.8 183 175.3 181.9 174.5 184 180.3 184.2 189.7 183.1 183.5 184.2 181.6 186.6 195.9 187.6 188.8 193.3 200.5 202.6 202.2 204.3 203.1 208.2
-9999 -9999 -9999 -9999 -9999 -9999 -9999 118.4 131.1 133.4 137.4 138.9 147.6 150 154.9 155.7 162.4 151.5 161.7 167.1 172.6 173.4 184.1 180.9 189.6 190.9 192.7 182.8 195.5 192.9 190.2 183.9 174.9 179.3 176 186.5 177 176.4 176.8 183.3 192.9 185.6 188.8 178.4 186.6 189.3 183.6 187.7 178.8 186 178.5 185.3 181.3 177.5 175.3 175.8 178.5 181.8 184.9 181.9 183.9 191.2 188 185.7 184.9 184.8 184.6 187.3 195.8 191.8 189.3 193.5 190.9 192.7 191.5 211.7 202.5 209.8
-9999 -9999 -9999 -9999 -9999 -9999 -9999 122.3 126.4 128.8 144.1 142.2 153.2 150.6 153.9 163.6 152.7 160.8 174.7 172.9 174.3 183 182.9 190.8 196.3 192.1 193.4 191.7 184.6 192.9 190.8 191.7 179.3 178.9 184.9 180.5 181.5 180.3 181.9 185.8 180.5 189.9 186 185.5 188.3 180.5 182.3 177.9 185.4 182.3 177.5 181.9 183.4 179.1 179.5 181.5 182.8 183.9 178.5 183.5 180.2 183 184.5 183.4 188.5 175.8 183.8 186.1 190.6 188.7 186.5 194.8 193.5 196.4 189.3 199.1 202.3 195.3
-9999 -9999 -9999 -9999 -9999 -9999 -9999 123.4 130 136.7 143.2 142.7 148.1 149.2 161.6 154.1 167.9 167.9 167.5 176.6 180.3 182.7 198.4 197.3 203.2 209.5 213.5 198.4 200.8 200.8 195.2 199.3 189.6 190.9 186.3 182.6 187.8 175.3 194.1 181.3 180.2 190.7 196.9 179.2 177.7 185.5 179 179.3 176.8 178.7 177.2 175.4 186.6 178.3 175.1 187.8 181.5 176.8 178.9 190 178.9 177.6 172.3 189 186.4 175.9 178.9 174.9 185.9 182.9 186.6 193 186.2 194.8 192.2 198.4 183.4 189.4
-9999 -9999 -9999 -9999 -9999 -9999 -9999 127.8 132.6 138.6 132.6 141.2 140.4 154.6 156.1 164.1 164.3 170.8 176.3 174.3 186.5 191.5 199.2 208.2 213.7 210.6 217.2 212.5 223 219.1 200 203.9 203.8 199.3 184.7 186.8 186.5 176.1 186.2 177.2 178.5 185.6 189 184 188.3 184 178.3 181.7 183.3 171.9 173 176.5 175.8 181.3 181.1 177.5 187.4 182.8 179.9 171.9 181 186.6 184.4 185.4 179.9 179.2 174.2 179.2 180.4 181.4 182.5 186.6 191.5 189.9 185 187.9 186.5 190.6
-9999 -9999 -9999 -9999 -9999 -9999 115.4 127 124.4 128.3 141.7 143.8 156.1 161.4 157.6 165.2 171.7 177.1 173.6 180.4 193.2 197.3 211.7 210.1 221 238 225.9 229.2 227.9 232.9 221.2 217.7 209.4 198.6 190.1 190.6 188.5 187.4 184.3 178.9 186.3 192.4 181.5 189.7 185.1 182.3 172.2 184.8 177.8 186.9 178.1 175.6 180.6 177.7 181.2 176 177.6 170.2 181 181.5 179.7 177.2 179.3 175.3 175.5 169.3 174.7 179.5 171.2 169.5 189 184.7 189.8 178.1 186.2 185.7 185.7 186.9
-9999 -9999 -9999 -9999 -9999 -9999 123.9 120.6 131.4 138.1 139.2 144.9 154.4 157 168.9 164.9 174.2 179.8 191.2 181.8 189.2 204.9 220.5 226.8 235.4 250.1 260 262.9 257.9 239.9 233.7 219.9 212 204.6 194.6 189.6 183.5 180.6 187.4 177.1 185.7 183.4 181.7 180.1 175.3 180.8 183 179.1 186.1 184.5 185.4 179.7 179 171 189.9 178.6 174.1 175.2 177.4 173.3 176.7 181.2 176.9 182.1 176.2 170.1 170.3 176.5 175.6 175 175.7 181.3 182.9 180.9 181.1 186.9 177.2 176.3
-9999 -9999 -9999 -9999 -9999 -9999 120.2 129.1 142.9 137.6 140.4 142.2 154.4 153.3 167.8 161.7 172.3 179.7 182.6 192.7 200.2 212.6 227.6 236.7 263.1 266.7 289.3 288 275.8 265.9 235.7 227.5 218.5 201.9 195.3 192.4 178.9 180 189.6 180.5 176 183.4 184.6 168.6 171.1 179.5 178.3 173.8 175.6 175.8 176.2 174.1 180.9 178.8 179.3 168.3 176.5 170.6 173.5 173.9 171.8 174.1 170 174.7 178.9 168.6 172.8 171.3 178.5 172.8 174.3 173.6 174.9 176.2 178.2 182.4 179.9 176.2
-9999 -9999 -9999 -9999 -9999 119.5 127.3 132.9 136.7 138.8 143.3 152.7 157.7 153.6 158.9 168.2 175 182.3 189 193.1 208.2 218.1 233.5 258.8 277.7 317.4 306.7 318.6 309 272.1 248.2 236.3 218.1 207.5 194.5 195.7 183.6 188.3 186.6 190 175.3 184.1 177.2 177.5 170.6 178.2 177.9 175.5 172 172.2 174.7 179 180.3 182.6 172.2 179.1 178.2 178.2 172.1 169.8 174.7 180.2 170 170.7 168.7 165.2 169.3 160.9 169.8 164 183.1 168 175.3 176.4 170.7 175 177.3 178.8
-9999 -9999 -9999 -9999 116.8 119.1 127.5 131.2 135.2 140.2 147.9 156.9 161.6 160.7 161 169.2 165.3 169.9 189.1 197.7 201.9 230.3 246.4 257.9 292.7 312.1 334.9 321.4 314.3 290.6 255.3 240.6 223.9 214.1 201 186.9 199.5 183.7 178.5 182.1 179.5 174.1 171.9 172.7 179.1 169.1 172.4 179.8 174.3 180.6 183.5 175.9 187.4 175.1 176.1 175.1 179.3 169.8 165.2 159.2 169 166 169 169.1 165.4 171.1 166.4 156.1 165.6 168.7 163.4 179.6 172.3 170.7 178.7 175.4 174.8 186.5
-9999 -9999 -9999 -9999 122.9 122.4 132.4 124.1 136.9 138.8 141.1 149 156 158.6 168.2 161.5 177.3 178.7 187 197.9 209.2 218.7 244.6 265.7 281 314.6 325.3 324.1 307.4 284.7 260.3 236.4 222.9 212.2 194.2 198.5 188.9 180.7 179.6 183.4 175.6 179.1 174 175.1 174.4 173 170.3 172.7 168.6 177.6 173.8 182 176.9 185 176.6 176.3 176.6 171.8 167.4 165 163 159.5 165.5 160.9 161.9 156.1 163.7 161.6 163 166.9 162.4 171.3 171.7 165.8 169.5 169.8 173.3 165.4
-9999 -9999 106.5 112.2 113.4 119.4 126.4 129.4 140 138.9 144.4 144 162.1 160 160.8 166.2 168.4 177.4 182.8 186.8 200.8 219.2 242.7 257.5 268.4 292.2 299.7 307.1 281 266.8 248.8 226.2 212.6 203.3 200.4 190.6 185.9 179.7 182.6 183.3 167.5 176.2 173.5 170.5 172.4 173.7 175.1 162.5 174.6 184.9 170.7 184.8 174.8 171.2 168.4 176.7 165.9 163.3 168.8 163.1 162.6 163.7 161.9 157.7 158.2 152.6 157.2 154.3 155.2 154.1 159.4 161.7 160.5 164.5 170.3 170.3 166.3 170.8
-9999 105.4 115.3 116.1 121.3 128.6 132.7 133.5 138.2 137.7 142.6 149.9 150.9 164 168.9 160 172.2 173 181.4 190.4 198.6 220.6 224.9 235 250.7 255.6 263.5 266.4 263.9 248.3 230.6 220.4 208.4 200.8 193.1 192.8 181 176.8 181.7 173.3 172.8 173.2 169.6 175.7 167.8 168.5 169.3 166.3 176.9 171.2 176 176.4 168 172 180.8 168.2 168 171.4 167.2 160.6 153.9 165.8 160.5 159 154.5 155.9 153.6 156.6 152.1 152.6 158.8 151.8 158.7 163.2 162.9 160.9 164.6 160.1
-9999 101.7 107.4 117.5 118.7 129.4 135.4 133.7 131.7 143 139.4 146.7 169 155.5 162.1 167.7 169 175.1 177.5 187.1 186.9 198.9 210.1 219.5 247.7 235.1 245 237.8 243.3 232.9 209.3 211.8 208.3 192.3 189.7 190.1 188.9 182.9 172.2 187.3 168.4 173.7 170.5 171.4 166.9 171.1 160.7 168.7 179.8 176.1 174.6 180.7 168.5 166.7 168.9 172.3 163.9 163.8 162.9 158.6 161.1 153.4 152.2 153.4 147.6 144.2 142.1 145.4 146.5 150.4 159.2 159.4 153.5 154.8 153.2 163.5 150.6 156.9
-9999 108.5 106.6 113.2 131.8 124.6 127.7 139.4 137.5 136.4 147.3 161.3 167.1 161.8 159 161.6 169.9 170.5 173.5 184 192.8 191.2 203.9 200.5 216.5 212.9 225.5 218 224.9 212 209 204.5 189.7 199.8 186.1 182.5 175.2 172.7 176.8 175.5 172.2 174.8 165.3 166.7 165.6 173.2 167.2 172.1 170.1 178.3 173.9 171.3 172 165.8 167.3 171.1 162.6 168.7 162.2 -9999 -9999 -9999 -9999 -9999 -9999 -9999 -9999 -9999 -9999 -9999 -9999 -9999 -9999 -9999 -9999 -9999 -9999 -9999
-9999 107.9 109.8 117.9 125.2 129.7 126.7 132 142.3 138.4 150.6 152.5 162.3 166.2 163.3 163.6 163.2 177.9 181.2 183.1 189.3 194.5 196.5 197.1 198.9 199.2 209.4 207.2 200.7 205.4 204.5 204.7 193.9 191.8 182.1 178.6 178.3 179 182.2 172 166.5 172.3 171.5 163.8 166.9 166.4 162.5 170.5 173.4 169.4 170.4 170.2 161.7 171.6 162.7 163.8 162.5 157.6 158.2 -9999 -9999 -9999 -9999 -9999 -9999 -9999 -9999 -9999 -9999 -9999 -9999 -9999 -9999 -9999 -9999 -9999 -9999 -9999
-9999 -9999 108 122.1 121.3 129.3 131.9 136.6 137.6 138.4 140.3 154.3 153.8 161.2 162.3 161.4 172 171.1 175.6 178.3 178.3 188 188.9 185.1 194.5 197.5 197.6 202.6 198.9 190.6 198.8 193.2 185.1 188.1 187.7 182.9 183.7 168.3 175.8 174.6 168.1 167.5 165.6 161.5 172 165 162.5 167 159 157.4 167.6 169 159.4 164.7 159.3 167 166.3 157 -9999 -9999 -9999 -9999 -9999 -9999 -9999 -9999 -9999 -9999 -9999 -9999 -9999 -9999 -9999 -9999 -9999 -9999 -9999 -9999
-9999 -9999 113.1 119.5 124 128.9 129.9 136.2 138.1 138.7 150 143.8 159 159.6 164.6 168.8 171 177.2 169.9 176.5 174.5 183.2 181.3 185.4 180.6 184.8 193.7 194.9 196 188.6 192.7 185.8 190.6 187.6 181.2 179.2 179.3 173.7 175.2 164.8 170.2 157.2 172.6 166.5 166 162.9 163.1 162.9 158.8 164.3 157.5 165.8 159.5 159.2 153.9 161.1 157.5 155.8 -9999 -9999 -9999 -9999 -9999 -9999 -9999 -9999 -9999 -9999 -9999 -9999 -9999 -9999 -9999 -9999 -9999 -9999 -9999 -9999
-9999 -9999 117.7 120.6 118.3 134.4 136 139.3 132.5 135.2 149.4 156 159.4 156.1 161.4 166.7 166.5 164.1 174.2 175.8 185.4 179.5 181.8 185.7 181.7 187.1 189.8 185.7 185.1 179.8 180.8 183.2 174.3 181.2 181.8 173.4 174.7 173.6 165.2 162.4 167.2 169.3 165.4 167.1 161.5 168.9 161.3 167.1 156.3 158.9 160.8 160.2 145.7 156 149.1 147.7 145.7 150.4 -9999 -9999 -9999 -9999 -9999 -9999 -9999 -9999 -9999 -9999 -9999 -9999 -9999 -9999 -9999 -9999 -9999 -9999 -9999 -9999
-9999 101.7 112.4 114.4 119.1 129.7 126 139.1 142.8 142.4 147 142.8 154.8 152.5 161 173.1 175.6 173.9 175.6 184.3 181.3 178.4 173.5 171.2 177.4 182.8 178 180.3 177.1 181.4 181.5 173.6 177.3 175.8 173.1 172.4 168.1 173.3 167.4 166.4 165.2 158.7 162.7 160.6 162.1 157.3 151.6 162.5 152.8 164.5 166.8 163.2 147.2 157 155.2 148.9 153.7 -9999 -9999 -9999 -9999 -9999 -9999 -9999 -9999 -9999 -9999 -9999 -9999 -9999 -9999 -9999 -9999 -9999 -9999 -9999 -9999 -9999
-9999 110.3 112.9 120.7 126.2 128.7 134.9 135.4 142.6 138.3 148 144.2 156.7 160.8 174.8 186.1 183.6 187 186 177.2 177.4 174.8 171.3 173.8 178.5 176 179.6 181.5 173.4 178.2 180.4 166.4 173.7 176 163.1 159.7 171.5 167.7 161.4 162.4 158.9 168.8 164.3 161.1 164.1 158.3 154.8 157.1 153.9 155 157.6 149.8 148.8 154.3 145.2 150.5 149.4 -9999 -9999 -9999 -9999 -9999 -9999 -9999 -9999 -9999 -9999 -9999 -9999 -9999 -9999 -9999 -9999 -9999 -9999 -9999 -9999 -9999
-9999 107.3 117.2 124 121.8 128.8 132.9 143 135.7 143.5 151.2 143 157.6 161.6 176.8 182.1 181.4 183.4 184.7 174.9 173.5 168.5 169.1 165.2 175.1 172 172.2 174.5 172.6 177.4 171.2 175.4 161.7 165.8 171 167.6 172.5 170.6 165.2 165.2 164.8 163.2 155.2 161.4 151.3 153 154.2 155 155 160.7 150.7 146.9 145.2 151.6 148.4 144.5 -9999 -9999 -9999 -9999 -9999 -9999 -9999 -9999 -9999 -9999 -9999 -9999 -9999 -9999 -9999 -9999 -9999 -9999 -9999 -9999 -9999 -9999
-9999 113.7 122.8 125.9 127.3 129.8 134.4 137 142.7 137.5 146.2 150.2 149.5 159.5 164.6 180.1 188.1 195.8 177.5 177.6 175 165.9 168.3 166.9 163.1 164.9 160.6 166 168 168.4 165 166.3 161.9 171.6 164.8 161.8 158.1 158.4 160.4 156.6 158 156 155.1 162.7 158.9 150.5 150 150.3 152.3 151.7 150.1 146.3 153.7 158.3 145.6 142.2 143.7 -9999 -9999 -9999 -9999 -9999 -9999 -9999 -9999 -9999 -9999 -9999 -9999 -9999 -9999 -9999 -9999 -9999 -9999 -9999 -9999 -9999
-9999 114.5 120.8 121.5 127.7 138.2 129.3 134.8 128.1 141.1 139.9 146.7 151.1 160.2 157 161.2 165 169.8 170.1 164.7 166.5 163.7 169.1 170.7 169.1 159 159.7 158 159.4 163 168 161.4 159.1 161.2 167.5 155.6 156.1 164 147.5 155.8 159.5 160.5 148.8 147.8 154.9 156 154.7 152.8 148.7 155.5 152.7 145.6 151.4 152.3 144.5 146 138.3 -9999 -9999 -9999 -9999 -9999 -9999 -9999 -9999 -9999 -9999 -9999 -9999 -9999 -9999 -9999 -9999 -9999 -9999 -9999 -9999 -9999
-9999 111.9 115.2 123.7 128.9 126 138.5 134.3 137.3 139.6 142.1 147 144.8 150.7 164.8 164.4 158.2 171.1 165 164.3 164.2 159.4 166 165.5 151.1 158.2 155.3 160.5 164.9 157.7 163.3 158.4 169.7 155.5 157.1 151.2 152.3 151.6 157.8 150.3 158.1 150 151.7 157.4 148 143.9 150.5 151.3 154.6 142.7 153.2 143.8 143.5 144.6 149.7 140.6 136.7 -9999 -9999 -9999 -9999 -9999 -9999 -9999 -9999 -9999 -9999 -9999 -9999 -9999 -9999 -9999 -9999 -9999 -9999 -9999 -9999 -9999
101.8 111 121.6 128.2 120.6 120.8 135.3 128.8 131.5 133.6 144 136 143.6 147.5 154.1 162.3 154.9 159.5 159.5 152.8 154.3 150.4 155.2 148.1 154.2 151 161.3 159.7 158.1 155.9 149.5 155.1 157.9 161.8 158.6 161.8 151.6 157.2 151.2 152.4 147.6 149.2 153.1 150 146.3 145.1 149.3 150.2 151.2 152.5 151.4 145.4 145.3 142.1 139.4 134.2 137.5 135.8 -9999 -9999 -9999 -9999 -9999 -9999 -9999 -9999 -9999 -9999 -9999 -9999 -9999 -9999 -9999 -9999 -9999 -9999 -9999 -9999
98 109.6 119.4 117.7 131.7 128.6 120.6 127.3 127.6 127.9 133.8 136.3 140.9 148.6 146.2 152.1 154 149.3 155.2 154 155.6 150.9 153.1 152.1 148.2 151.6 151.9 144.1 158.2 148.1 156.5 153.6 151.1 157.9 145.4 160.3 157.6 152 145.3 148.6 150.7 150 145.5 146.2 150.6 148.2 137.9 139.7 145.5 151.2 151.6 147.9 152.1 141.3 147.7 144.6 137.9 131.5 130 126.6 -9999 -9999 -9999 -9999 -9999 -9999 -9999 -9999 -9999 -9999 -9999 -9999 -9999 -9999 -9999 -9999 -9999 -9999
-9999 107 109.3 117.8 117 119.9 122.1 121.9 127.4 136 137.2 140.6 140.2 142.5 146.5 149 154.2 146.8 141.5 149.5 151.6 150.9 154.2 146.8 149.1 148.1 155.9 150.6 154.6 148.8 157.7 151.2 147.5 143.8 152.9 148.7 155.4 141.8 149.3 147.8 152.9 151.5 145.2 149 147 140.6 143.2 140.6 146.7 145.2 153 146.4 138.1 136.3 144 136.5 135.6 139.9 130.5 -9999 -9999 -9999 -9999 -9999 -9999 -9999 -9999 -9999 -9999 -9999 -9999 -9999 -9999 -9999 -9999 -9999 -9999 -9999
