Data/GIS/Movement/bfa-mvmt-travel-tuned.asc
ncols         173
nrows         126
xllcorner     224227.65281
yllcorner     1039207.04677
cellsize      5000
NODATA_value  -9999
[rows 35 to 69 of 126, columns 80 to 159 of 173]
169.5 142.2 116.1 114.6 130.7 168.8 230.6 228.1 157.8 122.5 117.1 147.3 169.1 182.6 196.4 212.9 169.9 163.8 224.3 184.7 215.3 250.8 211.2 170.7 126.6 107.8 139.4 170.9 168.5 127.6 142.9 195.4 264.1 307.2 237.4 209.2 149.3 139.4 181.3 128.8 96.5 105.3 92.7 78.8 75.8 61.5 62.1 62.2 76.2 98.7 125.1 150.9 140.9 120.9 102.6 94 93.1 88.1 83.4 72.2 66 55 50.8 47.2 -9999 -9999 -9999 -9999 -9999 -9999 -9999 -9999 -9999 -9999 -9999 -9999 -9999 -9999 -9999 -9999
206.2 156.9 111.3 112.9 122.9 137.1 221.4 259.5 217.4 157.7 128.2 156.6 175.9 197.6 189.5 206 268.8 247.1 294.8 255.1 267.1 213.1 196.7 172.5 150.4 141.8 151.4 151.5 193.3 161.6 205.6 272.7 214.3 326.2 203.3 215.5 207.1 187.1 168.5 123.2 112.3 107 85.9 75.2 69.6 63.9 68.4 77.5 82.9 102.9 132.5 137.7 141.1 128.4 112.2 100.8 86.7 73.8 71.1 73.2 71.4 64.6 55.3 58.7 53 -9999 -9999 -9999 -9999 -9999 -9999 -9999 -9999 -9999 -9999 -9999 -9999 -9999 -9999 -9999
219.3 171.6 134.2 130.9 158.3 157.4 229.4 264.8 237.9 165.4 150.6 151.6 202.4 198.1 230.8 257.4 271 296.2 216.8 229.7 216.6 183.3 179.8 172.4 184.4 172.3 137.4 140.6 191.8 200.7 260.9 205.8 179.7 337.1 211.9 239.7 235.3 215.4 176.4 145.1 125.5 105.8 99.6 84.8 72.7 73.3 79.9 94.8 100.7 119.7 137.5 123.1 100.2 100 115.2 105.1 81.2 76.2 69.9 70.3 68.2 60.5 55.3 49.4 47 48.4 -9999 47 -9999 -9999 -9999 -9999 -9999 -9999 -9999 -9999 -9999 -9999 -9999 -9999
241.9 243.1 196.5 200.5 233.3 216.2 281.6 311.1 313.7 286.9 254.1 207.1 214.2 221.6 176.2 283.6 348.5 273.4 179.1 231 190.7 172.1 158.7 181.3 210 163.6 157.2 173.3 206.3 245.3 199.1 139.8 179.4 292.2 351.3 338.8 295.4 233 145.4 148.4 129.8 116.8 137.7 108.2 76.2 77.9 91.5 109.1 117.8 117 114 109.1 89.9 88.8 100.9 91.7 92.6 93 82.3 68.2 68.1 59.3 -9999 -9999 -9999 46 -9999 -9999 -9999 -9999 -9999 -9999 -9999 -9999 -9999 -9999 -9999 -9999 -9999 -9999
174 210 248.7 275 279.3 271.9 292.3 323.7 267 265.1 331.7 278.4 258.8 271.6 180.6 216.8 312.7 308 256.1 251.5 216.3 200.9 225 204.9 265.3 238.4 266.8 255 227.3 252.1 210 160.5 201 310 495 454.4 387.9 217.8 134 131.9 168.4 163.2 152.5 111.3 82.1 83.2 102.9 97.5 87.4 92.6 100.7 105.2 100.2 88 81.8 78.3 81.7 83.4 77.2 84.4 69.2 63.8 -9999 -9999 -9999 -9999 -9999 -9999 -9999 -9999 -9999 -9999 -9999 -9999 -9999 -9999 -9999 -9999 -9999 -9999
194.5 206.2 243.8 243.4 231.7 190.3 243.4 285.3 216.4 182 225.3 294.7 342 434.7 297 219.7 379.6 422.1 398.3 225.6 230.3 248.1 254.1 265.4 328.5 277.4 215.2 180.7 160.5 183.1 241.7 221.1 287 252.7 292.8 558.7 457.8 221.6 164.1 187.7 201.8 149.7 138.2 113.8 79.9 78.9 96.1 97.9 82.9 87.7 80.2 84.1 90.6 81.4 71.3 73.5 73.6 73.6 72.3 71.7 70.4 59.5 -9999 -9999 -9999 -9999 -9999 -9999 -9999 -9999 -9999 -9999 -9999 -9999 -9999 -9999 -9999 -9999 -9999 -9999
186.4 186.8 172 171.1 203.3 236.7 230.7 294 190.4 161.9 158.8 177.8 222.8 379.1 498.7 316.5 267.9 326.8 402.9 263.7 272 296.8 312.7 361.5 295.2 225 154.5 122.5 138.2 173.6 229.2 202.3 240 222.1 330.5 315.7 389.8 357.2 271.1 222.2 180.1 127.4 103.8 95.4 89.5 91.5 102.1 107.6 90.5 81 66.5 78.6 88.4 86.4 77.6 70 59.6 65.8 67.1 65 60.4 53.7 -9999 -9999 -9999 -9999 -9999 -9999 -9999 -9999 -9999 -9999 -9999 -9999 -9999 -9999 -9999 -9999 -9999 -9999
180.5 189.7 144 156.6 184.4 222.8 242 296.9 241.9 207.2 189 200.6 212.3 324.1 404.3 599.3 444.3 483 450.2 338.8 414.2 372.5 427.6 295.2 247.2 193.2 133 141.2 167.7 206.8 229.2 196.7 203.2 242 261.6 186.8 255.5 356 211.7 153.3 139.4 112.1 88.2 86.4 94.9 101.7 112.6 109.7 88.5 73 60.4 67.9 75.2 71.6 77.3 74 64.1 67.3 61.3 58.1 53.3 47.9 -9999 -9999 -9999 -9999 -9999 -9999 -9999 -9999 -9999 -9999 -9999 -9999 -9999 -9999 -9999 -9999 -9999 -9999
168.4 204 160.8 185.3 230.2 243.4 269.4 284.9 237.4 212 211.3 275.6 269.8 318.9 294.4 417.8 843.7 884.9 506.5 495.5 485 324.2 382.5 316.8 242.1 196 142.3 178.2 182.9 201.1 220.3 178.4 183.9 232.5 204.8 185.2 313.1 276.9 161.3 121.3 106.7 118.3 115.9 109.3 125.6 121.3 106.1 92.5 83.9 67.7 55.9 60.1 57.5 63.3 67 70 64.7 63.1 59.9 50.4 48.6 50.9 -9999 -9999 -9999 -9999 -9999 -9999 -9999 -9999 -9999 -9999 -9999 -9999 -9999 -9999 -9999 -9999 -9999 -9999
242 240.6 214.6 218.5 222.7 274.8 277.1 278.4 200.1 266.5 201.9 274.1 338.7 368.4 484.3 601.6 906.1 1162.5 700.1 510.5 312.1 230.6 353.2 264.7 245.4 232.6 196.8 172.6 144.6 146.3 219.9 196.4 208.8 232 183.8 189.2 341.6 295.9 210.3 144.2 104.2 133.9 150.6 141.4 135.5 111.4 89.6 98.2 85.9 69.6 62.3 58.1 56.6 64.3 63.4 69.2 70.6 66.3 58.5 61.4 59.1 49.7 -9999 -9999 -9999 -9999 -9999 -9999 -9999 -9999 -9999 -9999 -9999 -9999 -9999 -9999 -9999 -9999 -9999 -9999
277.3 274.7 255.9 254.3 274.6 280.6 330.8 293 238.3 324.7 296.2 369.3 501.5 483.6 354.9 519.2 558.8 680 567.5 611 297.3 199.3 315.5 212.7 173.3 203.1 178.6 148.2 124.4 144 211.8 205.9 188.5 230.1 195.5 207.3 301.9 421 266.5 158.3 127.3 153.3 160 168.9 131.9 101.7 83.5 75.5 87.7 85.9 66.8 67.8 66.5 68.1 68.9 69.7 76.1 71.3 66.7 60.3 60.9 61.5 -9999 -9999 -9999 -9999 -9999 -9999 -9999 -9999 -9999 -9999 -9999 -9999 -9999 -9999 -9999 -9999 -9999 -9999
232.4 286.6 282.6 297.6 305.1 339 355.4 392 389.9 411.2 458.4 509.4 382.7 250 196.9 324.6 585.9 495.2 402.5 444.7 452.9 277.1 316.3 253 146.8 136.4 143.2 137.2 151.6 164.4 214.5 220.8 226.8 244.6 288.3 354 412.1 568.5 308.2 241.5 188.4 212.7 166.5 132 117.7 93.9 81 78.7 89 90.7 84.8 79.1 76.7 89.8 78 70.5 85 72.2 63.7 63.5 65.4 61 55.6 49.1 40.4 35.8 -9999 -9999 -9999 -9999 -9999 -9999 -9999 -9999 -9999 -9999 -9999 -9999 -9999 -9999
166.6 221.7 252.2 249 204.4 272.1 284 341.4 283.2 262.1 306.8 337.7 321.2 231.2 212.1 295.8 522.6 453 376.7 372.2 350.9 442.4 378.8 261.1 185.3 180 187.3 200.1 193.1 220.4 235.7 207.8 200.2 194 241.4 311.5 335.7 453.1 343.4 281.3 259.4 171.8 146.8 103.1 87.5 87.4 102.7 102 88.1 88.2 100 94.1 98.5 105.4 92.5 86.5 90.3 81.6 70.1 76 68.4 57.2 47.8 44.8 39.5 33 35.8 -9999 -9999 -9999 -9999 -9999 -9999 -9999 -9999 -9999 -9999 -9999 -9999 -9999
132.3 169.7 213.4 234.1 218.9 216 316.2 382.8 230.8 191.1 194.5 282.1 316.3 219 290.5 330.4 331.4 547.3 362.3 289.7 277.2 253.6 373.7 342.5 313.4 284.7 236.6 203.9 187.3 230.2 210.2 188.5 193.9 165.1 221.1 213.3 211.8 361.3 251.6 188.7 229.6 139.9 105.3 85.1 77.3 85 103.3 119.9 112.2 103.9 104 101.5 107 108.2 108.5 93.7 80.6 84.7 81.5 73.6 66.2 54.3 48.7 38.5 43.2 46.9 47.5 48.6 -9999 -9999 -9999 -9999 -9999 -9999 -9999 -9999 -9999 -9999 -9999 -9999
183.4 225.2 203.8 240.5 276.9 258.2 342.7 396.7 318.6 229.8 213.3 257.5 256.8 241.1 272.2 227.4 325.1 514 337 273 307.7 255 275.6 294.3 289.1 302.9 305.6 245.5 223.2 260.4 187.2 158.7 211 183.6 212.9 190.3 204.7 340.3 218.7 174.3 195.8 139.5 90.4 85 101.5 100.8 90 110.3 121.8 126.9 101.1 115 117.4 118.6 97.5 82.7 76 77.1 65.2 66.1 70.2 61.7 55.6 51.4 49.4 57.6 53.1 56.2 56.7 -9999 -9999 -9999 -9999 -9999 -9999 -9999 -9999 -9999 -9999 -9999
295.4 278.9 246.3 294.7 299.7 378.7 378.7 416 297.7 226.7 206.9 275.3 265.2 249.9 263.6 322.3 396.4 508.6 432.9 381 379.2 354 331 248.3 261.6 228.4 248.9 278.1 241.7 269 177.7 144.3 199 224.1 210.1 209.3 195.2 329.1 258.2 226.1 177.1 116.4 105.5 111 118.7 110.7 88.8 111.7 126.6 128.7 111.6 119 130 115.2 83.1 74.3 76.7 65.2 58.3 55.6 56.4 65.7 58.8 62.7 54.1 58.2 61.5 53.6 55.4 43.7 36.7 -9999 -9999 -9999 -9999 -9999 -9999 -9999 -9999 -9999
335.2 244.9 242.5 304.7 357.7 312.7 356.7 542.6 382 249.7 210.9 287.7 317.4 241.2 320.2 456.6 392.4 377.6 321.4 272.4 221.4 291.2 259.7 317.7 286.3 273.6 204.8 279.5 263.1 258.7 167.4 183.5 212.4 268.4 274.8 259.2 223.4 343.7 279.2 222 182.8 149.4 132.8 144.7 128.4 101.2 100.5 130.5 134.3 138.4 139.2 134.5 144.7 98.3 83.6 69.1 64.3 57.7 62 61.2 60.7 57.8 57 65 62.7 64 65.4 60.8 56.9 45.8 39.7 40.2 -9999 -9999 -9999 -9999 -9999 -9999 -9999 -9999
368.5 215.1 245.7 312.7 358 267.6 339.2 518.8 281.8 255.9 318.5 401.8 329.6 388.6 495.2 362.6 275.6 353.1 256.9 233.9 231.3 219.7 257 217 211.3 273.8 255.3 273.7 320.7 251.8 240.8 264.2 250.5 285.2 291 283.8 317.3 345.9 283.5 187.2 155 179 158.7 138.8 111.5 116.1 114 131.4 127 152.1 159.2 159.2 131.7 120.5 88.3 88.2 87.7 76.1 73.3 78.1 72.2 72.9 68.5 61.7 64.4 71.2 67.5 66.6 65.2 55.1 43.4 50.8 51.6 -9999 -9999 -9999 -9999 -9999 -9999 -9999
466.3 278.4 314 306.7 387.9 260.9 636.4 755.9 456.3 389.3 410 502.4 333.3 407.3 526.9 350.5 288.9 285 284 202.1 186.5 239.9 235.7 180 175.3 260.6 312.2 332.6 342.4 293.2 212.5 189.9 200.4 258 217.3 210.9 174.7 219.8 303.3 206.1 184.4 185.2 137.2 137.3 146.9 133.8 118.8 109.3 116.9 149.8 161.6 171.5 145.9 139.6 121.6 112.3 95.7 91.8 87.3 79 68.4 60.7 58.2 61.8 70.4 70.3 57.7 67 71.7 63.2 55.6 63.5 72.1 71.5 -9999 -9999 -9999 -9999 -9999 -9999
603.4 439.1 397.9 473.3 443.2 285.3 875.5 677.5 566.8 556.1 488.1 544.3 588.3 591.4 413.9 358.4 293.3 246.5 257.3 220.7 174.8 205.4 224.9 203.4 272.2 254.4 286.1 310.3 338.1 280.3 169.3 152.8 213.3 200.3 194.8 169.8 157 211.1 277 287.7 222.1 164.8 158.8 163.5 153 115.3 94.5 79.8 118.3 177 161.1 129.9 148.1 121.7 101.6 85.6 76.4 70.9 69.1 65 53.9 53.6 57.7 63.1 74.6 65.9 53.2 59.9 72.1 58.5 61.7 66.7 57.8 71.3 76.1 63.1 55.2 62.7 71 67
709.4 525.5 517.6 222.3 320.4 304 1393.4 699.7 705.8 608.2 771.8 837.7 984 621.1 388.6 333 293.5 243.9 257.1 195 199 179 221.9 183 272.6 206.5 198 231.6 275.7 344.6 240 189.1 224.6 172 178.9 151.2 157.2 162.2 182.6 257.3 258.3 169.9 187.5 185.8 138.9 106.4 73.8 71.1 107.8 178.8 128.4 89.6 108 126.8 108 87.7 68.3 76.5 74.8 66.5 62.7 65.8 73.3 65.8 81.9 74 54.6 61.1 78.1 67.3 57.2 61.6 75.3 75.5 86.8 65.4 67.6 83.4 76.6 73.8
600.7 925.3 982.4 332.9 414.1 426.6 577.5 338.8 395 749.4 1169.8 1144.5 810.9 586.5 350.3 387.1 295 296.1 246.7 157.6 180.9 198.3 246.9 220.6 242.8 267 217.9 250 261.1 392.5 317.8 293.3 249.2 209.8 175.2 130.4 128.1 150.7 217.3 277.9 246.4 246.1 218.5 159.8 111.6 97.2 75.5 79.7 109.2 181.5 129.5 82 74.2 81.1 101.1 107.4 99.4 96.9 95.3 89.1 83.9 84 69.7 66.3 94.2 88.6 62.9 58.7 81 78.8 61.9 69 86.9 93.1 88.5 87.7 86.2 73.7 77.5 59.1
402 666.5 986.7 398.8 394.9 358.2 786.2 653.9 558.2 3366.2 1760.7 427.4 412.3 957.3 705.4 563.6 423.8 350.2 268 231.4 205.9 210.9 175.5 280.3 304.9 264.6 243.5 262.8 277.3 332.3 397.3 303.9 216.5 249.2 177.9 130.8 162.9 193.1 274.3 198.2 157.5 170.3 198.6 223.3 151.4 126.1 89.8 79.1 120.5 212.6 134.2 80.1 65 75.1 75 78.1 92.1 77 84.2 96.8 111.8 103 81.7 80.5 105.2 83.1 63.7 64.3 79.2 96.4 90.3 93.9 92.5 89 97.2 81.8 63.1 55.4 57.1 51.8
319.2 798.1 850.5 1686.6 635.8 872.2 1516.8 2685.5 1470.5 1033.2 503.2 510.3 395.8 444.9 391.6 480.4 295.8 297.6 316.8 239.6 205 212.3 179 207.9 314.7 313.1 284.4 286.3 243.1 294.7 438.2 293.5 213.5 282.7 188.9 151.9 228 331.2 283.5 178 117.2 108.9 136.6 226.7 226.2 151.8 94.6 96.8 142.7 207.6 120 101.2 91 93 94.1 86.6 80.4 74.2 69.3 74.3 91.6 110 106 97.7 120 101.4 89.3 83.5 90.8 108.6 86 83.3 94.4 76.8 83.2 90.3 71.8 57.8 49.5 50
525 733.8 364.9 402.8 714.6 2054.6 3393.1 3689.7 3252 2463.4 522.9 366.9 326.5 481.7 288.7 425.5 480.9 465.2 382.5 252.9 219.7 224.2 229.1 172.4 222.6 357.4 342.8 300 261.4 276.2 405.2 492.5 334.2 320.9 278.3 270.5 345.8 255.1 221.8 152.2 103.3 90.1 107.9 158.5 217.2 125.9 101 148.4 188.1 209.3 175.2 148.3 133.5 115.2 100.7 93 86 67.4 59.8 76.2 100.8 107.2 128.8 134.7 118.4 98.7 102.8 106.3 106 98 95.6 75 77.7 73.9 60.1 73.8 89.8 68.6 48.6 49
295.9 198 349.6 382.2 506.1 1480.9 3640.5 3981.9 3481 1486.9 516.2 301.7 264.4 400.3 340.4 374.1 342.1 366.9 429.4 296.1 248.9 272.3 284.9 230.4 235.4 299.9 405.9 303.5 300.1 369.4 482.9 629.2 406.2 448.2 439.2 381.3 256.9 188.3 188.1 156.5 102.8 120.9 142.7 160.6 233.9 163.4 135.5 197.1 247.8 141.4 120.2 104.8 108.5 109.8 87.5 93.4 96.4 78.1 64.2 79.2 98.7 108.7 136 112.2 105.4 89.8 77.6 75.8 73.4 67 88.9 75 59.8 62.9 57.3 67.3 83.6 73.7 56.9 47.8
454.6 238.7 358.3 483.5 760.5 1148.7 3191.2 3517.1 3087.1 907.9 419.5 289.8 230.9 183.3 227.6 269.3 276 293 296 295.6 337.4 364.1 360.3 283.2 279.6 250 381.1 336.3 282 383.4 418.5 801.2 578.3 605 423.9 214.3 209.1 189.5 190.8 150.5 109 146.8 179.6 185.4 205.5 266.6 208.7 275.5 261.7 180.9 151.8 137.5 123.9 96.9 85 74.7 88.4 91.3 81.1 85.2 112.2 126.6 121.9 84.8 69.8 72.5 60.4 59.4 54.9 58 64.3 66.8 51.3 48.3 51.4 56.5 73.8 86.5 64.9 52.7
487.5 411.2 325.3 497.6 399.7 533.5 963.7 1897.6 828.8 753.2 380.5 280.8 189.9 131.4 110.5 193.8 161.9 295.5 271.9 237.5 254 303.4 357.4 352.6 355.9 354.3 453.5 479.1 375.9 379.2 546.4 1406.9 537.4 485.6 345.7 258.4 201.6 215.1 228.5 166.1 147.2 165.8 160.8 154.8 147.5 246.3 273.3 250.6 275.8 143.8 132 103.2 90 113.6 95.8 71.5 86 113.6 104.1 80.1 93.2 140 107.6 83.6 62.9 74.5 80 67.4 61.1 50.7 51.9 50.4 44.1 41.3 36.9 48.4 66.3 80.6 79.7 64.5
608.7 326.8 389.9 347.3 390.3 376.2 455 720.1 339.6 485.9 392.3 324.2 236.4 169.9 153.5 146.5 141.1 222.6 230.2 226.9 278.6 292.5 307.1 270.9 333.8 340.7 366.3 445.2 400.6 560.2 543.2 716.5 689.6 611.2 393.7 277.1 293.4 289.4 271 209.1 202.9 196 223.2 194.4 217 165 165.3 327.2 287.8 129.2 97.7 89.1 111.1 129.7 87.7 62.5 73.8 104.4 129 98 112.2 152.5 135.2 111.9 96.8 102.1 110.6 87.6 76.1 67.2 62.4 50.5 46.2 42.7 43.8 48.6 52.5 67.2 76.1 78.9
485.4 307.8 287.1 294.6 361.7 349.8 433.7 1400.1 737.1 354.1 376.2 232.7 187.7 153.5 138.7 130.8 111.4 172 213.1 208.6 229.6 279.8 246.3 249.7 255.3 270.3 239.2 315.2 339 380.3 453.9 573.9 678.9 883.2 600.6 551.8 402.7 416.5 348.3 341.6 250.8 248.3 269.7 270.1 270.8 189.9 179.8 346.5 239.2 163 122.4 138.1 171.8 126.8 89 73.4 68.3 93.6 128.4 133.4 155.8 143.4 117.6 126.5 127.1 117.7 113.9 111.8 106.1 92.8 79.4 71.5 54.6 46.6 54.9 57.9 53.5 54.7 76 91.6
253.2 202.8 236.7 249.6 265.3 279.6 1126.8 746.5 994.3 692.3 334.6 715.6 392.8 223.6 175.8 139.8 128.9 140.8 189.4 203.1 223.8 216.9 213.2 201.2 261 233 197 296 298.8 229.9 215.6 311.4 677.2 468.3 384.3 374.7 306.7 327.4 323.5 285.6 219.1 272.8 310.8 301.2 349.4 334.4 342.5 314.7 452.1 248 217.5 214.2 149.7 111.4 91.7 95.8 95.1 110.4 166.4 150.1 121.6 119 114.1 103.2 95.4 90.3 100.5 92.8 92.5 103.3 112.5 90.1 74.6 63.6 58.9 67 70.5 74.6 83.8 94.8
204.1 315.8 331 182.2 415 577.2 930.2 678 603.3 482.6 501.6 792.6 511.3 378.9 218.7 184.1 182.5 143.1 180.4 192 203.2 172.2 199.6 179.9 247.3 222.2 249.5 256.7 184.7 149.7 166.3 333.3 507.7 386.1 327.4 276.1 262.5 281.1 246.1 257.9 244.3 229.3 176.8 189.5 264.8 270.8 277.8 520.4 748.2 482.8 442.5 303.8 167.6 136.5 153.5 168.9 171.6 179.4 160.5 104.6 84.4 72.7 83.4 93 85 97.7 99 97.5 82.8 79.4 94.9 111.6 100.5 74.3 75.5 72.6 80.6 83.3 91.3 104.2
238.5 233.4 198.9 221.2 343.7 564.3 701.9 396.6 377 415.1 484.2 464.4 598 452.7 321 273.6 204.7 130.6 143.6 171.8 151.7 171.1 187.6 194.9 221.6 216.5 216.4 235.2 156.8 128.3 168.2 307.6 387.1 442.7 321.7 290.5 247 260 218.9 237.6 201.1 163.4 141 133.2 229.7 243.3 278.4 285.3 366.9 366 263.9 242.1 271.6 259.7 216.6 165.2 142.6 130.7 159.3 108.3 83 65.1 58.7 66.3 67.6 73.2 69.4 68.4 76.5 72.7 82.8 105.7 113.3 105.2 97.4 94.9 95.6 105.4 92.3 101.1
220.6 242.3 259 268.6 329.9 355.3 438.9 415.8 324.6 301.7 333.4 380.8 481 411.2 285.8 258.3 184.6 119.4 110.6 132.7 160.2 158.2 147.8 192.1 190.1 190.5 209.9 221.6 220.9 164.4 199.7 292.9 406.9 334.9 304.3 291.1 231.1 183.2 195.5 212.5 194.6 173.9 145.9 125.9 172.1 171.1 157.1 255.6 223.3 317.4 222 190.8 209.3 185.7 120.6 101.7 84.3 85.7 119 129.5 102.8 75 65.3 48.6 53.9 54.1 51.3 54.4 51.6 62.4 82.3 96.2 89.2 103.8 107.1 109.3 109.6 113.4 108.9 99.3
172.9 173.7 194.8 225.5 220.6 291.8 418.3 460.2 312.8 243.8 311.8 327.9 443.2 335.1 266.6 178.5 174.2 154.3 123.7 146.6 195 146.8 127.2 156.2 181.3 161 166.8 180.9 229.1 269.5 324.6 390.6 477.9 350.3 310.6 204.2 196.9 213.4 192.6 184.1 182.8 140.5 120.2 118.1 114.2 112 150.7 222.3 160.2 313.7 215.1 177.5 187.6 129 90.3 74.3 68.9 72.9 80.7 94.1 105.7 92 62 53.7 39.4 43.7 46.8 41.1 45.1 59.8 75.6 88.5 91.6 93.8 100.8 106.8 103 113.2 123.8 98.9
