Data/GIS/Movement/bfa-mvmt-travel-tuned.asc
ncols         173
nrows         126
xllcorner     224227.65281
yllcorner     1039207.04677
cellsize      5000
NODATA_value  -9999
[rows 35 to 69 of 126, columns 0 to 79 of 173]
-9999 -9999 -9999 -9999 -9999 -9999 -9999 -9999 -9999 -9999 -9999 -9999 -9999 -9999 -9999 -9999 -9999 -9999 -9999 -9999 -9999 -9999 -9999 -9999 -9999 -9999 -9999 -9999 -9999 -9999 -9999 -9999 -9999 -9999 -9999 -9999 -9999 -9999 -9999 -9999 -9999 -9999 -9999 -9999 -9999 -9999 -9999 -9999 -9999 64 80.2 96.2 99.2 82.4 92.5 85.4 86.4 105 110.5 140 161.5 146.6 136.9 150.8 183.7 264.9 471 333.5 470.6 424 387.4 393.2 384.5 378.4 340.7 267.4 209.8 225.1 245.9 212.8
-9999 -9999 -9999 -9999 -9999 -9999 -9999 -9999 -9999 -9999 -9999 -9999 -9999 -9999 -9999 -9999 -9999 -9999 -9999 -9999 -9999 -9999 -9999 -9999 -9999 -9999 -9999 -9999 -9999 -9999 -9999 -9999 -9999 -9999 44.9 -9999 -9999 -9999 -9999 -9999 -9999 -9999 -9999 -9999 -9999 -9999 -9999 -9999 -9999 71.8 84.5 106 100.3 96.8 84.8 74.9 84.7 116.9 111 140.7 164.4 140.1 123.9 173.3 286.5 407.4 246.8 211.1 380.9 364 309 215.3 244 235.2 222.1 308.1 314.6 294.7 285.2 232.3
-9999 -9999 -9999 -9999 -9999 -9999 -9999 -9999 -9999 -9999 -9999 -9999 -9999 -9999 -9999 -9999 -9999 -9999 -9999 -9999 -9999 -9999 -9999 -9999 -9999 -9999 -9999 -9999 -9999 -9999 -9999 -9999 55.2 60.3 -9999 -9999 -9999 -9999 -9999 -9999 -9999 -9999 -9999 -9999 -9999 -9999 -9999 -9999 -9999 80.4 98 119.2 91.3 100.5 108.7 85.6 102.5 118.5 124.8 100.9 142.4 197.6 182.7 253.6 352.2 246.4 162.6 181 360.2 324.9 281 235.2 177.2 169.5 162.3 222.5 245.6 283.2 275.6 282.7
-9999 -9999 -9999 -9999 -9999 -9999 -9999 -9999 -9999 -9999 -9999 -9999 -9999 -9999 -9999 -9999 -9999 -9999 -9999 -9999 -9999 -9999 -9999 -9999 -9999 -9999 -9999 -9999 -9999 -9999 -9999 63.9 70.9 73.5 82 65.3 82.4 87.2 -9999 -9999 -9999 -9999 -9999 -9999 -9999 -9999 -9999 -9999 -9999 -9999 103.2 114.9 86 83.2 109 126.3 122.8 135.5 129.8 105.7 116.8 178.6 248.8 293.2 283.8 256.8 184.8 257 430.5 281.1 220.2 241.7 189.8 178.3 172.6 185.3 230.1 244.8 250 264.1
-9999 -9999 -9999 -9999 -9999 -9999 -9999 -9999 -9999 -9999 -9999 -9999 -9999 -9999 -9999 -9999 -9999 -9999 -9999 -9999 -9999 -9999 -9999 -9999 -9999 -9999 -9999 -9999 -9999 -9999 -9999 86.8 79.9 78.5 78.8 95.8 89.9 90.9 65.4 -9999 -9999 -9999 -9999 -9999 -9999 -9999 -9999 -9999 -9999 -9999 130.9 131.9 99.4 83.6 87.5 109.9 139 160.3 157.7 163.8 145.5 199.6 255.2 274.1 203.5 207.2 232.6 265.9 412.8 423.6 207.5 271.8 248.4 187.7 148.4 153.5 205.6 218 218 245.6
-9999 -9999 -9999 -9999 -9999 -9999 -9999 -9999 -9999 -9999 -9999 -9999 -9999 -9999 -9999 -9999 -9999 -9999 -9999 -9999 -9999 -9999 -9999 -9999 -9999 -9999 -9999 -9999 -9999 101 101 93.3 83.6 88.1 82.9 94.8 100 77 60.8 50.7 -9999 -9999 -9999 -9999 -9999 -9999 88.1 107 107.2 108.5 144.3 167.4 140.2 90.3 83.7 118.9 146.3 130.2 139.1 188.5 222.7 262.9 246.5 204.1 223.2 259 286.6 276.4 414 596.4 328.7 304.5 295.9 229.7 167.6 169 166 203.4 211.7 223.2
-9999 -9999 -9999 -9999 -9999 -9999 -9999 -9999 -9999 -9999 -9999 -9999 -9999 -9999 -9999 -9999 -9999 -9999 -9999 -9999 -9999 -9999 -9999 -9999 -9999 -9999 -9999 -9999 78.3 107.3 117.8 95.4 80.9 92.2 104.2 120 113.4 98.8 76.8 54.1 46.9 48.1 -9999 -9999 -9999 -9999 106.5 106.5 121.7 128.7 163.7 191.3 155.7 106.8 121.9 149.4 154.5 116.6 107 145.9 238 242.3 233.7 220.8 212.2 224.3 283.8 401 500.3 973.5 460.1 340.8 293.1 264.4 245 200.5 181.5 189.9 195.5 206.3
-9999 -9999 -9999 -9999 -9999 -9999 -9999 -9999 -9999 -9999 -9999 -9999 -9999 -9999 -9999 -9999 -9999 -9999 -9999 -9999 -9999 -9999 -9999 -9999 -9999 -9999 -9999 90.3 93.8 121.6 138.5 117.9 100.7 100.8 107.3 115.3 129.2 94.6 70.9 60.5 58.7 63.3 59.5 -9999 -9999 -9999 120.6 109.7 110.6 136.6 162.8 184 224.4 175.6 223.6 187.3 170.7 139.8 141.5 206.1 259.4 170 195.6 182.3 176.5 223.1 284.3 388 480.5 816.1 293 226.1 214.3 246.5 242.7 197.1 198 211.8 192.4 162.6
-9999 -9999 -9999 -9999 -9999 -9999 -9999 -9999 -9999 -9999 -9999 -9999 -9999 -9999 -9999 -9999 -9999 -9999 -9999 -9999 -9999 -9999 -9999 -9999 -9999 -9999 106.9 119.3 120.4 147.6 159.3 154.8 118.9 103.5 134 130.8 143.8 123.7 93.7 87.4 85 86.3 65.4 71.4 70.9 97.3 122.5 136 126.4 122.8 168.5 204.8 193.9 267 309 251.3 259.6 202.4 226.7 323.7 264.1 224.2 190 168.5 169.4 210.8 234.7 324.3 430 594.5 293.2 242.9 229.2 197.8 226.4 214.6 238.4 192.7 185 156.1
-9999 -9999 -9999 -9999 -9999 -9999 -9999 -9999 -9999 -9999 -9999 -9999 -9999 -9999 -9999 -9999 -9999 -9999 -9999 -9999 -9999 -9999 -9999 -9999 -9999 -9999 -9999 128.1 129.3 138.7 145.9 167.8 182.8 140.5 146.2 162.3 157 141.3 113.8 107.7 106.5 92.8 88.1 84 86 104.5 125.1 132.4 160.7 171.4 195.3 233.5 249.9 425.9 530.9 357 329.3 308.3 274 210.1 190 188.2 147.3 151.3 184 163.4 237.1 298.6 272.3 320.7 418.1 247.9 250.6 208.8 235 258.5 210.5 206 223.9 232.5
-9999 -9999 -9999 -9999 -9999 -9999 -9999 -9999 -9999 -9999 -9999 -9999 -9999 -9999 -9999 -9999 -9999 -9999 -9999 -9999 -9999 -9999 -9999 -9999 -9999 -9999 -9999 88.7 93.2 120.5 114 120.8 158.4 183.4 192.2 181.3 149.9 122.1 107.5 104.3 96.4 84.8 74.5 85 81.7 107.9 132.2 145.7 146.3 131.5 149.9 141.8 172.8 320 470.8 259 207.3 196.4 219.3 129.9 161.2 136.4 113.8 157.1 197.1 213.5 241.6 203.4 171.3 213.2 401.2 272.6 294.9 289.2 267.2 282.6 255.2 285.4 294.7 292.3
-9999 -9999 -9999 -9999 -9999 -9999 -9999 -9999 -9999 -9999 -9999 -9999 -9999 -9999 -9999 -9999 -9999 -9999 -9999 -9999 -9999 -9999 -9999 -9999 -9999 -9999 -9999 -9999 76.3 114.4 93.9 101.5 136 168.5 214.4 203.3 140.6 100.7 110.3 100.8 79.1 79.7 72.5 82.5 93.2 125.1 140.6 131.6 105.5 102.2 120.5 150.1 216.6 226.5 268.1 293.5 209.3 237.6 152 155.4 174.4 130.7 129.4 157.7 171.2 200.7 188.9 206.6 176.8 250.2 352.9 410.6 370.9 340.8 347.1 357.8 333.6 268.6 265.6 229.5
-9999 -9999 -9999 -9999 -9999 -9999 -9999 -9999 -9999 -9999 -9999 -9999 -9999 -9999 -9999 -9999 -9999 -9999 -9999 -9999 -9999 -9999 -9999 -9999 -9999 -9999 -9999 -9999 103.3 110.2 118.2 144.9 157.9 142 149.8 220.7 161.5 99.1 100.4 118.2 82.8 83.8 100.2 109 119.7 106.1 128 129.6 120.5 137.3 160.6 170.7 217.2 162.1 162 310.3 274.8 194.2 154.2 212.4 159.6 172.7 197 229.4 176.7 200.5 258.5 276.5 317.8 348 408.4 448.7 404.7 326.4 296.7 289.5 233.5 239.6 253.4 199.6
-9999 -9999 -9999 -9999 -9999 -9999 -9999 -9999 -9999 -9999 -9999 -9999 -9999 -9999 -9999 -9999 -9999 -9999 -9999 -9999 -9999 -9999 -9999 -9999 -9999 -9999 -9999 -9999 95.8 104.7 128.8 142.6 114.1 103.9 104.4 175.5 219 154.2 111 130.9 128.5 136.3 138.4 130.2 123.8 95.6 106.1 123.9 108.2 106.6 117 135.1 192.3 130.6 151.2 282.4 326.4 235.7 236.2 267.8 248.5 236.5 191.7 221.6 253 252.9 297.8 315.4 277.4 308.1 369.7 328.1 351.7 378.5 270.2 285.7 234.2 287.3 245.6 163.9
-9999 -9999 -9999 -9999 -9999 -9999 -9999 -9999 -9999 -9999 -9999 -9999 -9999 -9999 -9999 -9999 -9999 -9999 -9999 -9999 -9999 -9999 -9999 -9999 -9999 -9999 -9999 -9999 68.6 79.9 114.5 142.3 143.1 129.2 108.2 133.3 249.3 169.4 154.5 163 189.5 176.3 120.6 118.5 134.8 109.8 101.9 122.2 98.1 116.3 110 163.2 155.7 116.5 118.9 201.3 263.7 268.3 306 188 140.4 126.4 123.6 159 206.7 211 225.6 251.9 296.1 337.5 284.4 273 308.8 326.4 314.7 340.5 348.4 316.3 294.1 220.2
-9999 -9999 -9999 -9999 -9999 -9999 -9999 -9999 -9999 -9999 -9999 -9999 -9999 -9999 -9999 -9999 -9999 -9999 -9999 -9999 -9999 -9999 -9999 -9999 -9999 -9999 -9999 -9999 63 67.1 92.3 131.8 155.7 174.2 188.8 169.7 210.4 293.8 231 231.9 145.6 154.8 146.8 137.6 145.7 134.4 111.7 120.8 134.9 150.8 155.6 174.9 158 146 132.5 236.3 322.6 249.5 217.3 216.1 166.9 133.3 116.1 166.9 183.9 173.1 208.4 297.7 341.6 314.6 266.5 278.4 283.5 302.3 252.2 277.7 356.7 378.1 361.6 350.7
-9999 -9999 -9999 -9999 -9999 -9999 -9999 -9999 -9999 -9999 -9999 -9999 -9999 -9999 -9999 -9999 -9999 -9999 -9999 -9999 -9999 -9999 -9999 -9999 -9999 -9999 -9999 -9999 79.7 92 108.4 147 173.6 192.1 196.2 277.7 335 378.4 227.8 159.5 102.6 92.1 104.9 122 147 158 152.6 142 107.4 104 158.5 155.7 174.3 226.9 251.7 262.4 254.5 319.5 261.9 173.2 158.9 167.8 142.5 141.9 158.1 212.6 226.1 276.9 313 314.5 264.1 253.5 265.9 260.7 254.2 302.4 305.4 373.5 446.4 427.5
-9999 -9999 -9999 -9999 -9999 -9999 -9999 -9999 -9999 -9999 -9999 -9999 -9999 -9999 -9999 -9999 -9999 -9999 -9999 -9999 -9999 -9999 -9999 -9999 69 73.5 -9999 -9999 107.1 117.8 134.3 140.7 134.8 156.6 205.5 240.6 470.3 338.5 296.7 164 106.2 86.3 76.6 113 141.6 170.9 146.4 115.4 101.1 116 166.9 156.3 149.3 234.9 221.7 227.7 224 239.7 274.3 244.3 226.3 214.5 221.6 197 192.5 173.7 200.3 241.7 316.1 299.2 273 258.6 238.6 247.2 249.2 271.6 304.3 337.4 433.3 498.8
-9999 -9999 -9999 -9999 -9999 -9999 -9999 -9999 -9999 -9999 -9999 -9999 -9999 -9999 -9999 -9999 -9999 -9999 -9999 -9999 -9999 -9999 -9999 67.1 79.2 89.9 96.8 101.8 106 98.4 94.6 120.7 113.5 150.2 219.9 269 256.8 231.9 175.8 265.7 154.5 106.9 94.8 108.1 151.2 174 124.5 129.1 148.9 156.6 206.1 187 225.9 209.8 174.7 148.3 181.6 223.3 215.2 202.7 174.4 217.9 262.7 221.7 199.6 170 166.6 217.5 341.3 335.3 303.2 270.4 260.8 246.1 232.7 275.9 315.2 364.4 451.3 556.2
-9999 -9999 -9999 -9999 -9999 -9999 -9999 -9999 -9999 -9999 -9999 -9999 -9999 -9999 -9999 -9999 -9999 -9999 -9999 -9999 -9999 -9999 -9999 63.5 76.8 86 87.7 84.6 77 77.7 77.4 116.7 135 180.6 157.7 207 163 225.7 154.1 193.7 231.8 175.2 119.6 127.8 161.6 188 122.9 177.3 227.4 234.9 254.9 258.9 233.3 159.3 115.8 118.5 173.3 167.2 187.2 129.3 121.1 207.6 265.3 229.8 181.3 217.1 209.6 242.1 343.9 361.1 319.3 300.9 266.4 237.4 229.3 274.3 291.9 353.6 436.4 547.9
-9999 -9999 -9999 -9999 -9999 -9999 -9999 -9999 -9999 -9999 -9999 -9999 -9999 -9999 -9999 -9999 -9999 -9999 -9999 -9999 -9999 -9999 -9999 -9999 68.1 79.1 82.1 81.4 65.5 66.3 89.9 140 147.1 131 123.1 134.9 166.3 196 117.5 154.7 238.2 248.3 170.1 174.2 173.3 204.5 171.6 210.4 316 319.8 264.2 210 192.5 167.7 141.5 132.5 137.7 149 178.8 143.6 129.9 143.4 211.8 305.1 249.1 168.3 201.4 260.7 360.2 399.3 337 292.6 260.5 242.2 240.8 250.8 299 340.8 421.1 541.5
-9999 -9999 -9999 -9999 -9999 -9999 -9999 -9999 -9999 -9999 -9999 -9999 -9999 -9999 -9999 -9999 -9999 -9999 -9999 -9999 -9999 -9999 -9999 -9999 -9999 82.1 93.7 88.2 66.9 74.8 98.7 136.9 111.4 94 112.7 137.7 142.7 176.9 138.7 176.7 158.8 193.7 320.5 287.9 206 299.6 423.2 285.8 238 241.8 190 137.8 115.8 130.2 156.5 128.6 133.4 155.2 163.7 133.4 127.5 186.1 238.6 304.8 258 152.3 191.6 245.4 401.6 392.9 339 311 294.1 281 269 243.4 274.6 331.6 430.7 499.7
-9999 -9999 -9999 -9999 -9999 -9999 -9999 -9999 -9999 -9999 -9999 -9999 -9999 -9999 -9999 -9999 -9999 -9999 -9999 -9999 -9999 -9999 -9999 -9999 71.7 83.5 82.3 71.3 63.2 71.2 91.7 128.5 95.7 79.8 102 123.9 123.7 163.3 151.9 140.8 141.6 210.8 240.2 370.8 354.9 443.3 400.9 195.5 168 195.4 149 128.5 109.4 112.3 141 100.7 96 126 155 138.4 132.6 166.4 199.5 281.9 230.2 142.3 153.1 225.7 423 456.2 387.2 379.7 345.4 304.1 264.2 250.3 284.5 340.8 368 298
-9999 -9999 -9999 -9999 -9999 -9999 -9999 -9999 -9999 -9999 -9999 -9999 -9999 -9999 -9999 -9999 -9999 -9999 -9999 -9999 -9999 -9999 -9999 -9999 81.5 99 83.2 75.5 77.7 87.4 102 148.9 127.9 105.4 117.9 96.9 117.1 157.1 138.8 151.5 187.8 163.7 169.7 228.7 454.6 481.3 414.3 291.3 210.4 194.5 173.9 108.9 128.5 138.5 155.2 102.2 88.9 101.1 140.3 171.8 182.1 216.9 279 320 322.4 201.5 164.9 265.9 386.1 537.8 539.2 447.1 359.9 307.2 271.2 256.1 287.2 321.4 365.9 301.6
-9999 -9999 -9999 -9999 -9999 -9999 -9999 -9999 -9999 -9999 -9999 -9999 -9999 -9999 -9999 -9999 -9999 -9999 -9999 -9999 -9999 -9999 -9999 -9999 90.3 108.9 105.8 101 104.9 116 159.4 167.1 158.2 143.5 128.3 128.4 126.7 147.8 147.3 164.6 151.3 153.7 220.2 307.6 282.1 202.8 270 282.7 293.4 211.9 143.2 118.5 146.9 178.9 153.7 107.2 94.6 114.7 114.4 116.8 124.9 169.1 231.3 230.6 396.5 384.5 245.1 303.6 337.1 453.1 639.8 481.5 365.2 317.4 272.5 261.4 242.8 290 372.8 433.8
-9999 -9999 -9999 -9999 -9999 -9999 -9999 -9999 -9999 -9999 -9999 -9999 -9999 -9999 -9999 -9999 -9999 -9999 -9999 -9999 -9999 -9999 -9999 -9999 88.3 92.1 116.6 136.2 143.7 160.6 179.6 159.6 155.7 152 165.3 152.7 157.2 136.7 106 124.6 117.6 108.9 168.1 284.7 200.9 174.4 165.6 144 239.1 275.4 236.1 178.6 219.1 147.9 130.6 135.5 147.2 148.9 121.3 102.6 102.4 137.8 209.4 252.9 275.5 347.5 449.3 420.6 352.1 277.6 512.9 340.5 270.5 305 290.1 250.5 206.2 292.1 307.3 303.1
-9999 -9999 -9999 -9999 -9999 -9999 -9999 -9999 -9999 -9999 -9999 -9999 -9999 -9999 -9999 -9999 -9999 -9999 -9999 -9999 -9999 -9999 -9999 75.3 70.1 99.3 100.5 98.6 109.5 113.4 155.3 196.1 120.8 125 175.7 134.7 163.4 124.8 94.8 99.1 91.9 101 163.4 292.5 232.7 168.4 120.3 109.4 139.6 180.1 254 250 249.6 165.8 145.8 163.3 196.5 150.2 134.4 103.3 101.5 132.2 197.4 265.4 297.7 369.2 483 716.5 599.6 499.4 620.5 447.6 400.5 341.1 264.2 267.7 210.9 256.9 293.4 361.2
-9999 -9999 -9999 -9999 -9999 -9999 -9999 -9999 -9999 -9999 -9999 -9999 -9999 -9999 -9999 -9999 -9999 -9999 -9999 -9999 -9999 -9999 62.9 72.5 85.3 104.5 102.1 77.8 74.5 96.4 168.5 250.1 131.1 129.5 184.2 175.9 164.3 125.5 97.5 79.9 83.5 119.2 190 300 172.4 115.3 100.2 92.6 106.7 169.3 203.4 180.4 233.6 251.6 246.8 239.4 196.4 153.5 152.4 140.6 128.2 145.9 219.5 275.9 336.3 430.3 478.3 579.6 1086 1853.7 897.2 529.8 463 382.1 334.6 359.5 316.7 333.1 304.3 368.1
-9999 -9999 -9999 -9999 -9999 -9999 -9999 -9999 -9999 -9999 -9999 -9999 -9999 -9999 -9999 -9999 -9999 -9999 -9999 -9999 -9999 69.7 74.2 87.2 97.3 95.2 119.1 83.6 74.7 91.7 145.2 287.9 200.5 242.3 218.6 187.9 121.6 98 94.2 85.5 106.2 145.4 248.1 218.6 202.8 135.4 102 119 111.3 149.3 249.8 262.4 190.2 199.4 162.2 185.5 237.4 228.5 241.3 247 194.2 173 207.7 295.9 374.8 441.6 540.3 611.1 873.3 1611.8 656.4 740.2 599.9 434.1 520.6 496.3 441.5 389.2 428 432.1
-9999 -9999 -9999 -9999 -9999 -9999 -9999 -9999 -9999 -9999 -9999 -9999 -9999 -9999 -9999 -9999 -9999 -9999 -9999 -9999 -9999 75.9 74.6 84.2 87.5 93.3 135.6 100.2 82.7 116.4 200.5 362.3 371.4 212.5 133.8 122.1 97.6 93.7 80.1 87.3 128.4 211.8 267.5 183.3 175.4 154.9 119.7 163.1 149.1 150 261.5 206.3 126.6 171 163.2 196.5 211.2 195.9 226.9 253.5 290.2 318.3 339.5 370.5 416.3 447.4 294.7 363.2 459.1 724.3 737.6 499.7 395.4 494 394.1 350.4 468.7 460.9 411.7 529.6
-9999 -9999 -9999 -9999 -9999 -9999 -9999 -9999 -9999 -9999 -9999 -9999 -9999 -9999 -9999 -9999 -9999 -9999 -9999 -9999 -9999 73.1 76.5 80.8 90.5 112.4 134.4 104.6 111.5 141.4 245 232.3 314.9 155.6 102.2 85.7 76 82.3 74.9 112.1 177.2 224.2 206 166.9 138.9 154.8 124.2 158.5 212.6 249.4 468.3 196.7 114.7 122.2 151.8 169.3 178 142.8 148.2 172.7 199.5 242.6 274.6 259.8 321.3 260.5 274.9 332.6 320.3 454.3 519.7 492.5 364.5 325.5 409.5 406.3 311.7 347.2 307.6 333.9
-9999 -9999 -9999 -9999 -9999 -9999 -9999 -9999 -9999 -9999 -9999 -9999 -9999 -9999 -9999 -9999 -9999 -9999 -9999 123.1 89.9 79.4 75.2 72.8 95.2 124 156.4 164.9 181.5 223.4 242.9 231.5 270.9 202.4 113.6 83.6 72.5 70.8 85.5 121.4 213.6 214.2 188.1 178.4 149.5 149.3 164.8 198.7 237.8 271.6 318.7 278.3 166 152.5 177.9 164.8 147.9 114.2 117.9 146.9 145.2 215.3 214.3 216.7 274 190.7 220 265.6 244.8 372.7 401.1 551.2 356 415.4 358.3 238.2 304.2 281.7 262.8 272.1
-9999 -9999 -9999 -9999 -9999 -9999 -9999 -9999 -9999 -9999 -9999 -9999 -9999 -9999 -9999 -9999 -9999 -9999 131.7 134.6 128.3 118 94 78.7 92.4 127.8 162.6 169.7 197.2 188.8 205.9 188.7 155.3 140.7 116.2 95.9 76.8 89 94.2 151.1 215.2 189.9 172.6 123.7 143.2 148.6 173.6 160.2 156.6 235.4 211.3 214.9 240.4 182.2 163.4 153.9 133.8 105.5 101.1 128.1 128.9 212.3 196.6 192.2 204.6 204.1 205.3 167 223.1 308.5 419.6 388.3 401.4 275.9 258.7 184.7 206.4 209.1 216.3 201.9
-9999 -9999 -9999 -9999 -9999 -9999 -9999 -9999 -9999 -9999 -9999 -9999 63.8 73.4 84.9 86.1 99.6 113.6 113.1 110.3 154.8 152.2 109.5 86.7 92.2 147.9 152.3 174.1 174 130.2 165.5 173.6 124.7 94.7 100.5 95.8 111.2 118.6 112.4 178 190 176 178.2 146.8 122.1 148.5 169.6 192.4 187.9 211.7 182.2 134.9 166.2 209.7 176.5 173.3 160.5 118.5 104.4 126.6 162.6 198 153.3 157 201 217.5 149 139 217.1 370 337.4 203.4 318.1 218.7 149.1 134 135.6 173.3 145.4 174.4
-9999 -9999 -9999 -9999 -9999 -9999 -9999 -9999 53 62.3 67.9 64.8 71.8 77.4 83.4 93.9 103.4 122 93.7 89.9 116.5 160.6 126.7 105.8 97.7 126.3 155.5 150.5 123.6 113.6 117 152.9 120.7 98.6 115.8 119.7 139 155.3 157.2 190.9 184.6 153.3 118.4 138.7 142 155.9 169.6 167.3 163.1 183.9 180.9 113.7 114.6 147.4 184.1 160.8 147.4 113.2 130.1 145.8 154.6 183.1 136.9 142.1 208.8 248.1 200.3 236 296.1 318.9 213.5 146.7 261 273.4 174.6 120.8 106.9 113.3 106.4 131.9
