Data/GIS/Movement/bfa-mvmt-travel-stock.asc
ncols         173
nrows         126
xllcorner     224227.65281
yllcorner     1039207.04677
cellsize      5000
NODATA_value  -9999
[rows 70 to 104 of 126, columns 80 to 159 of 173]
155.1 144.5 181.5 200.6 224.8 262.5 412.1 344.4 262.2 257.1 306.6 343 365 309.3 272.2 210.1 222.8 205.6 133.8 153.8 210.9 161.1 205.9 154.4 140 153.6 220.4 257.3 295.4 263.3 369.4 290.5 418.6 338.4 247.4 183.8 238.3 171.3 155.3 157.3 182.2 149.9 100.1 90.2 89.3 109 165.1 207.8 170.6 282.9 192.2 199.1 156.3 106.3 71.4 59.2 56.6 60.9 64.8 69 75.1 76 64.9 52.9 48.6 42.2 38.3 41.3 43.9 53.4 58.3 63.1 69.5 82 88.9 85.2 88.9 111.5 118.5 108.5
149 129.4 144.6 162.9 172.9 261.8 318.4 346.1 248.7 214.4 245 257 339.7 367.3 285.3 260.3 238.6 214.1 162.6 176.1 253.1 222.4 249.5 233.4 207.9 245.1 376.4 278.9 364.7 406.2 377.5 435.4 512.4 460.8 291.2 286.8 218.9 168.5 190.4 173.4 146.4 154.6 103.2 109.4 109.7 156.4 171.9 154.8 185.9 246.1 251.3 196.7 145.2 92.2 64.5 53.6 47.1 49 54.1 59.6 72.7 71.7 60.4 44.5 41 39.4 34.4 36.9 43.1 42.9 49.8 48.6 63.9 76.4 80.3 69.5 82.3 124.6 123.6 111.5
160.2 167.7 135.8 146.2 196 225.1 323 196.4 141.4 152.3 210.9 249.9 280.6 363.6 285.1 261.7 252.4 265.3 183.1 235.9 305.3 301.8 318.4 380.6 425.7 506.4 514.3 535.2 840.8 605.8 427.2 640 990.6 486 336.4 232.1 220.1 208.4 151.4 122.4 118 142 114.5 106.8 149.4 172.6 127.4 96 124.1 202.6 273.3 165.7 149 99.7 64.1 54.5 43.7 46.6 50.9 56 56.4 60.4 56.3 46.5 40.4 36 33.5 35.1 39.5 40.1 45.7 50.7 62.2 61.4 63.4 80.4 96.5 118.1 113.3 92.6
188.5 177.6 164.4 185.1 246 316.7 268.6 181.6 135.3 133.2 183.9 223.8 263.8 318.1 296.2 251.5 285.2 324 317.8 336.6 362.5 273.4 316.8 420.2 445 401.5 390.1 509.7 478.9 465.6 261.1 398.4 646.6 415.5 330.6 301.8 264 204.5 139.6 105.7 93.6 123.4 132.3 121.4 148.9 133.5 97.9 79.9 107.3 172.9 205.9 222.7 157.5 91.5 74 60.3 51.3 40.8 47.9 47.1 53.6 52.9 47.5 43.6 38.8 40.4 39.2 40.2 41 45 50 62 69.8 76.6 78.3 99.9 114.7 99.8 89.6 81.5
195.2 180 213.5 172.7 183.1 284.8 211.6 188.2 154.1 128.1 163.8 216.4 202.9 274.8 273.3 282 303.1 270 302.9 289.7 277 182.1 197.1 213.3 276.6 300.3 302.9 346.7 343.5 305.2 361.1 339.2 359.6 248.6 182 206.5 229.5 215.1 167.6 116.4 97.3 114.6 141.3 144.9 140.5 131.6 88.1 73.4 103 134.6 145.8 207.6 152.3 101.1 79.9 63.9 52.1 46.2 41.5 42.8 48.9 42.1 43.5 36.8 37.6 45 43.2 43.5 44.5 49 51.5 64.3 83.3 106 113.2 121.3 89.4 74.9 75.3 75.2
206.6 216.9 220 183.3 205.3 232 157.8 137.5 128.9 122 125.2 155.4 150.6 235.7 260.6 248.3 251.7 279.2 259.3 231.4 227.6 162.9 125.6 168.3 173.7 236.3 234.6 213.7 230.5 277.8 285.3 253.2 351.1 219.8 128.5 118.1 128.3 151.3 187.4 151.3 107.4 110.3 119.1 134.9 124.4 117 96.5 78.8 81.7 91.5 115.2 163.9 179.8 119.4 82.9 65.5 54.3 46 39.4 35.4 38.6 37.2 36.8 48.4 51 46.8 48.8 54.1 50.9 59.2 60.2 70.2 83.2 101.2 121.5 94.8 78.9 77.3 69.7 63.3
174.8 232.1 238.5 226.6 243.5 159.8 114.5 100.5 101.6 105.9 108.3 115.8 157 242.2 233.6 223.8 208.6 256.4 238.3 204.5 210.6 193 148.6 139.7 188.3 210 199.6 135.3 130.9 144.9 175.2 252.6 317.4 194.1 128 85.6 93.7 113.2 156.2 172.8 139.7 111.7 104.6 133.4 116.8 95.3 93.7 72.7 65.2 78.1 89 134 182.7 116.8 84.4 63.4 55.4 48.2 41.6 34.8 36.3 37.6 44.1 46.1 54.8 60.5 61.6 58 58.7 65.3 78.1 85.7 99.4 121.5 97.9 85.5 72 73.3 60 55
207.5 223.7 264.8 255.7 180.3 122.4 104.6 83.8 86.7 89.8 105.9 125.6 160.4 179.1 235.6 227.1 197.5 213.4 223.1 225.5 209.5 179.8 153.9 141.5 159 169.7 172.9 128.1 114.7 134.8 194.6 330.2 362.5 177.3 119.3 82.4 87.1 112.2 160.7 158.7 146 134.2 111.4 138 107.2 81.7 75.5 78.4 71.9 66.6 76.1 123.9 181.6 118.3 85.1 67 56.7 43.9 40.2 35.7 38.3 41.9 48.2 48.2 60.4 73.8 73.9 72.8 78.9 83.9 99.6 114.2 118.1 106.2 95.9 75.9 65.4 53.9 54.5 47.2
165.9 238.9 277.1 198.6 144 98.9 81.3 71.9 68.7 78.9 93.5 110.6 124.2 130.1 209.9 169.1 141.9 187 152.4 174.7 218.5 150.5 125 110.4 129 143.6 136.8 133.6 155.8 195.2 259.6 257 269.8 239.1 135.4 92 88.9 109.5 118.9 150.9 129.1 151.2 143.6 138.4 107.7 78.1 63 69.7 74.5 67.4 74 115.7 169.5 123.6 90.5 67.2 57.3 50.4 36.9 43.2 40.4 42.3 51.3 54.3 66.1 81.8 106.1 93.9 100.8 113.1 116.8 100.3 95.2 98.5 85 84.4 70.4 52.4 47.3 39.3
209 234.6 256.9 186.7 134.4 98.2 82.9 68.8 70.7 71.1 78.7 97.6 120.7 139.7 182.4 170 124.9 121.3 105.4 114.4 154.7 192.6 151.3 123.3 147.2 149.6 115 151.1 194 222.6 224 180.1 227.8 247.4 129.9 82.8 81 91.3 113.4 138.3 120 143.8 155.6 120.4 112.3 76.8 64.5 63.8 69.5 80.3 82.6 113.4 157.9 138.1 97.2 77 59.5 55.6 41.8 43.7 46 52.6 54.6 57.7 67.7 95.4 122.5 113.6 121.1 106.5 84 75 73.3 74.9 65.4 75 65.3 54.2 39.6 34.6
198.5 266.1 227 194 152.5 112.1 101.1 88.8 83.5 87.1 92.2 93.4 113.3 138.9 169.7 183.3 132.1 104 96 92.1 113.6 151.9 186.9 180 179.4 161.4 139.8 165.1 174.1 223 219.1 213.5 257.2 234.1 137.3 86.9 84.2 119.3 129.1 134.4 149.1 144.3 165.9 123.4 119.7 86.2 67.5 59.2 62 76.1 92.2 103.1 129.7 177.2 115.7 79.4 71 47.8 48.2 47.2 50.9 55.8 58.1 67.3 77 99.5 129.5 122.8 93 81.1 63 -9999 -9999 -9999 -9999 54.6 54 48.8 -9999 -9999
234.8 226.9 174.4 142.5 150.4 159.3 154.3 118.9 109.1 126.3 131.8 109.2 96.9 117.7 152.3 195.3 157.3 124.4 99.1 83.2 97.2 129.4 163.3 145.5 177.4 161.9 156.6 169.7 182.9 188.4 184.6 201.7 247.4 222.9 126.8 89.7 84.2 121.4 153.7 148.1 161.7 147.4 172.5 127.9 101.3 96.1 71.3 58.4 59.7 67.8 83.2 104.9 123.4 161 131.3 97.7 73.7 61.9 59.9 51.8 59 64.2 67.3 92.9 105.7 128.3 107.1 89.1 80.4 67.4 -9999 -9999 -9999 -9999 -9999 -9999 -9999 -9999 -9999 -9999
291.6 250.9 251.6 219.3 176 219.2 207 162.9 136.1 132.8 144 140.7 112.7 104.9 129.6 172.9 151.3 117.8 99.2 98.9 102.6 134.9 125.6 104.1 130 178.4 169.5 151.9 170.5 176.1 181 218.2 238.4 203.7 133.6 93.9 81 105.9 155.4 174.3 156.6 162.5 165.9 150.8 103.1 92.5 92.1 81.7 65.8 70.8 78.3 105.6 150.5 182.1 160.8 109.9 88.3 82.9 64.9 62.9 70.6 82.7 98.8 119 150.4 113.6 74.9 63.2 64.3 57.9 -9999 -9999 -9999 -9999 -9999 -9999 -9999 -9999 -9999 -9999
257.6 200.3 192.4 205 205.7 160.8 147.9 189.4 202.2 191 186.7 173.4 143.9 101.1 110.9 164.6 158.9 113.7 102.6 115.9 119.3 121.2 105.3 90.5 105.8 140.1 154.2 135.4 153.2 159.7 174.7 163.9 223.9 245.8 172.3 112.2 95.5 119.7 177.7 188 146.7 187.3 138.6 163.8 114.4 80.4 95.1 95.9 89.7 84.7 104.5 133.3 133.5 153.5 195 156.4 136.5 97 72.3 79 88.2 112.6 136.4 154.5 104 80.8 63.1 55.9 -9999 44 -9999 -9999 -9999 -9999 -9999 -9999 -9999 -9999 -9999 -9999
162.6 130.4 181.2 147.8 114.4 121.6 135.1 148.7 179.6 173.1 169.5 185.4 168.6 116.3 121.1 145.4 160.4 117.3 119.1 132.1 125.4 112.3 93.7 85.4 104.8 126.4 163.8 132.6 126.1 132.5 154.6 127.6 173.2 214.3 224.7 143.3 108.9 135.5 216.6 180.1 179.2 213.2 137.4 164.2 151 113.2 104.9 121.2 105.7 110.8 122.9 118.9 98.9 132.4 147.1 180.9 214.1 146.2 109.5 109.2 142.9 183.5 146.6 105.3 85.5 -9999 -9999 -9999 -9999 -9999 -9999 -9999 -9999 -9999 -9999 -9999 -9999 -9999 -9999 -9999
167.8 138.1 162.9 132.1 106.7 127.9 134.3 145.9 131 129.3 143.8 156.2 174 165.3 144.1 159 150.9 139.5 151.4 154.8 142.3 117.3 100.5 95.8 116.7 143.1 163.1 154.3 139.2 131.5 128.1 138 172.3 209.4 205.6 213.8 189.7 170.3 243.8 210.7 227.6 265.2 198 175.5 186.8 169.5 152.1 139.3 119.4 112 122.4 129.2 123.6 121.8 128.3 164.1 147.4 199.6 198.5 184 186.6 135.1 100.6 77.9 69.6 64.2 -9999 -9999 -9999 -9999 -9999 -9999 -9999 -9999 -9999 -9999 -9999 -9999 -9999 -9999
121.9 113.6 140.5 125.9 106.7 121.3 125.7 128.6 118.4 123.4 139.3 138.5 153.3 144.8 166.2 166.4 169.4 150.6 133.4 150.4 122.4 112.1 119.5 99.9 111.2 117.5 145.9 160.9 137.5 113 115.2 153.3 163.7 169.5 159 153 225.7 227.3 255.9 306.2 301.3 258.3 210.9 214.5 213.3 128.9 103.7 114.5 121.3 95.9 114.1 141.9 148.8 154.5 144 124.1 153.6 151.6 193.8 230.6 142.3 104.7 79.1 69.9 58.1 -9999 -9999 -9999 -9999 -9999 -9999 -9999 -9999 -9999 -9999 -9999 -9999 -9999 -9999 -9999
136.4 121.2 131.8 122.2 120 118.5 117.6 113.1 112 114.3 116.1 122.9 132.6 134 148.8 153.3 148.5 145 122.7 141.7 139.7 129.3 113 101.9 111.3 133.6 145.6 140.3 142.3 117.7 123.3 135.5 146.2 147.2 161.2 -9999 -9999 -9999 -9999 271.9 455.5 391.9 229 190.5 183.8 114.9 112.1 101.6 113.4 80.8 89 121.5 146.4 191.1 146 166.8 225.8 226.1 239.3 195.2 200.7 141 90 62.3 -9999 -9999 -9999 -9999 -9999 -9999 -9999 -9999 -9999 -9999 -9999 -9999 -9999 -9999 -9999 -9999
173 152.4 132.8 110 118.7 109.1 105.7 100.8 101.9 91.9 96 111.5 114.6 111.4 116.5 136.7 149.4 138 143 140.4 144.6 145.2 122.2 132.9 136.8 129.9 121.5 117.6 132.9 128.2 136.4 -9999 -9999 -9999 -9999 -9999 -9999 -9999 -9999 -9999 -9999 -9999 -9999 -9999 157.9 149.6 135.9 110.4 98.1 74.3 71.4 88.1 113.9 199.6 203.6 197.4 421.1 268.2 137.5 157.5 148.3 170.1 -9999 65.4 56.9 -9999 -9999 -9999 -9999 -9999 -9999 -9999 -9999 -9999 -9999 -9999 -9999 -9999 -9999 -9999
134.9 166.7 121.8 122.1 118.7 107.6 103.2 96.3 86.1 79.8 89.4 106.1 88.8 83.5 111.6 124.4 144.9 133.8 135.1 131 135.8 120.9 136.1 138.1 124.7 106.4 107.1 101.7 121.7 115 124.7 -9999 -9999 -9999 -9999 -9999 -9999 -9999 -9999 -9999 -9999 -9999 -9999 -9999 -9999 -9999 -9999 -9999 -9999 77.5 75.6 91.3 155.3 217.7 209.1 230.1 199.8 232.9 119.3 115.7 144.5 -9999 -9999 -9999 -9999 -9999 -9999 -9999 -9999 -9999 -9999 -9999 -9999 -9999 -9999 -9999 -9999 -9999 -9999 -9999
114.8 118.7 117.2 117.4 92.5 88 -9999 -9999 -9999 -9999 73.8 89 85.6 77.9 98.7 136.6 -9999 -9999 160.7 144.4 150.2 124.1 -9999 143.2 133.3 119.1 104.3 83.7 98.5 107.6 -9999 -9999 -9999 -9999 -9999 -9999 -9999 -9999 -9999 -9999 -9999 -9999 -9999 -9999 -9999 -9999 -9999 -9999 -9999 -9999 -9999 115.8 205.3 119.3 -9999 -9999 -9999 -9999 -9999 -9999 -9999 -9999 -9999 -9999 -9999 -9999 -9999 -9999 -9999 -9999 -9999 -9999 -9999 -9999 -9999 -9999 -9999 -9999 -9999 -9999
-9999 -9999 -9999 -9999 -9999 -9999 -9999 -9999 -9999 -9999 -9999 -9999 -9999 -9999 -9999 -9999 -9999 -9999 -9999 -9999 -9999 -9999 -9999 -9999 -9999 -9999 117.3 95.9 -9999 -9999 -9999 -9999 -9999 -9999 -9999 -9999 -9999 -9999 -9999 -9999 -9999 -9999 -9999 -9999 -9999 -9999 -9999 -9999 -9999 -9999 -9999 -9999 -9999 -9999 -9999 -9999 -9999 -9999 -9999 -9999 -9999 -9999 -9999 -9999 -9999 -9999 -9999 -9999 -9999 -9999 -9999 -9999 -9999 -9999 -9999 -9999 -9999 -9999 -9999 -9999
-9999 -9999 -9999 -9999 -9999 -9999 -9999 -9999 -9999 -9999 -9999 -9999 -9999 -9999 -9999 -9999 -9999 -9999 -9999 -9999 -9999 -9999 -9999 -9999 -9999 -9999 -9999 113 -9999 -9999 -9999 -9999 -9999 -9999 -9999 -9999 -9999 -9999 -9999 -9999 -9999 -9999 -9999 -9999 -9999 -9999 -9999 -9999 -9999 -9999 -9999 -9999 -9999 -9999 -9999 -9999 -9999 -9999 -9999 -9999 -9999 -9999 -9999 -9999 -9999 -9999 -9999 -9999 -9999 -9999 -9999 -9999 -9999 -9999 -9999 -9999 -9999 -9999 -9999 -9999
-9999 -9999 -9999 -9999 -9999 -9999 -9999 -9999 -9999 -9999 -9999 -9999 -9999 -9999 -9999 -9999 -9999 -9999 -9999 -9999 -9999 -9999 -9999 -9999 -9999 -9999 -9999 -9999 -9999 -9999 -9999 -9999 -9999 -9999 -9999 -9999 -9999 -9999 -9999 -9999 -9999 -9999 -9999 -9999 -9999 -9999 -9999 -9999 -9999 -9999 -9999 -9999 -9999 -9999 -9999 -9999 -9999 -9999 -9999 -9999 -9999 -9999 -9999 -9999 -9999 -9999 -9999 -9999 -9999 -9999 -9999 -9999 -9999 -9999 -9999 -9999 -9999 -9999 -9999 -9999
-9999 -9999 -9999 -9999 -9999 -9999 -9999 -9999 -9999 -9999 -9999 -9999 -9999 -9999 -9999 -9999 -9999 -9999 -9999 -9999 -9999 -9999 -9999 -9999 -9999 -9999 -9999 -9999 -9999 -9999 -9999 -9999 -9999 -9999 -9999 -9999 -9999 -9999 -9999 -9999 -9999 -9999 -9999 -9999 -9999 -9999 -9999 -9999 -9999 -9999 -9999 -9999 -9999 -9999 -9999 -9999 -9999 -9999 -9999 -9999 -9999 -9999 -9999 -9999 -9999 -9999 -9999 -9999 -9999 -9999 -9999 -9999 -9999 -9999 -9999 -9999 -9999 -9999 -9999 -9999
-9999 -9999 -9999 -9999 -9999 -9999 -9999 -9999 -9999 -9999 -9999 -9999 -9999 -9999 -9999 -9999 -9999 -9999 -9999 -9999 -9999 -9999 -9999 -9999 -9999 -9999 -9999 -9999 -9999 -9999 -9999 -9999 -9999 -9999 -9999 -9999 -9999 -9999 -9999 -9999 -9999 -9999 -9999 -9999 -9999 -9999 -9999 -9999 -9999 -9999 -9999 -9999 -9999 -9999 -9999 -9999 -9999 -9999 -9999 -9999 -9999 -9999 -9999 -9999 -9999 -9999 -9999 -9999 -9999 -9999 -9999 -9999 -9999 -9999 -9999 -9999 -9999 -9999 -9999 -9999
-9999 -9999 -9999 -9999 -9999 -9999 -9999 -9999 -9999 -9999 -9999 -9999 -9999 -9999 -9999 -9999 -9999 -9999 -9999 -9999 -9999 -9999 -9999 -9999 -9999 -9999 -9999 -9999 -9999 -9999 -9999 -9999 -9999 -9999 -9999 -9999 -9999 -9999 -9999 -9999 -9999 -9999 -9999 -9999 -9999 -9999 -9999 -9999 -9999 -9999 -9999 -9999 -9999 -9999 -9999 -9999 -9999 -9999 -9999 -9999 -9999 -9999 -9999 -9999 -9999 -9999 -9999 -9999 -9999 -9999 -9999 -9999 -9999 -9999 -9999 -9999 -9999 -9999 -9999 -9999
-9999 -9999 -9999 -9999 -9999 -9999 -9999 -9999 -9999 -9999 -9999 -9999 -9999 -9999 -9999 -9999 -9999 -9999 -9999 -9999 -9999 -9999 -9999 -9999 -9999 -9999 -9999 -9999 -9999 -9999 -9999 -9999 -9999 -9999 -9999 -9999 -9999 -9999 -9999 -9999 -9999 -9999 -9999 -9999 -9999 -9999 -9999 -9999 -9999 -9999 -9999 -9999 -9999 -9999 -9999 -9999 -9999 -9999 -9999 -9999 -9999 -9999 -9999 -9999 -9999 -9999 -9999 -9999 -9999 -9999 -9999 -9999 -9999 -9999 -9999 -9999 -9999 -9999 -9999 -9999
-9999 -9999 -9999 -9999 -9999 -9999 -9999 -9999 -9999 -9999 -9999 -9999 -9999 -9999 -9999 -9999 -9999 -9999 -9999 -9999 -9999 -9999 -9999 -9999 -9999 -9999 -9999 -9999 -9999 -9999 -9999 -9999 -9999 -9999 -9999 -9999 -9999 -9999 -9999 -9999 -9999 -9999 -9999 -9999 -9999 -9999 -9999 -9999 -9999 -9999 -9999 -9999 -9999 -9999 -9999 -9999 -9999 -9999 -9999 -9999 -9999 -9999 -9999 -9999 -9999 -9999 -9999 -9999 -9999 -9999 -9999 -9999 -9999 -9999 -9999 -9999 -9999 -9999 -9999 -9999
-9999 -9999 -9999 -9999 -9999 -9999 -9999 -9999 -9999 -9999 -9999 -9999 -9999 -9999 -9999 -9999 -9999 -9999 -9999 -9999 -9999 -9999 -9999 -9999 -9999 -9999 -9999 -9999 -9999 -9999 -9999 -9999 -9999 -9999 -9999 -9999 -9999 -9999 -9999 -9999 -9999 -9999 -9999 -9999 -9999 -9999 -9999 -9999 -9999 -9999 -9999 -9999 -9999 -9999 -9999 -9999 -9999 -9999 -9999 -9999 -9999 -9999 -9999 -9999 -9999 -9999 -9999 -9999 -9999 -9999 -9999 -9999 -9999 -9999 -9999 -9999 -9999 -9999 -9999 -9999
-9999 -9999 -9999 -9999 -9999 -9999 -9999 -9999 -9999 -9999 -9999 -9999 -9999 -9999 -9999 -9999 -9999 -9999 -9999 -9999 -9999 -9999 -9999 -9999 -9999 -9999 -9999 -9999 -9999 -9999 -9999 -9999 -9999 -9999 -9999 -9999 -9999 -9999 -9999 -9999 -9999 -9999 -9999 -9999 -9999 -9999 -9999 -9999 -9999 -9999 -9999 -9999 -9999 -9999 -9999 -9999 -9999 -9999 -9999 -9999 -9999 -9999 -9999 -9999 -9999 -9999 -9999 -9999 -9999 -9999 -9999 -9999 -9999 -9999 -9999 -9999 -9999 -9999 -9999 -9999
-9999 -9999 -9999 -9999 -9999 -9999 -9999 -9999 -9999 -9999 -9999 -9999 -9999 -9999 -9999 -9999 -9999 -9999 -9999 -9999 -9999 -9999 -9999 -9999 -9999 -9999 -9999 -9999 -9999 -9999 -9999 -9999 -9999 -9999 -9999 -9999 -9999 -9999 -9999 -9999 -9999 -9999 -9999 -9999 -9999 -9999 -9999 -9999 -9999 -9999 -9999 -9999 -9999 -9999 -9999 -9999 -9999 -9999 -9999 -9999 -9999 -9999 -9999 -9999 -9999 -9999 -9999 -9999 -9999 -9999 -9999 -9999 -9999 -9999 -9999 -9999 -9999 -9999 -9999 -9999
-9999 -9999 -9999 -9999 -9999 -9999 -9999 -9999 -9999 -9999 -9999 -9999 -9999 -9999 -9999 -9999 -9999 -9999 -9999 -9999 -9999 -9999 -9999 -9999 -9999 -9999 -9999 -9999 -9999 -9999 -9999 -9999 -9999 -9999 -9999 -9999 -9999 -9999 -9999 -9999 -9999 -9999 -9999 -9999 -9999 -9999 -9999 -9999 -9999 -9999 -9999 -9999 -9999 -9999 -9999 -9999 -9999 -9999 -9999 -9999 -9999 -9999 -9999 -9999 -9999 -9999 -9999 -9999 -9999 -9999 -9999 -9999 -9999 -9999 -9999 -9999 -9999 -9999 -9999 -9999
-9999 -9999 -9999 -9999 -9999 -9999 -9999 -9999 -9999 -9999 -9999 -9999 -9999 -9999 -9999 -9999 -9999 -9999 -9999 -9999 -9999 -9999 -9999 -9999 -9999 -9999 -9999 -9999 -9999 -9999 -9999 -9999 -9999 -9999 -9999 -9999 -9999 -9999 -9999 -9999 -9999 -9999 -9999 -9999 -9999 -9999 -9999 -9999 -9999 -9999 -9999 -9999 -9999 -9999 -9999 -9999 -9999 -9999 -9999 -9999 -9999 -9999 -9999 -9999 -9999 -9999 -9999 -9999 -9999 -9999 -9999 -9999 -9999 -9999 -9999 -9999 -9999 -9999 -9999 -9999
-9999 -9999 -9999 -9999 -9999 -9999 -9999 -9999 -9999 -9999 -9999 -9999 -9999 -9999 -9999 -9999 -9999 -9999 -9999 -9999 -9999 -9999 -9999 -9999 -9999 -9999 -9999 -9999 -9999 -9999 -9999 -9999 -9999 -9999 -9999 -9999 -9999 -9999 -9999 -9999 -9999 -9999 -9999 -9999 -9999 -9999 -9999 -9999 -9999 -9999 -9999 -9999 -9999 -9999 -9999 -9999 -9999 -9999 -9999 -9999 -9999 -9999 -9999 -9999 -9999 -9999 -9999 -9999 -9999 -9999 -9999 -9999 -9999 -9999 -9999 -9999 -9999 -9999 -9999 -9999
