Data/GIS/Movement/bfa-mvmt-marshall-tuned.asc
ncols         173
nrows         126
xllcorner     224227.65281
yllcorner     1039207.04677
cellsize      5000
NODATA_value  -9999
[rows 70 to 104 of 126, columns 0 to 77 of 173]
-9999 -9999 -9999 -9999 -9999 -9999 -9999 106.1 113.7 122.5 113.9 125.6 128.4 130.3 132 138.3 138.7 146.5 145.4 148.6 146.9 162.4 164 165.8 164.8 172.2 170.5 171 170.4 176.5 166.5 175.1 165.3 169.8 167.1 171.7 174.3 171.4 174.2 175.1 171.2 172.9 180.4 170.3 175.6 175.5 181 182.6 183.2 173.2 172 185.4 177.1 185.2 177.7 190.4 187.4 186.9 189.7 188.1 193.7 181.6 189.2 197.8 203.4 212.2 209.6 214 217.9 224.5 215.8 216.4 236.8 224.6 240.7 245.4 259.5 245.4
-9999 -9999 -9999 -9999 -9999 -9999 108.3 110.1 111.9 117.4 126.8 120.3 127 129 139.5 134.6 136.4 152.7 147 147.7 155.9 157.8 160.8 160.5 173.6 166.1 177.7 172.9 169.4 176.1 165.9 164.5 163.3 171.6 167.3 174.7 163.2 178.4 167.1 173.8 179 173 178.8 175 179.9 183.1 186.6 178.1 181.5 177.7 184.1 177.2 182.4 191.6 190.9 183.8 181.7 185 178.6 182.2 193.7 194.1 199 194.8 194.4 202.8 197.7 207.3 214.6 214.9 209.8 223.1 228.1 227.8 233.4 235.8 236.1 240.2
-9999 -9999 -9999 94.4 105.5 102.1 111.2 114.8 122.4 118.9 120.1 123.4 130.9 138.4 137.9 146.2 144 147 145.6 153.4 163.7 162.6 165.8 162.4 168 173.9 170.8 164.7 170.3 171.2 169.6 169.6 169.9 167.9 172.3 170.9 173.6 169.2 179.6 174 177.2 176.7 175.4 180 183.1 175.7 179.7 176.8 181.3 189 176.4 180 185.2 193.5 180.3 187.3 188 190.5 184.7 178.4 190.6 194.1 188.9 191.5 201.6 193.5 203.9 203.1 208 207.8 214.8 210.1 217.6 219.7 225 222.5 233.8 235.5
-9999 -9999 -9999 -9999 -9999 104.8 108.7 123.9 121.9 124.5 121.9 134.3 128.6 137.2 145.3 145.8 153.5 150.6 156.1 159.3 161 159 168.9 158.9 166 176.3 172.6 172.2 167.5 173.8 176.4 173.9 171.7 168.3 163.4 169.5 170.7 173.7 170 180 178.4 178.4 174.6 171.5 177.4 177.4 176 187.2 180.7 182.8 183.1 186.9 184.8 183.1 179.8 185.5 181.2 184.9 188.6 187.4 184.8 185.7 194.6 189.8 191 199.4 190.1 198.1 198.8 199.2 203.6 207.8 214.3 215.9 216.2 225.6 219.4 235.6
-9999 -9999 -9999 -9999 -9999 -9999 110.3 116.6 125.5 119.7 126.7 130 140.8 144.5 140.4 152.7 145 152.3 154.1 153.1 166.9 164.5 162.1 174.3 172.3 176.9 174.1 177.4 173 171.3 173 171.5 173.3 168.6 171.9 163.7 172.4 180.9 180.8 177.6 179.2 182.1 174.1 182.5 174.8 185.4 183.4 175.7 188.8 185 172 180.8 176.2 178 180.2 182.6 185.8 183.8 187.2 180 192.9 187 189.8 188.7 190.2 186.4 186.6 196.2 198.6 205.7 201.2 212.7 205.8 209.5 220.6 215.7 219.6 222
-9999 -9999 -9999 -9999 -9999 -9999 115 113.6 121.6 125 131.2 133.6 139.9 139.7 145.7 154.2 150.7 163.9 171 156.1 166.3 165 178.6 177.1 172.4 176.7 174.7 167.6 173.9 182.3 175.2 177.4 178.8 171.6 175.6 174.3 176.7 179.1 177.2 170.4 178.1 179.8 184.8 180 188.3 180.4 181.3 175.3 185.7 179.3 184.3 181.1 178.7 172.4 174.8 180.1 179.1 181.5 176.5 179.3 182.1 190.1 186.2 177.6 191.6 188.3 198.7 191.8 190.7 194.3 198.4 210.1 207.3 208.3 209.8 210.5 211.1 218.9
-9999 -9999 -9999 -9999 -9999 117.2 111.9 125.1 123.4 132.9 136.4 130.8 146.9 139.6 150.2 150 162.5 153.7 161.9 167.9 172 172.7 169.4 179.2 169.7 182.5 178.2 170.2 174.7 182.4 175.2 180.3 174.3 172.9 168.4 176.8 169.9 178.2 177.4 182.1 181.4 182.5 176.7 181 181.8 183.2 186.7 180.7 183.3 183.1 185.8 178.7 182.2 171.5 176.8 176.1 167.4 182.9 182.7 187.5 185.4 185.6 182.9 186.4 184.5 184.7 186.5 188.7 193.6 194.3 199.8 191.2 198 195.6 209.1 205.2 216.7 213
-9999 -9999 -9999 -9999 -9999 -9999 -9999 125.4 132.7 130.2 132.3 141.2 147.2 148.5 141.9 154.3 159.4 165.6 167.9 171 175.3 174.5 177.7 174.7 181.2 180.9 179.9 187.8 184.3 182.9 179.8 183.5 178.4 171.8 174.9 181.2 176.5 173.3 176.6 173.2 177.6 182.4 184.6 190 181.5 180.2 177.3 184.7 188.3 176.6 173.9 181.1 187 179.9 179.4 176.8 172 177.2 186 180.3 183 189.4 180.5 183.5 186.4 183.6 178.7 179.9 181.9 191.6 191.9 196.3 196.4 196.7 210.3 201.4 207.2 212.9
-9999 -9999 -9999 -9999 -9999 -9999 -9999 124.5 124.6 140.4 134.7 139.4 144 149.7 156.9 154.5 155.7 165.8 168.9 161.7 177.8 180.7 180.2 190.1 185.9 187.1 193 193.3 179.7 189.2 177.3 187.2 185.5 183.6 177.8 183 181.1 177.8 175 191.5 177.2 184.5 183.2 192.9 193.6 184.8 181.2 180.4 178.6 184.6 179.7 181.1 170.8 182.1 180.2 171.8 178.3 182.8 177.5 187 181.3 183.8 175.6 176.4 182.7 180.8 182.3 185 187.7 179.5 189.4 184.9 192.3 189.8 194.4 195.9 202.4 207.5
-9999 -9999 -9999 -9999 -9999 -9999 -9999 123.2 134.7 136.1 139.6 139.4 150.5 150 158.4 160.3 155 178.2 170.1 168.3 172.3 180.7 183.3 191.4 191.8 188.8 193.8 198.7 190.3 194.2 183.2 180.8 181.5 182.3 182.6 185.3 181.4 192.4 178.4 180.2 178.9 190.7 187 195.9 186.1 194.7 185.4 191.2 183.1 179.7 187.3 175.6 185.1 177 178.2 183.3 174.4 191.1 172.8 184.8 184.9 176.5 183.5 185.1 173.3 183.9 178.1 184.7 179.4 188.3 193.1 190.7 184.8 201 199.6 192.8 198.8 189.3
-9999 -9999 -9999 -9999 -9999 -9999 -9999 120.8 128.6 136.3 135.9 142.2 147.9 152.5 156.8 164.1 168.3 170.5 168.7 177.9 178.4 190.2 197.3 202.1 204.6 193 206.4 202.8 195.5 206.8 198.8 201.7 197.4 190.8 190.7 181.4 178.7 186.1 177.3 182.5 187.4 184.4 187.3 184 184 183.7 182.3 182.1 172.5 177.6 174.2 192.7 181.1 174.4 185.4 179.1 182 180.8 183.1 178.3 182.3 182.1 170.5 175 183.7 178.6 184.3 184.5 180.2 180.6 179.6 176.1 187.4 190 196.7 190.8 197.3 196.5
-9999 -9999 -9999 -9999 -9999 -9999 -9999 122.7 128.1 140 141 142.3 142.4 157.1 158.6 163.4 165.3 178.9 170.7 181 181.7 200.2 207.4 198.5 210.1 217.9 221.5 219.8 219 216 206.9 206.2 201.9 191.6 193.2 177.2 187 182.9 179.1 187.9 184.6 185.4 185.3 184 181.8 184.3 179.2 179.3 184.3 180.2 178.3 177.2 182.5 176.6 169.6 177.6 181.6 186.6 180.8 184.8 180.1 172.8 185.7 180.9 175 176 178.3 173.5 181.4 178.2 176.3 178.3 186.1 194.1 183.1 187.3 188.5 192.1
-9999 -9999 -9999 -9999 -9999 -9999 120.5 125.2 129.8 134 143.3 149.6 145.4 149 161 169 171.3 174.4 177.7 183.7 188.8 195.9 211.3 221.9 224 232.3 228.3 236.8 236.2 235.2 228.2 217.8 214.4 205.1 195.7 188.8 184.5 183.5 186.9 178.1 178.8 184.9 179.1 181.8 182.8 177.7 182.3 180 177.8 177.3 172.9 176.6 181.2 178.6 176.7 179.8 176.1 172.9 177.3 180.2 177.1 177 171.9 180 176.9 171.2 165 181 176.8 181.3 176 174.2 181.3 179.4 179.9 184.8 192.9 185
-9999 -9999 -9999 -9999 -9999 -9999 118.2 119.9 127.1 135.1 141.2 143.1 146.1 148.7 165.4 175.1 164.6 181.8 185.2 185.6 192.6 203.3 222.7 229.8 248.6 256.4 266 267.7 246.8 251.6 245.8 225.3 203.4 199 192.9 185.5 193.3 185.3 180.2 182.3 184.4 186 183.4 182 174.2 178.1 177.9 172.6 181.3 170.5 179.9 182.2 172.9 180.6 180.2 179 176.1 172 173 174.4 177.9 172.6 169.7 172.3 173.7 169 178.6 165.6 166.3 175.6 171.1 168.8 186.7 183 187.4 175.4 184.9 182.1
-9999 -9999 -9999 -9999 -9999 -9999 116 128 130.6 132.5 137.7 156.5 151.3 161.5 167 168.3 182.1 175.3 175.4 199 199.7 215.4 226.4 248.1 264 281.5 301.3 307.6 289.9 272.2 250 227.3 220.9 205.1 200.1 203.6 192.5 181.7 181.6 182.9 186.1 187.4 192.7 182.3 173.1 174.8 174.4 178 175.8 176.9 182.5 170.7 179.4 181.8 172.6 177.5 180.7 180.4 171.5 175.3 183.2 174.3 169 176.4 172.4 167.6 173.5 169.4 173.5 169.9 165.4 171.8 177.6 171.4 173.3 187 183.2 181.1
-9999 -9999 -9999 -9999 -9999 119 125.6 129.4 134.2 139.3 143.1 148.2 152.5 166.1 164.9 161.3 168.8 163.1 183.3 192.5 204.6 230.8 241.3 268.3 294.4 330.3 329.3 341.1 322.9 284.7 256.7 247.6 228 203.7 200.3 192.1 188.8 186 188.5 181.7 182.6 173.7 179 174.4 176.3 170.6 172.1 178 176.9 179.2 172.4 182.8 171.3 174.2 184.7 174.4 184.5 174.6 174.8 165.9 163.8 163.8 171.5 173.4 170 161 164.6 168.6 169.1 163.9 166.5 172.2 174.6 171.4 179.4 173 173.3 176.4
-9999 -9999 -9999 -9999 108 122 120.1 129.8 132.4 134.5 143.3 148.6 154.8 161.9 165.8 167.4 174.4 185.2 186.3 196.1 216.5 237.8 236.5 276.7 311.5 345.3 353.3 356.1 328.6 303.5 270.1 236.8 219.3 218.4 202.8 197.1 188.3 181.2 186.5 180.8 174.8 171 174.9 172.5 164.5 174.2 171.6 172.8 180.2 173.1 178 173.2 178.9 173.6 180.5 177.5 170.3 171.3 167.6 163.5 168.2 165.1 158.8 161.7 160.3 166 161.8 166.8 162.3 156.8 169.4 164.8 176.6 173.3 173.4 173.8 172.3 174.8
-9999 -9999 -9999 -9999 111.1 119.5 126.2 132.4 131.5 136.9 144.4 149.4 157 161.7 172.3 162.8 167.8 172.7 180.5 191.8 203.8 226.1 243.1 270.8 303.6 332.1 346.1 342.3 326.5 296.6 258.1 226.2 225.1 211.6 201.9 191.1 190.9 187.8 179.4 179 174.2 181.7 171 170.1 171.3 169.4 164.4 169.5 175.7 176 171 176.6 171.6 174.9 179.8 172.9 170.6 170.6 163 167.3 162.4 165.6 163.5 159.9 161.5 160.2 147.5 156.9 157.8 155.8 168.7 165.2 176.9 169.9 176.8 172.1 171.9 171.6
-9999 -9999 110.2 113.6 121.8 121.1 131.7 124.2 140.4 141.1 146 148.3 168.2 163.9 158.5 166.8 173.8 179.5 177.8 184.2 206.7 222 235.5 252.5 280.6 306.7 310.4 324 288.5 270.8 244.5 226.1 222.6 206 202.4 191.5 184 185.5 171.7 173.6 176.9 172.8 169.6 167.7 174.2 157.4 169.3 170.8 172.8 177.9 173.4 172.8 178.2 177.2 166.4 166.2 170.9 157 163.2 170.2 162.1 167.3 161 153.7 157.8 153.8 152.4 162.3 160.4 156.4 153.7 165.1 164.7 162.8 171.7 171.6 172.9 174.8
-9999 101.9 109.4 118.1 119.9 130 129.5 137.7 136.1 138.8 146.2 154 155.6 170.3 169 168.1 171.7 169.6 182.4 193.7 204.6 211.6 222.7 243.6 266.5 271.4 276.9 274.5 261.5 244.3 239.5 227 218 200.8 198.1 189.8 176.9 185.2 180 182.4 174.5 171.8 169.4 168.6 168 170 168.1 173.3 170.8 165.7 178 169.6 170.6 173.1 175 167.8 166.5 166.5 154.7 163.9 164 154.4 163 153.9 151.4 148.7 149.7 154.4 152.7 148.3 150 151.9 158.8 157.1 165.1 163.3 161 164.8
-9999 107.4 114.8 112.4 122.2 128.2 131 134.6 141 145.4 145 154.3 163.2 158.4 167.3 166.6 165.5 171.1 180.3 187.3 201.7 204.9 206.8 213.8 232.5 239.2 238.7 244 234.1 238.5 224 216.9 203.4 193.1 188.9 188.2 177.8 178.7 175 176.5 169.9 170.3 177.8 164.4 165.2 166.8 171 162.6 172.3 176.6 171.2 181.8 175 167.3 163.9 173.9 174.7 161.6 155.9 154.3 158.6 157.4 157.6 141.7 152.1 154 152.7 159.1 147.3 154.1 153.4 156.4 152 158.2 162.4 154.8 156.1 152.4
-9999 106.1 109.6 116 124 127.5 127.7 143.5 139.9 138.1 151.6 152.1 160 160.4 163.2 170.9 172.1 169.8 179.5 180.6 188.1 190 202.9 209.9 214.1 216.3 221.3 228 219.5 213.9 206.4 210.8 198.8 194.4 189.1 181.7 182.3 182.5 183.6 173.4 176.2 171.3 167 171.2 164.2 167.8 167.4 171.2 165.2 163.7 176.9 172.4 168.2 173 165.8 172.7 165.2 164 155.5 -9999 -9999 -9999 -9999 -9999 -9999 -9999 -9999 -9999 -9999 -9999 -9999 -9999 -9999 -9999 -9999 -9999 -9999 -9999
-9999 97.8 105.1 115.6 118.4 126.3 133.5 131.6 137.8 146.3 147.4 155.9 161.7 161.9 157.2 168 166.7 166 189.3 180.1 190.9 187.3 188.2 202 196.9 203.7 210.5 207.3 205.1 201.2 207.6 197.9 191.8 195.8 188 184.8 180.3 176 174.3 177.8 169.1 155.7 163.9 162.8 160.2 168.3 165 163.1 172.1 169.9 170.7 174.2 164.3 168.2 164.2 170.1 161.5 158.7 155.3 -9999 -9999 -9999 -9999 -9999 -9999 -9999 -9999 -9999 -9999 -9999 -9999 -9999 -9999 -9999 -9999 -9999 -9999 -9999
-9999 -9999 115.5 118.8 125.7 123.7 131.9 131.6 132.9 141.2 146.8 147.5 155.5 147.6 159.4 160.6 175.3 172.5 170.3 180.4 181.9 177.7 190.6 196.8 189.9 197 202.9 196.4 200.9 201.3 191.5 199.9 187.2 187.7 185.3 182.7 177.7 175.3 175.2 166.1 171.3 166.6 161.9 169.1 165.7 161.1 174.8 163.3 165.2 162.3 168 163.2 161.3 156.5 158.6 166.2 154.6 154.3 -9999 -9999 -9999 -9999 -9999 -9999 -9999 -9999 -9999 -9999 -9999 -9999 -9999 -9999 -9999 -9999 -9999 -9999 -9999 -9999
-9999 -9999 112.6 117.1 120.4 126.6 135 131.4 137.2 141.9 144.9 149.6 150.1 157.4 162.6 167.6 170.3 167.8 171.7 182.7 183.3 183.1 176.9 192.9 186 185.4 188.5 186.2 193.1 196.8 180.9 191.9 182.4 180.8 172.7 169.6 180.2 172.9 166.1 169.4 172.7 168.4 169.2 164.6 163.2 160.6 163.2 166.2 166.9 160.3 165.3 161.7 156.6 161.7 163.8 150.6 153.1 154.9 -9999 -9999 -9999 -9999 -9999 -9999 -9999 -9999 -9999 -9999 -9999 -9999 -9999 -9999 -9999 -9999 -9999 -9999 -9999 -9999
-9999 -9999 111.1 118.8 121.2 127.9 135.2 133.2 134.5 151.5 143 151.7 153.7 161.7 160.9 164 173.2 176.4 176.6 178.2 176.8 183.7 184 179.5 183.1 182 184.2 184.8 182.3 183.9 194.9 189.2 181.6 179.2 172.6 173.7 169.6 169.3 169.2 164 170.1 173.4 161.7 166.3 163.3 168.2 159.9 163.2 168.2 159.6 149.1 162.5 156.3 156.4 159.3 155.4 154 149 -9999 -9999 -9999 -9999 -9999 -9999 -9999 -9999 -9999 -9999 -9999 -9999 -9999 -9999 -9999 -9999 -9999 -9999 -9999 -9999
-9999 109.3 113.3 118 129.5 126.8 126.3 141.8 134.8 145.4 143 150.5 157.8 157.3 165.3 177.2 177.9 178.8 178.3 176 176.8 174.6 174.1 181.6 173.4 181.3 189.1 183.2 188.4 173.8 178.5 175.2 183.5 175.1 168.9 168.1 172.6 165 164.7 172.9 162.3 163.2 162.5 167.1 161.6 158.8 157.2 159.3 160.5 158 151.4 149.2 153.9 158.6 147.7 150.9 144.2 -9999 -9999 -9999 -9999 -9999 -9999 -9999 -9999 -9999 -9999 -9999 -9999 -9999 -9999 -9999 -9999 -9999 -9999 -9999 -9999 -9999
-9999 106.1 111 119.5 125.2 127.8 137.7 131.1 137.8 143.5 142.6 152.4 162.6 157.3 178.3 187.5 190.5 186.4 192.4 184.4 174.3 169 174.9 167.2 171 176.9 181.6 180.1 176.3 174.9 183.2 175.5 168.2 172 173.6 167.9 163.8 164.6 167.5 153.9 160.3 164.4 168.3 162.3 160.5 164 154 156.7 155.7 159.2 148.1 151.7 149.8 146.3 151.2 151.6 151.7 -9999 -9999 -9999 -9999 -9999 -9999 -9999 -9999 -9999 -9999 -9999 -9999 -9999 -9999 -9999 -9999 -9999 -9999 -9999 -9999 -9999
-9999 108.4 115.6 119.4 125.7 125.8 132.8 138.4 143 149.3 142.8 145.9 151.2 170.6 178.1 193.2 192.4 176.9 189.7 172.2 176.3 177.9 168.2 173.1 171 166 175.9 174.8 178.4 174.1 170.9 165.7 168.9 172.6 167 164.5 164.3 158 159.3 165.3 152 158.3 157.6 162 158.8 154 159.1 152.4 152.3 152.5 149.6 147.7 158.8 150.7 144.9 144.8 -9999 -9999 -9999 -9999 -9999 -9999 -9999 -9999 -9999 -9999 -9999 -9999 -9999 -9999 -9999 -9999 -9999 -9999 -9999 -9999 -9999 -9999
-9999 109.6 116.9 129 128.5 133.9 138 140.8 137.8 145.6 143.3 151.8 153.7 162.8 172.3 172.3 189.4 191.3 180.6 169.9 175.2 175.6 170.6 170.5 162.6 169.7 162.1 168.4 168.6 172.6 180.6 162 166.4 167.2 162.9 167.8 160.1 163.2 156.7 159.3 157.2 156.9 163.8 150.9 160.2 149.4 147.6 144 146.1 150 156.3 153.1 149.6 141.7 149.3 139.2 132.3 -9999 -9999 -9999 -9999 -9999 -9999 -9999 -9999 -9999 -9999 -9999 -9999 -9999 -9999 -9999 -9999 -9999 -9999 -9999 -9999 -9999
-9999 114.7 115.6 121 131.1 127.1 135.6 135.2 140 142.9 139.4 143.6 152.4 155.7 167.4 169.4 173.2 171.8 172.2 172.5 171.5 164.5 171.3 162 160 163.1 159.7 165.5 168.5 163.6 169.6 170 162.4 165.4 160.9 167.3 158 156.4 159.8 162.9 157.5 150.3 147.6 145.7 151.9 148.8 148.8 147.8 147.9 153.8 149.7 147.5 155.7 147.7 147.3 142.3 138.9 -9999 -9999 -9999 -9999 -9999 -9999 -9999 -9999 -9999 -9999 -9999 -9999 -9999 -9999 -9999 -9999 -9999 -9999 -9999 -9999 -9999
-9999 110.4 119 123.3 132.1 127.9 136.7 135.8 132.5 137 147.5 141.6 146.1 158.3 157.2 157 173.9 172.8 170.4 161.6 160.1 164.6 163 158.3 164.3 168.3 163.3 160.2 156.3 164.3 165.4 159.7 156.8 161.6 156.9 158 148.8 158.9 151.5 151.7 154.7 156.4 153.2 148.8 149.4 147.8 149.8 146.1 143.8 143.8 143.7 144.4 141.7 146.5 142.7 141 142.4 -9999 -9999 -9999 -9999 -9999 -9999 -9999 -9999 -9999 -9999 -9999 -9999 -9999 -9999 -9999 -9999 -9999 -9999 -9999 -9999 -9999
98.2 111.3 117.7 125.4 126.4 127 136.7 134.9 126.2 136.2 141.5 143.3 148.2 154 153.5 156.7 159.8 168.7 157.9 153.9 165.8 155.8 152.9 160.3 150.5 155.2 158.9 157.1 156.8 158.2 153.2 154.6 159.9 152.9 153.4 152.3 154.6 154.5 148.2 156.7 148.7 148.4 152.8 147.7 142.9 144.9 148.4 145.1 142.8 143.8 139.2 148.9 147.7 145.8 144.5 140.4 139.8 137.5 -9999 -9999 -9999 -9999 -9999 -9999 -9999 -9999 -9999 -9999 -9999 -9999 -9999 -9999 -9999 -9999 -9999 -9999 -9999 -9999
99.8 113.4 116.1 120.1 131.8 126 128.1 126.6 122.9 138 130.8 139 144.9 145.4 152.4 151.2 158 153.6 151.1 152.9 157.5 160.5 152.3 153.5 148.5 149.9 149.1 149.4 154.3 143.9 151.8 148 151.1 155.1 148.7 153.2 153 146.5 150.3 149.8 147.6 147.6 142.9 144 152.4 147.8 146.6 142.2 147 145.6 149.4 144.5 142.4 147.1 142.2 137.2 142.6 133.8 129.3 126.8 -9999 -9999 -9999 -9999 -9999 -9999 -9999 -9999 -9999 -9999 -9999 -9999 -9999 -9999 -9999 -9999 -9999 -9999
-9999 110.3 111.1 114.2 121.9 121.9 127.1 122.8 132.2 122.9 131.8 134.7 140.2 139.6 152.7 146.4 151.2 139.8 141.3 145.5 145.8 147.1 150.7 151.2 145.3 150.1 144.1 147.9 149.2 146.9 149.6 151.7 151.7 153.3 152.2 137.8 152.3 147.4 147.5 145.1 147.4 142.1 145.7 143.6 140.2 150.1 142.5 143.8 140.2 149.7 158.7 142.8 147.7 149.5 144.8 133.9 130.5 128 125.3 -9999 -9999 -9999 -9999 -9999 -9999 -9999 -9999 -9999 -9999 -9999 -9999 -9999 -9999 -9999 -9999 -9999 -9999 -9999
