Data/GIS/Movement/bfa-mvmt-travel-tail.asc
ncols         173
nrows         126
xllcorner     224227.65281
yllcorner     1039207.04677
cellsize      5000
NODATA_value  -9999
[rows 35 to 69 of 126, columns 0 to 79 of 173]
-9999 -9999 -9999 -9999 -9999 -9999 -9999 -9999 -9999 -9999 -9999 -9999 -9999 -9999 -9999 -9999 -9999 -9999 -9999 -9999 -9999 -9999 -9999 -9999 -9999 -9999 -9999 -9999 -9999 -9999 -9999 -9999 -9999 -9999 -9999 -9999 -9999 -9999 -9999 -9999 -9999 -9999 -9999 -9999 -9999 -9999 -9999 -9999 -9999 65.9 72.4 102 102.7 82.3 90 89 81.9 110.9 115.3 143.2 159.9 137.6 139.5 147.9 176 260.8 470.2 339.7 465.3 423 375.8 390.8 386.7 382.9 346.2 270.9 215.4 225.7 243.5 221
-9999 -9999 -9999 -9999 -9999 -9999 -9999 -9999 -9999 -9999 -9999 -9999 -9999 -9999 -9999 -9999 -9999 -9999 -9999 -9999 -9999 -9999 -9999 -9999 -9999 -9999 -9999 -9999 -9999 -9999 -9999 -9999 -9999 -9999 45.9 -9999 -9999 -9999 -9999 -9999 -9999 -9999 -9999 -9999 -9999 -9999 -9999 -9999 -9999 68.7 87.6 110.5 111.7 95.1 91 74 83.1 109.2 115.5 136.6 159.1 149.5 121.2 173.3 287.4 402.1 251.4 209.6 387.2 364.7 305.6 221.8 230.7 249 221 312 307.8 303.9 290.2 229.4
-9999 -9999 -9999 -9999 -9999 -9999 -9999 -9999 -9999 -9999 -9999 -9999 -9999 -9999 -9999 -9999 -9999 -9999 -9999 -9999 -9999 -9999 -9999 -9999 -9999 -9999 -9999 -9999 -9999 -9999 -9999 -9999 55.9 60.8 -9999 -9999 -9999 -9999 -9999 -9999 -9999 -9999 -9999 -9999 -9999 -9999 -9999 -9999 -9999 89.6 102.4 116.6 89.3 103.4 110.4 86.1 93.4 121.2 124.4 109 132.2 192.6 185.7 262.7 361.2 239.8 164.1 181.3 362.6 342.5 282.9 241 180.3 157.4 169.5 220.9 248.6 276.6 270.3 270.6
-9999 -9999 -9999 -9999 -9999 -9999 -9999 -9999 -9999 -9999 -9999 -9999 -9999 -9999 -9999 -9999 -9999 -9999 -9999 -9999 -9999 -9999 -9999 -9999 -9999 -9999 -9999 -9999 -9999 -9999 -9999 64.9 72.4 70.5 79.5 70.7 74.8 81.5 -9999 -9999 -9999 -9999 -9999 -9999 -9999 -9999 -9999 -9999 -9999 -9999 106.5 126.1 84 79.4 109.8 120 114.4 138.5 129.9 100.3 116.5 170.5 242.1 297.4 282.3 251.2 186.1 243.6 434 285.6 216 241.4 202.6 186.1 166.3 184.2 235.1 252.9 249.6 274.9
-9999 -9999 -9999 -9999 -9999 -9999 -9999 -9999 -9999 -9999 -9999 -9999 -9999 -9999 -9999 -9999 -9999 -9999 -9999 -9999 -9999 -9999 -9999 -9999 -9999 -9999 -9999 -9999 -9999 -9999 -9999 84.3 81.5 76 80.6 97.3 91.2 90 64.3 -9999 -9999 -9999 -9999 -9999 -9999 -9999 -9999 -9999 -9999 -9999 122.5 134 100.3 83.4 87.9 106.5 136.5 160.3 164.2 156.2 155 196.3 246.7 264.4 203.2 213 239.5 270.4 418.4 427.2 204.3 271.2 246.5 188.3 144.2 160.5 199.3 210.7 228.5 242.3
-9999 -9999 -9999 -9999 -9999 -9999 -9999 -9999 -9999 -9999 -9999 -9999 -9999 -9999 -9999 -9999 -9999 -9999 -9999 -9999 -9999 -9999 -9999 -9999 -9999 -9999 -9999 -9999 -9999 92.1 98.8 88.1 85.8 86.6 83.1 97.7 104.9 78.9 61.6 49.3 -9999 -9999 -9999 -9999 -9999 -9999 92 101 109.2 112.9 142.6 167.1 136.9 91.6 78.8 115.8 154 125.6 142.2 185.6 235.4 258.3 241 196.6 236.4 266.4 284.4 278.3 439 590.1 336 308.6 291.9 229.8 160.4 172 164.3 214.8 217.8 223.3
-9999 -9999 -9999 -9999 -9999 -9999 -9999 -9999 -9999 -9999 -9999 -9999 -9999 -9999 -9999 -9999 -9999 -9999 -9999 -9999 -9999 -9999 -9999 -9999 -9999 -9999 -9999 -9999 76.8 110.9 112 93.5 82.9 90.8 110.2 109.2 106.5 100.2 68.8 50 46 48.9 -9999 -9999 -9999 -9999 104.4 110.3 123.5 125.4 163 180.3 162.6 109.8 124.8 155.3 166.5 112.1 103.5 150.9 248.6 247.9 247 223.7 199.6 228.4 284.8 404.2 489.5 971 458.2 343.6 295.3 275.5 243.8 198.6 186.5 195.2 195.4 206.7
-9999 -9999 -9999 -9999 -9999 -9999 -9999 -9999 -9999 -9999 -9999 -9999 -9999 -9999 -9999 -9999 -9999 -9999 -9999 -9999 -9999 -9999 -9999 -9999 -9999 -9999 -9999 89.9 94.8 124.8 127.2 122.3 91.5 102.2 110.8 115.4 123.8 89.3 72.9 60.5 59.8 60.6 59.5 -9999 -9999 -9999 120.8 105.9 103 134.7 167.3 173.8 223.2 180.7 217.7 192.1 172.3 151.4 133.1 214.3 256.8 174.5 199.4 186.1 173.1 227.5 294.8 376.2 475.8 831 288 238.1 214 247.6 234.4 192.7 193.7 217.9 189.4 160.4
-9999 -9999 -9999 -9999 -9999 -9999 -9999 -9999 -9999 -9999 -9999 -9999 -9999 -9999 -9999 -9999 -9999 -9999 -9999 -9999 -9999 -9999 -9999 -9999 -9999 -9999 110.4 115.4 121.5 148.1 165.7 145.5 119.8 104.5 124.6 139.4 138.7 124.8 95.3 83.3 82.2 86.6 65.4 66.2 70.7 101.4 125.2 134.1 124.3 131.7 176.1 198.2 189.2 272.6 311.3 250.8 248.9 208.6 241 341.3 256 226.4 192 169.1 181.2 220.1 235.4 332.1 435.2 578.6 309.9 247.5 218.9 193.6 229.2 210.1 238.9 203.8 182.4 144.4
-9999 -9999 -9999 -9999 -9999 -9999 -9999 -9999 -9999 -9999 -9999 -9999 -9999 -9999 -9999 -9999 -9999 -9999 -9999 -9999 -9999 -9999 -9999 -9999 -9999 -9999 -9999 130.3 138.1 134.6 145.3 168.1 184.6 143.7 142.5 161.3 150.3 134 110.5 111.4 107.7 92.7 91.3 90 82.1 105.5 122.1 124.8 156.9 175.1 191.7 251.8 254.5 428.2 546.7 367.9 337.3 313.2 277.4 206.7 193.6 199 154.3 146.4 181.2 173.4 250.7 305.7 271.4 340.8 413.6 249.6 269.1 200.3 230.2 269.5 217.2 200.9 227.7 238.4
-9999 -9999 -9999 -9999 -9999 -9999 -9999 -9999 -9999 -9999 -9999 -9999 -9999 -9999 -9999 -9999 -9999 -9999 -9999 -9999 -9999 -9999 -9999 -9999 -9999 -9999 -9999 86 95.6 119.4 107.4 121 157.5 193.5 202.3 189 147.9 123.9 111.6 105.7 96.4 80.5 74.1 80.8 89.3 116 126.6 151.5 145.8 133.8 151 146.6 175.6 329.2 478.7 277.1 204.4 200.2 214.8 136.6 161.8 145.8 114.3 162.4 196.9 219.7 253.1 213 170.7 210.9 416 281.4 288.8 287.9 246.5 295.1 257.6 279.2 308.1 287.9
-9999 -9999 -9999 -9999 -9999 -9999 -9999 -9999 -9999 -9999 -9999 -9999 -9999 -9999 -9999 -9999 -9999 -9999 -9999 -9999 -9999 -9999 -9999 -9999 -9999 -9999 -9999 -9999 75.4 116.1 95.5 103.2 134.3 172.2 220.6 198.9 143 92.6 117.4 104.7 78.4 81.3 72.9 79.6 99.4 116.6 142.4 139.3 103.6 106.6 116.5 155.1 220.9 229.1 283.1 310.8 211.8 226.4 153.5 147.5 173.8 126.6 129.2 160.1 164.7 201 193.4 211.8 188.4 256.2 346.3 411.6 375.7 347 343.1 368.7 332.4 273.1 259.4 227
-9999 -9999 -9999 -9999 -9999 -9999 -9999 -9999 -9999 -9999 -9999 -9999 -9999 -9999 -9999 -9999 -9999 -9999 -9999 -9999 -9999 -9999 -9999 -9999 -9999 -9999 -9999 -9999 100.6 115.9 116.4 130.6 143.6 150.2 150.2 232 160.9 104.9 99.2 116.9 86.2 92.7 99 111 130.8 106.8 131.2 128.4 128.5 136.7 161.7 171.9 224.3 161.8 168.5 319.3 271.1 201 155.9 211.8 183.3 172.1 200.4 236.2 180.9 197.1 253.7 281.2 318.7 360.9 408.1 462.4 400.3 331.5 293.5 281.6 242.2 245.2 246.8 199.4
-9999 -9999 -9999 -9999 -9999 -9999 -9999 -9999 -9999 -9999 -9999 -9999 -9999 -9999 -9999 -9999 -9999 -9999 -9999 -9999 -9999 -9999 -9999 -9999 -9999 -9999 -9999 -9999 101.5 107.3 128.4 139.4 115.7 104.7 102.9 172.9 226.2 149.2 119.6 132.8 134.6 135.7 140.3 140.5 125.9 97.5 112.1 122.3 102 115.5 121.4 147.3 192.2 129.5 142.2 281.8 325.5 236.3 237 261.5 256.2 240.5 209.6 219.1 253.7 257.4 288.5 332.2 271.6 296.1 367.6 334.1 349.3 379.8 276.9 294.8 231 291.2 249.6 168.1
-9999 -9999 -9999 -9999 -9999 -9999 -9999 -9999 -9999 -9999 -9999 -9999 -9999 -9999 -9999 -9999 -9999 -9999 -9999 -9999 -9999 -9999 -9999 -9999 -9999 -9999 -9999 -9999 75.3 81.3 112.4 144.6 146.3 133.4 114.6 142.5 245.7 163.4 154.1 163.5 196 182.8 125.4 115.1 131.1 117.3 91.8 115.1 100.5 118.6 119.8 167 163.4 117.5 119 223.2 263.1 265.1 302.1 193.8 145.5 135.3 124.2 164.6 213.4 209.7 244.5 249.9 301.8 362.5 288.7 269.3 311.5 320.9 317.9 348.1 357.4 323 301.8 223.4
-9999 -9999 -9999 -9999 -9999 -9999 -9999 -9999 -9999 -9999 -9999 -9999 -9999 -9999 -9999 -9999 -9999 -9999 -9999 -9999 -9999 -9999 -9999 -9999 -9999 -9999 -9999 -9999 62.5 74.8 89.3 132.2 157.9 167.7 190.8 168.3 208.8 301.3 227.6 229.6 149.3 147.3 156 143.4 139.3 143.5 107.1 128.3 138.8 138.6 155.2 179.3 159.9 140.7 136.7 234.8 310.9 262.2 214.3 208.9 172 139.5 114.5 167.8 184.5 170.1 202.9 296.8 359.3 322.4 262.7 289.7 278 302.8 258 277.8 340.6 380.6 369 357.4
-9999 -9999 -9999 -9999 -9999 -9999 -9999 -9999 -9999 -9999 -9999 -9999 -9999 -9999 -9999 -9999 -9999 -9999 -9999 -9999 -9999 -9999 -9999 -9999 -9999 -9999 -9999 -9999 86.9 86.8 102 145.6 182.5 190.4 204.2 276 350 397.3 228.8 164.7 96.8 90.4 104.7 120.2 149.2 159.4 151.5 144.9 107.5 113.4 160.1 151.5 165.2 232.7 257.9 259.2 255.9 305.9 248.4 163.2 166.5 160.5 145.4 150.9 161.9 212.5 220 281.6 321.6 307.7 256.7 249.3 259 262.9 265 296.2 307.5 358.6 435.1 426.9
-9999 -9999 -9999 -9999 -9999 -9999 -9999 -9999 -9999 -9999 -9999 -9999 -9999 -9999 -9999 -9999 -9999 -9999 -9999 -9999 -9999 -9999 -9999 -9999 70.7 80.1 -9999 -9999 111.1 124.8 133.6 145.8 129.8 163 210.1 246.4 475.9 338 288.5 164.9 105.4 78.6 81.6 115.3 141 164.2 137.6 123.9 99.2 120.2 168.6 167.4 154.8 237.9 234 234 223.5 253.1 283.3 248.2 237.4 220.9 220.2 201.9 209.9 179.9 202.2 243.4 327.8 307.3 272.2 246.1 250.9 249.7 241 276.8 296.5 347.9 436.3 498
-9999 -9999 -9999 -9999 -9999 -9999 -9999 -9999 -9999 -9999 -9999 -9999 -9999 -9999 -9999 -9999 -9999 -9999 -9999 -9999 -9999 -9999 -9999 64.4 80.8 83.7 92.9 100.6 115.1 99.2 97.6 125.6 114.1 153.4 212.8 272.4 242 247.2 182.7 262.6 160.8 109.2 90.5 108.3 147.4 173.1 131.5 139.2 155.2 155.1 202 186.3 221.8 209.6 172.9 160.2 179.1 228 221.3 204 176.3 228.5 274.9 214.4 202.1 172 164.4 228.9 333 344.9 284.3 275.8 261.6 246.1 238.6 263.2 310.6 372.4 474.8 551.1
-9999 -9999 -9999 -9999 -9999 -9999 -9999 -9999 -9999 -9999 -9999 -9999 -9999 -9999 -9999 -9999 -9999 -9999 -9999 -9999 -9999 -9999 -9999 67.2 81.3 80.9 86.1 85.6 82.9 73.4 80.8 121.3 132.2 183.7 162.9 199.1 149.9 230.3 151.6 201.5 236.2 173.3 113.3 129.5 164 187 130 175 232.4 233 256.7 262.8 240.3 157.9 117.7 123.9 170.7 169.7 201.2 133.9 130.1 203.3 260.6 221.7 186.1 217.7 210.6 248.6 337.1 361.6 319.8 305.4 266.8 239.5 236.5 270 307.9 347 436.1 568.3
-9999 -9999 -9999 -9999 -9999 -9999 -9999 -9999 -9999 -9999 -9999 -9999 -9999 -9999 -9999 -9999 -9999 -9999 -9999 -9999 -9999 -9999 -9999 -9999 70.6 79.2 84.2 81.7 63.8 62.3 86.1 141.9 146.7 130.6 121.8 131.9 172.5 200.2 126 157.2 248.7 252.6 175.5 174 171.6 210.8 168 217.7 307 324.2 255.8 218.8 190.7 183.7 137.7 127.5 139.5 146.5 182.3 141.7 133.6 138.4 223.3 301.6 249.2 174.2 193.9 248.6 357.5 404.3 326 294.5 263.7 249 239.2 260 288.2 350.9 408.2 531.5
-9999 -9999 -9999 -9999 -9999 -9999 -9999 -9999 -9999 -9999 -9999 -9999 -9999 -9999 -9999 -9999 -9999 -9999 -9999 -9999 -9999 -9999 -9999 -9999 -9999 85.8 86.6 79.7 64.5 68.6 108.2 134.1 118 92.2 110.8 149.5 138.5 183.4 135.3 177.3 148.1 203.3 334.8 291.1 217.3 293.3 414.6 295.4 224.1 251.4 182.4 131.3 116.1 137.9 157.2 126.6 128.6 160.6 174.9 135.1 128.8 182.4 236.4 304.3 254.9 147.3 200 232.2 407.4 397.1 328 303.1 295.7 283.4 263.9 255.7 283.9 332.3 419.1 493.2
-9999 -9999 -9999 -9999 -9999 -9999 -9999 -9999 -9999 -9999 -9999 -9999 -9999 -9999 -9999 -9999 -9999 -9999 -9999 -9999 -9999 -9999 -9999 -9999 75 81.1 86.3 68.1 60.8 65.1 87.7 129.6 99.2 83.3 106.1 130.6 126.2 169.1 149.4 138.7 147.8 216.8 239.6 375.9 350.9 428.6 391.4 191.2 171.6 202.2 153.8 130.2 116 117.6 143.6 103.6 90.8 122.8 155.1 134.9 136.9 167.6 196.5 295 234.5 139 152.4 232.1 433.2 459.6 389.4 363.3 337.6 297 266.7 255.8 287.2 330.4 351.9 300.5
-9999 -9999 -9999 -9999 -9999 -9999 -9999 -9999 -9999 -9999 -9999 -9999 -9999 -9999 -9999 -9999 -9999 -9999 -9999 -9999 -9999 -9999 -9999 -9999 91.5 101.8 81 79.3 71.3 84.6 104.1 148.7 125 109 123.9 91.4 120.6 153 140 148 200.2 171.1 174.7 217.1 465.3 477.7 412.2 293 207 204.7 182.4 117.2 124.2 136.6 151 104.9 85.8 99.2 129.5 164.1 173.3 224.4 273.2 315.9 328.2 192.4 167.7 277.6 400.8 563.3 552.2 446 359.7 318.5 272.9 254.6 280.5 320 378.4 306
-9999 -9999 -9999 -9999 -9999 -9999 -9999 -9999 -9999 -9999 -9999 -9999 -9999 -9999 -9999 -9999 -9999 -9999 -9999 -9999 -9999 -9999 -9999 -9999 96.5 103.9 110.1 106.6 99.2 119.8 154.2 173.6 166.3 139.9 126.9 123.7 128.6 159.7 152.7 172.8 149 159.6 220.2 304.4 271.7 202.4 276.7 282.7 298.7 208.4 144.5 116.6 156.2 185.7 153.5 106 107.1 115 113.7 117 127.5 168.3 221.3 225.5 414.4 390.9 244.4 308.4 355.9 469.3 647.8 481.8 376.1 314.6 270.8 272.5 239.3 289.9 373.1 442.3
-9999 -9999 -9999 -9999 -9999 -9999 -9999 -9999 -9999 -9999 -9999 -9999 -9999 -9999 -9999 -9999 -9999 -9999 -9999 -9999 -9999 -9999 -9999 -9999 83.6 94.7 123.8 129.6 142.3 164.2 182 165.8 158.5 161.2 160.6 156.9 156 137.5 104.1 121 109.9 106.4 168.9 280.8 211.7 175.8 159.5 149 244.7 274 235.6 191.2 220.8 151.9 133.5 124.2 150.2 151.4 122.5 99.2 99.5 144.6 210.9 253.1 277.8 328.2 460.5 418.3 368.1 292.8 506 337 277.2 311.6 293.3 248.9 210.8 301.9 305.4 314.3
-9999 -9999 -9999 -9999 -9999 -9999 -9999 -9999 -9999 -9999 -9999 -9999 -9999 -9999 -9999 -9999 -9999 -9999 -9999 -9999 -9999 -9999 -9999 76.1 76.1 100.8 103.4 101.4 104.2 110.8 166.6 194 123.5 123.6 168.6 133 160.4 126.7 92.7 95.1 81.6 95.8 165.9 297.5 231.1 164.4 124.5 113.2 135.4 187.5 258.8 256.9 257.3 167.2 149.7 160.4 201.8 142.9 132.1 108.8 100.9 140.2 197 263.9 302.4 364.1 485 720.1 590.5 484.5 601.2 450.9 400.8 337.4 265.3 258.9 220.6 252.9 302 365.5
-9999 -9999 -9999 -9999 -9999 -9999 -9999 -9999 -9999 -9999 -9999 -9999 -9999 -9999 -9999 -9999 -9999 -9999 -9999 -9999 -9999 -9999 67.4 74.5 87.7 107.4 112.4 85.8 67.8 100.2 159.2 244 128.3 123.9 188.8 180.1 169.8 122.2 103.5 90.5 82.2 113.6 181.2 290.8 172 110.3 108.4 93.8 105.2 162.7 218.2 180.8 230.7 259.1 241 238.3 194.2 153.5 162.4 131.9 128.3 147.8 231.4 282.5 345.4 417.8 485.4 574.4 1066 1814.5 902.3 537.3 479.4 383.7 320.2 364 309.6 341 304.3 367.3
-9999 -9999 -9999 -9999 -9999 -9999 -9999 -9999 -9999 -9999 -9999 -9999 -9999 -9999 -9999 -9999 -9999 -9999 -9999 -9999 -9999 71.3 72.5 88.9 98.7 100.6 118.7 91.1 72.5 95.6 159.2 282.8 206.5 241.4 226.4 190.5 121.8 101.6 91.4 77.6 112.1 144.7 243.5 232.6 204.4 131.6 100.5 119.2 115.1 154.2 249.1 269.3 195 209.2 163.1 191.1 240.9 243.1 241.1 249.9 198.1 176.9 205.9 295.8 376.4 433.5 550.6 589.3 859.3 1548.5 647.9 748.4 586.3 440.6 532 488.6 433 377.2 421 440.1
-9999 -9999 -9999 -9999 -9999 -9999 -9999 -9999 -9999 -9999 -9999 -9999 -9999 -9999 -9999 -9999 -9999 -9999 -9999 -9999 -9999 78.1 74.7 86 88.3 98.7 131.6 98.9 83.9 104.2 197.4 359.7 368.6 205.4 139.8 117.3 102 92.3 80.9 88.8 124.7 215.7 273.4 177.9 180.8 152.7 108.6 173.5 155.7 154.6 274.8 208.6 124.2 174.6 158.9 196.2 215.2 202.6 219.2 250.5 299.2 321.4 345.2 370 425.6 432.6 301.4 356.9 463.3 717.2 744.2 496.7 383.8 496.2 383.9 356.7 470.7 464.8 420 531.6
-9999 -9999 -9999 -9999 -9999 -9999 -9999 -9999 -9999 -9999 -9999 -9999 -9999 -9999 -9999 -9999 -9999 -9999 -9999 -9999 -9999 74.3 73.8 84.4 88.5 111.1 138.2 106.7 109.2 143.1 251.1 244.2 314.6 163.1 110.3 86.6 76.9 80.4 72.8 108.3 173.8 224 198.1 170.3 137.9 159.1 125 158.7 201.8 241.6 486.8 206.2 122.1 124.1 155.8 171.2 181.5 146 152 177.3 206.7 251.2 285.6 262 317.3 264 263.7 317.6 313.7 453.1 519.5 503.6 370.9 320.8 406.6 416.2 328 340.3 312 322.2
-9999 -9999 -9999 -9999 -9999 -9999 -9999 -9999 -9999 -9999 -9999 -9999 -9999 -9999 -9999 -9999 -9999 -9999 -9999 118.7 93.1 78.8 78.3 69.9 94.1 123.9 154 160.9 188.2 227.7 228 225.7 277.7 197.6 119 88.9 74.2 74.9 83 124.6 208.4 218.1 192.8 183.6 157.1 159 164.5 196.5 237.2 272.9 320.6 290 164.3 150.6 163 155.7 153 109 120.5 147.2 143.3 218.9 226.2 221.1 273.6 185.2 219.4 274.6 247.3 374.5 403.1 557.9 357.3 408.6 362.9 248.2 304.8 270.9 262.7 268.1
-9999 -9999 -9999 -9999 -9999 -9999 -9999 -9999 -9999 -9999 -9999 -9999 -9999 -9999 -9999 -9999 -9999 -9999 138.6 137.1 128 111.9 93.1 78.2 89.3 127.1 155.2 180.6 201.3 191 201.2 191 156.3 139.5 115.8 85.3 90 89.1 99.3 154 214.8 195 168.6 132.2 140.6 157.8 174 162.1 163.4 248.7 221.5 214.8 242.3 196.9 157.3 150.5 133.4 106 111.7 128.4 123.2 206.4 190.5 198.9 199.8 209.4 200.7 169.5 233.4 328.8 404.9 389 407.3 275.8 258.2 189 204 218 227.4 192.7
-9999 -9999 -9999 -9999 -9999 -9999 -9999 -9999 -9999 -9999 -9999 -9999 61.8 71.4 88 83.3 97.7 110.3 114 104.8 147 155.1 113.6 87.3 95.4 138.5 151.1 174.2 165.7 131.5 157.6 177.7 125.3 99.5 97.6 104 116.1 128.2 116.6 165.8 177.7 180.5 172.5 144.9 117.6 148.2 175.6 189 199.1 207.6 190 137.9 163.3 215.7 174.6 167.6 156.9 118.6 103.4 126.2 160.2 197.9 159.9 159.8 203.6 227.7 142.8 145 224.5 363.4 329.5 218 305.1 221.4 158.8 132.4 142 177.5 149.2 187.9
-9999 -9999 -9999 -9999 -9999 -9999 -9999 -9999 54.2 62.6 66.7 68.9 67.7 74.9 89.8 92.2 101 120.2 98.4 83 117.8 159.1 128.4 102.5 89.8 126.1 154.9 144 117.3 119.8 116.9 159.1 123.1 100.2 115.2 127.6 144.4 145.3 164.5 193.5 186.6 159.4 128.9 137.6 143.1 153.7 173.6 164.6 161.9 176.8 187.9 114.4 115.7 142.5 182.4 157.1 160.5 111.6 133.1 154.3 153.4 182.7 132.1 140.8 217.1 246.4 202.9 236.9 299.9 329.4 226.9 155.8 255.2 269.4 173.6 116.8 98.9 108.1 114.5 133.1
