Data/GIS/Movement/bfa-mvmt-travel-tail.asc
ncols         173
nrows         126
xllcorner     224227.65281
yllcorner     1039207.04677
cellsize      5000
NODATA_value  -9999
[rows 35 to 69 of 126, columns 80 to 159 of 173]
169.9 133.8 115 116.8 132.9 177.1 249.3 234.1 149.3 128.1 114.1 147.3 174.6 190.9 196.6 213.2 174.8 167.4 235.8 187.5 206.8 245.2 225.4 166.3 125.4 115.7 139.3 170.9 153.8 122.5 148 204.1 269.9 313.9 237.9 206.6 168.1 140.6 174.7 132.4 96.7 101.5 97.9 79.3 73.2 60.2 60.6 65.4 74.5 86.5 121 152 145.3 124.5 103.7 97 94.4 87.5 82.4 71.3 67.2 56.5 48.7 45 -9999 -9999 -9999 -9999 -9999 -9999 -9999 -9999 -9999 -9999 -9999 -9999 -9999 -9999 -9999 -9999
202.1 159 116.8 107.8 120.9 145.2 226 261.2 214.3 155.6 123 159 181.2 207 190.6 203.3 259.9 255.1 300.5 266.2 273.7 212.2 194.1 172.2 153.5 145.4 157.3 147.2 191.4 163.7 193.8 276 219.8 322.3 194.6 231.6 211 197.4 171.8 117.9 116.9 112.3 88 72 68.1 64.2 71.3 76.4 86.4 101.7 138.6 146.1 132.9 121.6 110.9 98.3 84.9 74.8 66.1 74.8 72.7 64.9 59.1 55.4 49.8 -9999 -9999 -9999 -9999 -9999 -9999 -9999 -9999 -9999 -9999 -9999 -9999 -9999 -9999 -9999
212.5 172.7 129 138.2 155.3 167.3 237 270 238.6 172.1 144.8 153.1 196.1 193.8 225.6 252.4 274.2 307.2 221.5 224.1 214 180.8 177.9 182.1 195.9 180.2 147 141.7 193.5 206.7 259.2 212.6 186.9 337.9 212.8 251.3 238.8 220.9 177.5 150 128.9 102.9 98 90.4 72.3 70.4 78.8 95.2 109.3 117.7 136.9 113.1 104.7 103.5 110.1 96.3 84.7 75.9 69 71.4 68.5 58.2 61.2 54.9 47.5 54.3 -9999 49.9 -9999 -9999 -9999 -9999 -9999 -9999 -9999 -9999 -9999 -9999 -9999 -9999
251 238.2 197.2 197.7 242.3 219.2 270.8 317.1 305.7 290.6 260.8 214.1 203.4 215.9 185.1 287.5 347.3 286.8 187.3 229.8 191.2 166.5 164.5 172.6 214.1 165.3 165.8 175.2 201.9 257.6 208.8 143.7 171.1 295.5 342.5 340.5 298.9 231.3 152.5 146.1 117.3 120 135.2 103.6 79.1 81.1 97.7 114.3 110.5 117.1 116.5 115 88.6 93.4 95.5 93.5 97.8 89.5 86.8 73.5 67.8 50.5 -9999 -9999 -9999 43.4 -9999 -9999 -9999 -9999 -9999 -9999 -9999 -9999 -9999 -9999 -9999 -9999 -9999 -9999
180.2 211.1 259.3 268.4 280.4 258.4 295.5 321.5 271.3 272.1 340.1 283.6 259.3 266.2 188 220.1 317 320.3 255.8 249.9 214 206.4 222.7 207.4 256.7 233.4 256.7 254.7 242.1 249.7 208.6 158.7 202.8 313.8 493.5 462.9 388.7 220 133.7 133.7 184.5 169 153.7 110.3 86.2 80.2 103.5 100.9 90.9 98.5 97.2 101.6 103.5 88.4 90.9 82.4 80.4 85.4 82.2 83.3 73.1 62.3 -9999 -9999 -9999 -9999 -9999 -9999 -9999 -9999 -9999 -9999 -9999 -9999 -9999 -9999 -9999 -9999 -9999 -9999
193.5 198.6 241.2 246.5 225.1 200.4 239.5 280.6 210.9 183.1 223.7 309.7 347.5 424.8 294.3 229.3 384.3 447.9 406.7 225.5 242.9 251 252.2 272.8 329.1 277.1 230 176.6 158.2 181 252 226.7 283.8 257.4 297.8 573.5 455.8 218.6 170.1 191.8 204 148 140.3 110.7 91 79.9 96.2 100.1 82.7 78.8 75.2 82.1 93.1 89.5 69.5 72.4 75.2 73.1 70 70.3 73.5 65.7 -9999 -9999 -9999 -9999 -9999 -9999 -9999 -9999 -9999 -9999 -9999 -9999 -9999 -9999 -9999 -9999 -9999 -9999
188.1 185.3 177.1 172 207.5 234.3 237.9 289.1 200.8 164.3 167.8 181.8 223.5 371.6 484.7 312 280.2 340.5 417.5 266.3 283.5 290.7 304 368.4 301.8 225.5 149.6 126.8 132.1 183.8 238 197 244.3 222.2 332.5 311.3 391 351.7 267.7 228.1 173.4 131.1 110.6 104.4 92.7 90.3 104 105.1 91.8 73 73.5 79.5 92.4 88 79.3 63.6 64.3 64.3 63.5 64.4 54.9 54 -9999 -9999 -9999 -9999 -9999 -9999 -9999 -9999 -9999 -9999 -9999 -9999 -9999 -9999 -9999 -9999 -9999 -9999
178.1 189.6 143.1 160.2 191.8 227.1 237.9 296.3 247.9 216.5 201 199.7 213.3 322.5 394.1 593.3 442.2 484.4 458.3 330.2 418.9 373.4 439.7 288.1 248 194.1 134.4 139.6 173.2 203.4 219.8 196.2 211.1 247.6 273.1 182 256.3 372 205.8 147.6 138.9 116.3 89.2 86.9 92.2 102 111.2 106.2 90.6 76 65.8 66.4 73.6 80.1 81.7 76.1 66 64.8 64.6 59.7 46.7 47.1 -9999 -9999 -9999 -9999 -9999 -9999 -9999 -9999 -9999 -9999 -9999 -9999 -9999 -9999 -9999 -9999 -9999 -9999
168.7 202.4 162.9 178.1 233.4 245.5 278.3 294.8 240.9 227.8 215.8 290.3 267.3 320.1 298.6 422.3 820.5 882.9 487.9 501.1 483.2 335 394.1 324.5 244.5 193.7 142.3 175.5 177.9 203.5 228.3 173 187.7 235.3 207.4 193.7 330.7 268.8 156.1 118.1 110.7 117.7 113.9 111 131.2 128.9 106.1 96.8 84.4 71.3 57.9 56.1 64.5 66.2 66.9 65.8 67.4 66.8 61.3 56.3 50.7 44.8 -9999 -9999 -9999 -9999 -9999 -9999 -9999 -9999 -9999 -9999 -9999 -9999 -9999 -9999 -9999 -9999 -9999 -9999
236.9 233.6 217 221.7 228.7 277 269.8 291.9 194.5 258.7 197.7 282.4 340.6 359.1 503.4 575.3 903.6 1144.6 691.8 498.9 311.6 225 351.3 266 250.4 241.3 197.8 177.9 132.7 151 217 196.4 202 229 189.4 190 338.2 289.8 225.3 143.3 113.7 128 142.1 143 134.8 108.8 92.5 93 85.7 71.7 54.2 53.3 58.4 60.1 60 64.8 75.3 69.2 61.4 56.7 55.7 52.8 -9999 -9999 -9999 -9999 -9999 -9999 -9999 -9999 -9999 -9999 -9999 -9999 -9999 -9999 -9999 -9999 -9999 -9999
283.2 278.7 271.9 251.9 260.6 280.7 327.3 288.3 234.2 330.2 306.3 373.9 489.3 479.2 355.5 512 559 685.8 581.1 613.6 301.1 203.6 324.9 222.1 179.2 196.2 179.9 149.2 118.6 142.4 221.1 203.7 189.6 228.3 189.5 211.7 300.4 415.7 268.3 163.1 137.2 151.5 159.7 169.8 127.9 94.3 81.2 76.4 83 80.6 73.3 69.1 67.7 70.3 69.6 74.2 76.5 74.2 66.4 56.2 60.9 59.7 -9999 -9999 -9999 -9999 -9999 -9999 -9999 -9999 -9999 -9999 -9999 -9999 -9999 -9999 -9999 -9999 -9999 -9999
233.8 294.6 274.6 308.5 304.7 339.3 360.1 382.6 401.4 413.5 451 518 393.7 257.6 197.3 317.5 572.1 496.5 412.1 437.5 472.2 279.6 324.6 264.5 150.3 141.9 134.3 133.3 147.1 167.7 215.5 228.5 239.4 252.5 278.8 353 431.1 574 314.5 236.4 193.1 211.2 174.4 129.5 116.1 93.3 79.6 85.4 83.8 89 82.9 77.6 83.1 87.7 80.8 77.3 89.8 80.7 61.3 64.4 65.5 63.7 56.9 50.4 45.2 35.1 -9999 -9999 -9999 -9999 -9999 -9999 -9999 -9999 -9999 -9999 -9999 -9999 -9999 -9999
177.4 224.9 255.4 252.8 217.2 281.6 281.2 347.9 285 266.2 293.5 334 318.3 226.1 212.1 283.1 543.7 459.1 380.1 372 342.6 438.4 378.9 264.8 175.3 191.6 205.1 200.6 198 215.1 238.9 207 201.8 189.3 249.1 316 341 471.5 353.7 291.9 251.4 171.9 139.7 103.4 88.6 90 101.5 98.3 94.6 89.8 97 94.5 92.5 107.6 89.5 88.8 96.3 83.9 75.1 73.9 63.8 57.1 49 46.9 39.8 38.9 36.6 -9999 -9999 -9999 -9999 -9999 -9999 -9999 -9999 -9999 -9999 -9999 -9999 -9999
141.8 175.1 221.5 238.5 214.8 216.4 314.4 383.6 226.7 181.9 197.1 287.1 323.3 212.2 295.1 328.5 346 558.1 371.9 295.1 284.4 257.6 369.4 353.3 303.2 295.5 250.5 213.2 187.8 233.1 210.9 197.7 184.7 174.4 226.5 217.1 215.1 376.4 248.8 193.8 218.7 150.6 107.9 89.7 78.6 87.7 102.6 124.9 113.4 105.4 105.5 101.8 120.2 104.3 100.8 94.9 83.9 83.3 81.8 71.8 68.3 59.4 51.1 43 45.1 44.7 48.6 49.5 -9999 -9999 -9999 -9999 -9999 -9999 -9999 -9999 -9999 -9999 -9999 -9999
179.9 227.2 205.1 246.2 274.5 253.8 337.7 397.7 319.2 234.5 224.5 269.6 257.3 248.5 266.6 243 317.1 527.4 316.1 263.1 297.9 251.5 279.6 296.5 291.8 302.7 302 233.5 220 247.1 194.4 157 203.1 187.3 215.1 186.4 203.6 352.5 213.3 173.9 207.1 129.9 97.7 86.2 99.2 93.1 91 106.6 124.2 125.5 104.8 110.2 119.7 120.1 99.4 86.5 77.3 83.4 68.2 68.6 71 62.5 55.4 54.8 47.3 58.2 56.7 53.6 52.6 -9999 -9999 -9999 -9999 -9999 -9999 -9999 -9999 -9999 -9999 -9999
310.5 280.8 251.7 300.1 299.6 384 378 423.5 291.5 226.3 199.1 272.6 267.1 247.5 263.5 309.3 391.2 496.6 423.1 390.1 377.3 368.4 336.1 258.8 262.2 240.4 248.3 286.8 244.4 276.5 170.3 138.2 199.3 234.1 218.8 206.5 191.7 327.7 257.5 230.2 167.7 120.8 109.7 117.7 124.7 114 91.5 108 122.5 130.7 112.5 118.6 126.1 109.3 87.9 78 72.2 66.7 59.7 51.9 52.8 64.5 61 62.9 58.3 57.7 57.7 58.8 53.5 42.9 36.3 -9999 -9999 -9999 -9999 -9999 -9999 -9999 -9999 -9999
334.5 232.1 250.7 299.4 341.6 318.5 363.3 556.7 394.8 267.2 222 279.1 323.1 252.6 308.2 467 382 394 310 274.5 229.4 297.8 272 321.7 282 274.1 212.6 295.9 262.4 259.7 161 199.1 216 273 264.2 259.9 226.2 340 288.8 225.9 185.2 152.9 138.5 144.5 124.4 101.6 104.5 127.8 138.1 139.9 141.8 134.3 142.8 100.7 77.1 65.8 65.1 60.4 59.4 65 58 63.5 65.7 67 63.8 71.5 59.5 61.9 59.5 41.8 40.5 44.9 -9999 -9999 -9999 -9999 -9999 -9999 -9999 -9999
384.9 213.3 244.8 311.1 353.3 276.6 338.7 507.3 273.5 266 302.9 401.5 330.4 393.5 481.7 365.6 263.8 351.6 260.1 231 221.2 232.7 253.6 221 214 281 258.2 282.1 321.3 245.3 238.8 264.5 250.3 295.7 291.3 291.3 314.1 342.5 281.3 191.8 159.3 174.3 155.4 133.1 120.5 113.9 110.1 131.9 130 155.7 156.7 161.7 126.6 118.5 93.8 86 83.6 82.4 71 83.5 72.3 77.5 69 65.5 66.2 68.5 64.4 69 70.7 55.3 47.3 47.9 51.2 -9999 -9999 -9999 -9999 -9999 -9999 -9999
459 272.6 317.3 311.7 391.2 262 630.8 754.3 435.1 390.9 421.7 495.5 333.4 403.1 529.8 349.8 292.1 278 286.6 197 187.4 237.2 230.8 183.7 182.6 267.3 315.7 336.3 356.3 297.8 226.4 179.8 200.7 251.8 219.5 219.4 181.6 219.1 307.5 200.3 197.8 180.6 142.4 138.6 149.7 136.7 115.9 110.2 118.1 153.2 161.7 168 156.3 123.8 118.9 106.2 96.6 94.5 92.9 77.3 70.3 63.8 58.4 53.9 72.8 68.4 56.7 66 72.5 57.6 58.9 66.5 70.1 70.9 -9999 -9999 -9999 -9999 -9999 -9999
621.6 435 396.5 473.3 455.2 287.3 852 675.3 564.9 554.7 496.2 542 586.5 592.9 419.9 368.7 300.1 245.6 262.5 218.7 176.9 203.4 224 216.6 283.1 263.1 285.7 296.2 335.5 276.3 172.1 162.4 211.5 194.6 196.6 178.4 159.4 210.1 276.6 274.3 230.7 155.4 158.2 168.4 154.9 115.2 87.8 84.9 119.7 188.4 160.4 131.9 146.8 117.9 97.9 91 78.9 74 67.1 62.3 56.7 52.6 57.5 63.8 78.1 70.7 56 61.8 71.2 61.5 63.8 63.2 60.8 67.8 88.2 67.3 59.9 64.9 73.1 72.8
716.5 523.7 514.5 219.1 319.9 294.9 1366.2 710.5 695.1 605.3 729.5 832.1 975.1 620.7 389.9 338.1 291.7 251 260.1 193.7 194 173.2 220.9 175.9 279.9 206.3 208.7 233.2 270.5 355 232.1 189.4 224.1 181.9 181.3 148.2 159.3 156.7 185.9 267.8 263.7 169.1 198.5 181.7 137.6 103.8 79 70.9 116 178.2 129.3 90.7 107.1 132.1 117.5 89.7 73.3 77.7 77.1 70.1 59.2 66.5 69.7 63.5 82.9 73.8 60.6 61.8 76 66.9 58.5 60.4 69.2 67.4 79.8 62.2 68.6 89.7 79.3 67.1
609 919.3 964.5 344.6 421.7 422.3 583.1 332.7 388.3 756.9 1156.3 1122.1 798.5 571.5 357.6 375.7 284.3 294.6 243.5 167.5 182.9 207.9 250.3 212.5 254.1 270.1 210.7 243.4 254.5 392.6 316.3 290 251.5 205 186.7 131.1 132.9 141 218.9 267 250.6 239.7 215 161.3 115.9 92.9 76.1 75.1 113 195 139.8 89.2 72 86.8 103.8 109.6 105.4 94.5 96.5 87.7 87.1 86.6 67.6 64.3 88.1 89.2 62.9 63 83.7 80.9 67.8 70.4 88.6 87.4 88.3 83.6 86.4 69 71.4 54.9
403.7 670.5 975.7 398.4 379.1 355.1 769.2 653.2 526.6 3205.3 1713.9 420.6 399.5 939.5 708.2 553.6 418.3 354.1 267.6 234.4 205.8 212.1 192.3 274.8 296.1 254.5 247.1 258.1 283.8 340.2 392.9 305.2 225.6 262.4 181.4 133.5 158 197 268.4 208.2 164.1 163.5 194.8 226.2 161.3 133.2 88 83.3 122.4 205 129.5 85.8 67.1 76.7 74.9 84.5 93.2 82.5 90.4 102 111.7 103.2 83.8 75.9 104.9 87.3 65.1 58.3 84 98.5 93.4 100 99.7 93.1 93.6 81.2 64.9 53.8 59.4 45.2
312.9 821.2 851.2 1647.9 626.7 833.9 1411 2445 1390.2 999.6 492 518.9 399.2 447.2 398.5 503.5 298.8 297.9 321.6 245.4 201.7 211.5 176 207.1 316.5 319.1 271.9 280.3 254.9 298.8 419.7 299.7 225.1 284.1 174.1 147.7 234.2 322.3 296.5 170.2 125.3 110 135.2 216.1 227.5 140.4 101.6 105.6 146.3 210.8 120.7 100.7 98.7 98.8 97.7 89.6 87.3 80.1 65.8 77.3 91 107.9 110.2 98.4 114.4 99.8 93.6 83 95.4 110.5 82.7 85.8 93 77.2 83.3 90.4 75.5 57.5 47 52.1
513.6 722.2 344.9 399.9 698.9 1916.3 3031.6 3301.9 2935.6 2277.2 507.7 360.3 318.6 479.4 295.4 427.5 472.8 450.9 386.5 244.4 220.4 218.5 241.8 175.3 219.5 352.4 351 303.1 261.6 276.5 413.4 469.1 349.2 310.7 266.5 268.3 348.2 255 225.2 152.3 105.9 94.3 111.2 157.5 230.6 125.1 110 154 194 206.8 171.5 153.3 130.4 108.6 102.4 94.7 81.9 68.7 60.6 80.7 109.5 111.3 129.8 137.7 113.6 101.7 106.6 111.1 96.2 98.4 96 72.2 82.8 69.6 61.9 81.3 88.7 70.9 52.3 48.3
300 198.7 344.2 383.6 500.2 1374.3 3224.2 3518.7 3131.5 1403.3 518.2 292.5 264.3 398.1 337.9 378.4 345.8 375.5 442.8 307.4 255.8 263.8 284 230.5 240.1 299.5 413.7 325.3 303.6 371.3 474.2 633.3 404.2 424 446.7 392.1 255.8 190.6 190.6 161.4 111.9 111.8 135.5 162.9 244.9 165.9 137 195.7 248.8 142.9 119.4 106.9 108.8 103.3 85.4 91 90.1 73.6 67.5 81.5 89.6 110.5 138.3 115.7 106.8 87.1 72.1 73.8 70.9 65.2 81.9 73.3 64.6 64.2 54.8 70.5 86.6 78.1 56 49.6
446.9 238.3 355.4 491.5 724.5 1084.9 2951.6 3147.6 2799.7 872.4 416.8 277.9 240 178.6 217.4 255.8 282 281.6 294.9 304.3 350.9 354.4 363.2 275.2 290.7 253.2 374.4 321.8 277.3 381.1 430.8 785.8 575.6 599.6 442.4 214.4 216.6 196.1 194.7 143 117.3 150.4 183.8 179.1 205.3 264.3 201.9 273.1 262.5 178.2 149.3 135.4 121.9 99.8 90.2 73.6 95.8 94 74.8 87.8 113 137.2 117 89.6 72.1 69 64.8 54.8 50 55.6 66 67.6 49.8 46.5 46.1 59.4 74.7 81.3 70.8 53.3
483.1 422 340.8 491.5 388.1 517.9 951.4 1786.3 806.2 726.2 381.2 296.7 193.3 129.8 116.6 189.3 157.8 291 279.3 238.7 260.5 303 350.9 347.5 365.2 356.6 456.4 469.3 382 377 524.9 1406.9 545.3 484.2 346.7 258.4 196.2 220.6 231.6 177.1 148.5 166.6 165.2 154.2 147.1 246 265.3 251.5 281.1 142 130.2 98.7 93.5 121.5 87.7 69.9 94.9 110.3 101 77.1 90.1 148.2 114.2 80.2 66.2 69.6 71.7 69.6 62.5 53.4 52.6 47 44.7 38 44 50.2 62.2 77.7 86 67.2
605.2 318.4 393.2 351 384.1 388.5 456.8 711.9 341.3 479.2 394.9 326.6 232.2 176.1 151.7 142.2 140 222.8 224.8 229.5 278.8 297.3 312.7 265.5 315 342.5 378.9 438.2 392.2 559.3 532.3 698.8 654.1 591.6 379.5 288.9 290 297.7 272.8 205.8 195.8 203 212.8 187.9 218.8 171.7 163.2 320.1 294.6 134.2 92.7 93.7 114.3 131.9 91.4 70.4 72.9 103.3 137.4 98.6 120.1 156.3 138.9 109 95.5 104.4 114.1 91.7 75.5 64.3 59.9 54.7 46.3 44 41.9 47.7 58.7 69.3 80.4 80.6
473.8 299.7 293 294.3 358.2 350.2 446.4 1357.1 734.3 359.7 371.4 239.8 185.1 158.5 133.7 132 108.5 182.9 208.2 212.9 243.1 276.2 237.6 253.5 259.3 277.7 239.2 320.1 351.4 386.4 449.2 564.9 648.7 865 579.6 550.9 394.6 413.3 362.1 337.8 256.3 263.5 262.2 260.8 270.3 188.6 177.4 349.6 240.1 169.1 119.6 138.6 174.7 123.6 81.8 71 73.4 91.6 130.7 131.4 156.3 144.4 119.3 117.5 136.1 115.5 112.3 121.6 106.4 89.8 78.3 69.5 58.2 51.8 49.2 58.1 55.7 57.6 76.1 82.4
256.8 206.7 235.7 243.3 254.8 285.8 1128.5 728.2 989.3 680.9 326.5 719.6 392.4 217.1 162.8 140.6 131.2 144.9 186.5 201.7 221.5 214.4 224 210.2 273 236.3 204.2 288.2 295 235.3 205.9 324.3 675.4 463.1 394.7 370.5 314.1 317.1 339.8 286.4 224.8 288.3 311.1 304 348.2 340.1 326.5 317.7 438.5 241.5 214.6 212.3 157.1 101.9 90.8 97.9 97.7 121 161.5 146.8 118.3 119.2 115.4 105.4 94.6 88.3 101.5 91.5 95.6 108 114.2 95.4 72.8 69.9 63.1 71.5 71.7 79.9 82.6 90.5
197.7 308.3 328.5 186.8 407.6 573.4 924 673.2 582.9 481.4 508.8 790.1 521.6 375.1 221.8 183.3 179.7 144.2 184.2 192.4 192.9 171.2 201.7 182 236.2 225.8 253.1 262.8 183.1 148.6 166 329.1 498.9 377.9 326.9 275.4 264.6 282.8 252.2 250.3 252.8 235.9 177.1 186 256.1 267.6 282.5 502.3 743.2 486.6 445.4 301.6 166.5 137.2 157.2 170.9 173.5 185.2 161.5 102.5 79.7 75.3 82 88 97.8 88 89.5 87.6 91 81.3 98.5 112.9 97.9 73.1 73.6 75.8 76.7 86.4 91.4 97.8
233.8 243.7 194.6 224.3 359.3 555.8 688.4 404.2 379.6 418.5 489.1 461 590.4 451.7 339.3 279.2 199.8 130.9 142.8 173.6 153.7 170.8 188.7 195.2 221.6 221.8 210.2 240.6 162.7 131.2 175.6 313.3 395.6 430.8 314.9 291 244 257.9 219.1 238.1 203.8 153.3 136.9 137 225.4 239.6 272.7 290.3 373 356.7 283.5 244.1 278.7 248.7 218 168.1 143 131.6 158.4 108.1 78.3 65.2 60.8 63.8 68 68.2 66.6 70.7 71.6 70.1 78.6 98.5 106.5 105.1 95.2 97.9 94.8 101.1 98.8 97.8
232.2 240.6 261.6 281.1 330.7 349.2 464.3 411.9 331.1 308.7 354.9 388.6 487.7 409.5 280.7 258.9 179.5 122.9 114.5 134 158 152.8 152.3 195.5 197.5 186.8 205.2 219.1 224.3 154.9 204.6 302.5 398.9 362.4 306.1 300.2 240.9 191.9 183.5 200.1 210.2 168.7 150.9 122.2 173.9 178.2 162.7 265.8 220.7 314.4 223.5 188.8 213 196 127.9 95 89.1 88.7 116.6 128.6 97.6 77 62.7 53 48.8 54.1 52.2 52.5 54.7 63.7 81.7 95.7 89.6 102.8 115.1 114.7 105.9 110.4 105.6 96.3
169.2 163.2 205.4 231.7 225.7 286 421.7 470.6 319 243.8 309.2 322.7 443.5 338.3 264.7 184.5 171.2 149.5 120.8 137.7 188.5 150.4 125 153.7 181.7 154.2 169.8 185 236.6 271 319.3 392.7 465.1 351.8 313.4 213.2 197.1 212.6 206.9 175.9 189.5 141 112.6 116.7 117 116.7 157.2 214.7 159.4 302.6 220.4 175.2 187.3 137.6 96.8 68.2 66.1 72.8 86.8 93.8 109.2 90.2 65.2 52.6 44.4 38 44.1 49.6 46 60.6 77.2 88.1 81.8 91.4 97.5 109 109.1 106.5 113.7 98.9
