Data/GIS/Movement/bfa-mvmt-travel-stock.asc
ncols         173
nrows         126
xllcorner     224227.65281
yllcorner     1039207.04677
cellsize      5000
NODATA_value  -9999
[rows 35 to 69 of 126, columns 80 to 159 of 173]
168.6 139.8 116.1 110.3 139.7 176.7 247.5 219.8 153.9 128.8 120.3 140.1 178.1 190.6 195.5 212.1 171.1 159.2 215.4 189 214.9 249.3 217.8 169.1 126.5 113.2 142.4 172.9 163.7 134.1 147.9 199.1 267.7 303.9 239.9 213.6 156.7 138.7 170 130 101.7 108.6 98.4 83.4 66.2 66.4 62.6 65 75 100.8 124.2 147.4 142.9 119.8 102.8 95.3 100.8 86.6 82.4 75.3 65.4 54.3 51 46 -9999 -9999 -9999 -9999 -9999 -9999 -9999 -9999 -9999 -9999 -9999 -9999 -9999 -9999 -9999 -9999
213.3 159.7 122.8 106.8 120.3 153.1 216.9 253.9 219.2 160.2 123.6 162 179.1 208.6 191.9 213 264.6 253.8 302.5 250.5 269.3 217.2 193.9 179.4 154.4 143.2 157.6 148.6 186.8 165.5 198.7 267.3 226.8 339 209.3 222.5 208.1 201.6 172.7 124.4 117.4 109 85.8 74 61.1 68 72.6 83.2 80.2 100.5 138.2 147.1 134.7 128.8 119.7 98.3 82.8 73.1 64.6 79.6 67.1 64.1 61 53.6 56.6 -9999 -9999 -9999 -9999 -9999 -9999 -9999 -9999 -9999 -9999 -9999 -9999 -9999 -9999 -9999
220.7 172.8 136.5 138 156.4 170.4 219.7 266.3 236.2 167.5 149.7 149.8 199.5 191 231.8 251.3 270.4 305.5 210.4 233 224.6 173.8 181.2 189 183.8 181.6 148.3 135.7 197.3 203.1 256.1 202.9 183.4 326 223.7 249.5 241.2 220.3 181 155.7 127.1 105 101 87.2 74.6 67.3 86.4 95.9 104.6 119.9 134.6 121 97 107.6 110.2 106.5 89.8 79 73.5 69.3 69.3 58.6 56.8 50 46.1 47 -9999 48.6 -9999 -9999 -9999 -9999 -9999 -9999 -9999 -9999 -9999 -9999 -9999 -9999
234.5 242.4 193.8 204.9 239.6 213.8 270.9 310.1 305.9 281.3 259.8 213.1 219.3 221.6 175.1 289.1 355.7 273.5 186.7 236.5 193.1 177.6 168.3 180.2 220.4 163.8 159.4 169 212.8 260.7 193.1 146.8 174.2 304.7 351.4 338.9 294.1 228.9 155.8 144.5 127.6 118.5 139.4 106.1 85.3 77.3 96.4 112.1 116.8 119.3 119.5 103.7 86.5 90.1 98.5 93.1 89.8 91.3 79.4 72.3 65.6 55.5 -9999 -9999 -9999 44.5 -9999 -9999 -9999 -9999 -9999 -9999 -9999 -9999 -9999 -9999 -9999 -9999 -9999 -9999
174.9 203.7 258.3 271.3 277.8 267.8 291.8 328.1 269.2 280 343.9 283.1 252.1 273.7 183.9 218.5 319.3 327.2 249.4 263.4 211.5 200.9 226.8 202.6 267.5 234.6 264.4 268.6 231.3 248.1 200.4 163.7 197.4 317.3 484.1 464.8 390.2 218 131.7 144 173.8 172 152.5 112.7 82.4 75.2 104.7 98.1 94.6 93.6 101.3 102.9 99.4 87.7 86.6 79.9 80.6 80 81.1 80.9 73.8 62 -9999 -9999 -9999 -9999 -9999 -9999 -9999 -9999 -9999 -9999 -9999 -9999 -9999 -9999 -9999 -9999 -9999 -9999
194.3 206.9 241.3 251.3 243.1 198.1 247.9 284.6 214.3 179.7 227 296.8 339.4 437.3 297.1 223.2 382.5 435.1 407 220.7 238.3 243.8 253 267.9 310 285.8 220.5 180.1 158.7 191.6 243.6 220.8 285.3 261.3 302.9 565.7 450.9 227 175.8 185.3 204.3 146.4 139.2 113.1 89.3 79.4 94.3 98.8 88.5 79.2 76.7 85.8 99.9 77.8 72.2 71.9 69.8 72.2 69.6 70 70.2 66.8 -9999 -9999 -9999 -9999 -9999 -9999 -9999 -9999 -9999 -9999 -9999 -9999 -9999 -9999 -9999 -9999 -9999 -9999
194.9 191.5 180.1 173.2 212.6 232 235.9 279.9 210.4 162.8 165.5 178 223.7 371.6 469.5 314.8 270.6 333.4 408.2 286.1 281 285.4 299.6 358.2 304.8 237.4 148.1 127.9 144.6 181.1 234.3 210.2 238.2 214.5 324.2 310.2 406.5 357.2 266.8 223.2 182.5 132.3 108.4 101.8 90.4 89.7 102.1 108.5 94 74.1 69.9 82.9 91.1 89.9 76.5 69.2 63.5 62.4 75.7 66.4 61.9 55.1 -9999 -9999 -9999 -9999 -9999 -9999 -9999 -9999 -9999 -9999 -9999 -9999 -9999 -9999 -9999 -9999 -9999 -9999
177.3 182.2 149 147.7 195.4 221.4 238.5 305.1 247.1 220.4 199 198.3 217.4 317.8 401.6 602.2 432.2 486.1 452.1 345.5 415.9 380.9 436.5 299.6 240.6 197.4 137.1 141.1 177.3 214.8 231.7 194.8 210.5 246.9 264.9 188.4 249 369 213.2 153.6 138.2 113.6 97.5 90.5 88 108.8 114.6 109.5 83.6 81.4 64.1 74.2 72 79.1 79.3 75.1 63.4 64.4 63 57.8 47.1 47 -9999 -9999 -9999 -9999 -9999 -9999 -9999 -9999 -9999 -9999 -9999 -9999 -9999 -9999 -9999 -9999 -9999 -9999
168.3 200.7 176.6 183.5 233.3 253.3 277.6 298.5 244.6 217.3 211.6 272.6 271.8 323.2 286.2 404.4 829.8 882.5 498 497.3 486.6 323.7 381.7 326.2 247.2 194.4 147.3 178.1 180.9 203.7 223.6 166.7 185.4 235.7 194.6 185.4 329.1 277.9 164 120.4 111.4 116.6 117.1 112.2 136.1 127.5 104.4 90.7 83.1 70 57.2 58.1 64.1 67.7 66.2 71.3 65.5 67 60.1 49 47.7 47.7 -9999 -9999 -9999 -9999 -9999 -9999 -9999 -9999 -9999 -9999 -9999 -9999 -9999 -9999 -9999 -9999 -9999 -9999
235.6 230.5 218.4 232.7 225.4 276.4 278.7 275.4 198.6 259.1 203.2 281.3 339.2 355 503.7 566.4 896.4 1150.3 686.7 500.2 302.8 223.3 352.2 258.7 254.6 240.3 204.1 176.5 137.3 157.5 211.7 198.8 202 232.4 195.3 184.7 343.7 300 219.7 141.3 112 132.4 142.1 142.7 138 112.8 93.5 90.3 89.9 71.4 61.7 55.1 61 59.6 62.8 65.9 71.2 67.4 62.6 57.8 59.7 51.7 -9999 -9999 -9999 -9999 -9999 -9999 -9999 -9999 -9999 -9999 -9999 -9999 -9999 -9999 -9999 -9999 -9999 -9999
273.4 277.2 264.5 256.6 269.3 278.5 325.3 298.8 223.9 332.5 318.9 361 501.8 478.3 360.3 501.2 546 678 590.9 596.3 304.2 211.5 331.3 226.3 175.6 208.7 186.3 144.9 115.9 148.5 213 209.3 198.8 221.8 196.2 214.9 306.3 429.5 268.2 162.7 132.7 146.7 161.1 169.8 137 97.4 79.8 79.1 88.4 85.3 70.4 63.7 69.3 71.5 71.8 73.1 77.9 73.7 67.2 57.1 65 64.3 -9999 -9999 -9999 -9999 -9999 -9999 -9999 -9999 -9999 -9999 -9999 -9999 -9999 -9999 -9999 -9999 -9999 -9999
235.9 287 284 295.2 326.3 346.3 362.7 390.1 393.4 420.2 460 518.9 378.5 263.1 201.7 307.1 573.2 493.6 409.6 446.8 466.2 286.3 324.3 263.1 147.3 144.9 135.7 132.5 155 165.2 215 218 225.3 253.9 286.5 337.5 411.9 581.1 321.7 229.4 191.6 198.8 174.3 132.6 124 90.8 85.4 86.8 85 92.5 87.3 74.4 81.2 89.2 78.7 75.2 83.8 74.5 63.4 69.4 63.9 60.3 60.8 51.1 44.5 36.6 -9999 -9999 -9999 -9999 -9999 -9999 -9999 -9999 -9999 -9999 -9999 -9999 -9999 -9999
179 224 257.1 255.8 208.2 279.7 291.8 346.4 282.8 270 295.8 338.6 316.9 229.7 213.1 282.6 520.4 462.2 369.3 378.4 348.2 438.7 377.9 256.5 177.7 188.5 192.7 196.1 208.9 212 238 209.4 200.2 186.4 246.4 328.7 330.1 468.5 350.3 287.5 249.7 172.7 140 107.5 93.1 89.2 99.5 94.6 95 93.5 104 87.9 97.4 99.1 85.6 89.6 92.8 81 70.7 76.1 66.1 55.2 48.1 46.8 39.1 38.9 38.4 -9999 -9999 -9999 -9999 -9999 -9999 -9999 -9999 -9999 -9999 -9999 -9999 -9999
143 173.1 211.1 242.1 218.2 209.4 329.7 387.4 229.7 186.3 193.5 266.9 332.2 225.1 290.1 330.9 339.6 560.1 362.8 291 281 265.1 380.7 354 307.6 288.4 243.6 212.8 188.2 227.4 225.8 195.5 187.3 172 227.6 219.5 210.7 376.3 259.3 189.8 223.3 148.6 107.1 91.1 84 83.4 103.1 113.6 111.7 101.7 106.1 102.8 114.7 107.6 102.9 100.8 85.4 80.2 83.4 75.8 67.4 59.2 48.9 44.3 42.9 42.9 47.3 54.2 -9999 -9999 -9999 -9999 -9999 -9999 -9999 -9999 -9999 -9999 -9999 -9999
173.1 215.5 200.3 239.9 284.9 259.6 334.9 395.7 317.1 227.1 230.2 267.9 250.6 252 266.4 234.2 325.7 524.2 338.9 258.4 311.9 246.9 282.3 307.9 297.1 301.4 294 238 223.6 250.3 191.7 158.1 207.5 186.6 214.7 189.4 202.8 345.3 224.7 177.6 202.1 140.5 100.1 94.7 100.6 94.1 86.8 107.8 133.8 127.1 97.7 108.2 118.8 122.2 101.5 83.1 76.8 77.4 71.5 63.5 64.5 65.5 51.6 53.5 50.7 56.7 52.7 57.6 54.8 -9999 -9999 -9999 -9999 -9999 -9999 -9999 -9999 -9999 -9999 -9999
308.4 285.7 254.6 304.9 302.5 395.2 370.5 412.3 288.1 227.6 206 264.8 267.6 237.2 266.8 305.5 396.1 493.1 423.2 391.6 400.5 346.5 335.9 258.1 271.5 227.7 249.3 280 241.3 280.7 168.1 144 199.6 229.8 219 206.8 194.1 334.6 258.2 235.5 175.1 124.6 107.2 112.8 124.6 110 94.8 111 126.1 129.3 106.8 118.4 131.3 126.1 85.7 82.8 77.4 68.3 58.4 53.6 58 61.3 64.8 64.8 52.6 58.3 56 55.3 57 43.1 37.4 -9999 -9999 -9999 -9999 -9999 -9999 -9999 -9999 -9999
339.1 238.8 240.5 286.5 349.4 313 364.3 547.4 402.2 257.4 218.7 282.3 317.6 262.1 307.9 474.2 381.4 390.6 316.3 271.6 226.2 296 259.5 325.5 275.8 277.3 210.1 295.8 265.8 259.1 169.5 186.7 220.7 259.3 263 263.4 222.1 354.3 282.6 220 190.2 148.3 130.9 150.3 125.3 106.5 98.9 133.9 136.9 142.5 135.2 132.8 142.6 107.4 73.5 69.3 63.6 59.4 61.9 63.1 62.4 63.2 59.5 64.2 58 62.9 61.6 58.2 52 46.4 38.3 36.5 -9999 -9999 -9999 -9999 -9999 -9999 -9999 -9999
375.3 229.2 244.3 307.9 351.3 268.4 334.8 510.1 282.9 258.1 307.2 397.8 324 385.6 493.5 365.2 269.8 354 252.9 233.1 220 222.5 250.3 218.6 217.5 277.5 264.4 275.1 332.7 241.8 240 266.4 254.2 285.2 292.9 289 313.9 336.9 274.9 194.9 156.1 179.3 159.3 126.2 112.5 112.2 114.9 132.5 131.1 151.1 167.4 159.7 128.2 112.2 98.5 88.6 87.6 86.4 79.9 80.9 77 72.8 70.5 62.9 68.6 71.9 65.9 68.9 67 52.2 47.3 49.3 58 -9999 -9999 -9999 -9999 -9999 -9999 -9999
464.3 268.7 325.6 317.2 388.9 256 642.6 769.6 429.3 377.2 416.4 496.6 322.8 407.9 520.7 351.8 299.1 292.2 292.5 199.6 190.7 234.2 232.4 189.9 175.9 250 321.4 341.4 350.4 291.7 218.7 185.7 204.6 253 226.9 220.7 190.3 225.9 308.1 203.3 186.3 180.4 146.4 143.5 153.2 138.8 117.2 111.9 117.8 152.4 164.3 179.9 163.7 131.9 120.8 114.5 106.3 98.4 90.4 77.5 70.1 63.6 59.6 61.7 74 69.9 58.7 69.3 71.9 65.8 60.3 65.8 69.6 74.3 -9999 -9999 -9999 -9999 -9999 -9999
611.9 448.7 399.1 457.6 441.8 277.4 847.4 659.5 564.2 556.8 490.3 549 617.6 596 407.7 375.2 299.1 250.1 260 237.4 183 208 222.2 212.2 268.8 270 288.9 293 339 285.4 178.7 155.7 215 193.7 199 169.4 157.8 206.2 276.1 279.3 226.2 162 172 173.6 155 119.8 89.3 82.6 117.9 180.4 170.6 130.2 146.1 117.3 98.2 88.2 77.8 71.3 69.8 63 54.4 52 59.9 64.3 80.5 70.8 55.5 65 76.3 66.5 64.6 66.4 58.6 67 81.7 62.9 55.9 57.8 71.6 74.3
701.3 515.5 500.8 220.6 318.2 303.5 1337.2 703.1 692.9 603.2 729.7 810.8 962.6 634.1 384.3 333 295 245.5 257.6 190.7 193.5 175.3 228.3 183.8 269.3 208 189.9 224.3 263.3 357 236.2 196.6 233.6 182.4 179.1 153 156.8 158.3 189.6 259.4 255.1 170.8 191.6 187.9 139.4 107.4 71.2 75.2 110.9 178.2 139.8 94.8 103.3 124.4 119.9 93.4 74.9 68.3 76.7 66.4 60.2 63 68 63.8 84.7 75.4 61.8 60.4 80 65.5 58.3 60.7 75.5 78.2 86.6 66.4 70.4 78 78.4 72.5
612.9 910 985.2 341.5 415.4 425.1 583.4 339.3 382.2 752.5 1123.6 1108.8 783.9 568.8 345.1 382.4 287.9 294.9 251 159.6 188.8 206.3 247 212.9 242.9 277.2 216.2 247.2 256.1 382.2 321.5 286.4 247.6 209.2 187 140.4 128.4 142.6 214.3 269.6 248.9 247.1 225.4 159.9 110.5 92.2 74.3 79.3 111.4 180.4 129 89.5 78 85.6 107.2 112.8 97.9 98.3 96.4 90.3 77.6 80.8 67.5 69.4 93.3 84.5 67.9 59.2 80.8 78.9 64.2 73.3 84 86.5 81 82.3 84.5 74.4 72.6 60.4
396.5 666.5 960.9 407.6 379.2 350.6 734.4 627.3 543.1 3169.1 1675.5 416.2 409.3 932.4 703.4 547 423.4 352.2 266.6 233.9 206.5 216.4 191.6 282.2 309.1 251.8 245.2 259.8 282.4 333.2 391.4 296.7 210.7 255.5 188.6 131.2 164.2 200.6 273.4 202.8 166.7 173.1 195.3 226.2 163.3 132.6 90.4 80.4 114.3 203.3 132.2 82.2 73.7 70.8 79.4 89.2 99.2 80.8 87.5 96 112 106.1 84 87.2 110.3 87 64.8 61.5 79 101.4 93.2 96.7 95.6 94.3 93.2 82 63.3 58.9 60 53.2
319.2 804.2 847.3 1637.7 626 809.8 1403.8 2400.1 1372.3 970.4 491.7 524.5 391.8 442.1 389.6 504 300.6 297.3 315.3 239.1 198.6 212.7 178.4 210.9 317 315.7 285.9 291 252.2 287.2 428 292.6 221.2 284.3 184.6 149.6 219.8 329 294.9 170.8 117.1 108.6 143.4 223.2 218.1 145.5 96.7 100.3 140 218.5 128.3 102.9 97.3 96.2 94.3 83.6 82.9 71.8 69.6 74.7 92 109.8 107.6 102.8 117 97 90.7 88.2 89.4 109.9 88.4 79.9 99.7 77.2 79.4 90.8 76.9 58.8 47.8 50.8
510.8 736.4 356.9 394.5 677.1 1812.8 2944.2 3095.8 2786.8 2201.2 520.5 377.8 312 475.4 293.5 420.7 484 452.3 377.3 252.1 227.4 223.5 230.8 170.1 215.1 350.5 343.2 295.8 270.9 266.9 412 485.6 342.2 312 264.8 270.3 358.9 266.6 233.8 150.5 113 93.6 114.1 160.5 230.5 131.2 114.8 152.7 198.6 210.9 177.9 151.6 132.5 114.3 105.5 99.5 78.3 67.6 59.1 76 102.9 108.9 125.2 139.1 109.1 104.8 105.4 107.4 99.5 100.2 93.1 71.5 85.8 65 66.6 72.3 83.9 68.9 53.2 51
291.1 202.5 348.4 376.6 481.2 1345.3 3108.2 3338.5 2962.1 1373.2 512.6 294.6 263.4 397.9 337.1 390.2 342.8 378.6 443.2 308.7 264.1 268.7 269.3 233.1 248.9 303.5 403.8 303.6 304.9 359.6 469.4 632.2 406 426 443.1 394.5 259.4 188.4 178 158.5 106.7 115.7 138.8 167.6 233 169.2 135.9 198.9 249.8 148.3 123.1 105.9 107.8 104.2 86.4 88.6 85.9 76.8 62.6 77.1 94.3 103.4 130.2 106.4 108.6 89.3 74.8 75.4 70.3 71 88 75.1 64.8 58.3 54.7 68.9 84.9 70 55 47.8
456.3 238.7 358.5 481.5 718.4 1055.2 2801.1 2979.8 2684.4 866.2 418.7 283.5 233.9 192.7 222.2 267.7 276.1 291.9 296.4 304.1 347.7 356.8 354.3 275.5 288.8 241.8 374.6 332.1 278.6 385 421.1 772.8 562.3 605.1 428.1 222.3 218.6 191.9 203.1 146.8 110.5 152.5 192.4 187.4 218.1 266.4 203.2 274.5 269.8 182.6 155 137.4 127.5 98.6 84.8 73.6 95.6 90.6 79.7 82 124.2 131.3 126.2 81.9 69.7 68.1 58.1 56.9 50.4 53.7 62.6 60.7 56.4 52.2 48.1 60.9 76.3 81 64.1 55.1
464.6 407.1 332.1 491.7 390.1 530.9 904.5 1731.4 784.3 715.4 391.2 296.5 196.9 138.8 117 198.9 160.8 295.1 265.4 240.5 264.4 298.5 356.2 346.9 360.1 353.3 459.4 468.4 372.4 369.3 534.6 1399.2 525.7 493.4 346.4 255.9 196.5 233 228.3 176 144.5 176.9 173 152.5 148.5 250.9 272.8 253.9 276.8 139.7 134.4 98.3 98.4 108.5 86.5 69 89.8 111.4 106.2 79.9 98.1 142.4 116.9 80.1 70.5 72.2 78.1 63.5 59.7 55.5 56.4 53.9 43.8 42.1 38.3 48 60.1 86.6 80.1 66.9
607.2 334.1 389.1 339.2 379.3 371 431 698.3 338.7 484.5 396.7 312 236.8 174.6 156.7 142.4 143.3 220 232.3 232.9 281.9 286.3 301.8 268.3 316.7 336.5 373.8 439.8 392.5 547.3 524.3 694.2 656.6 583.5 368 290.1 294.2 299 270 200 198.1 204.7 225.6 188.3 213.2 176.8 174.1 326.9 293.1 132.6 95.6 89.4 111.1 137.8 96.7 68.3 70.1 105.1 133.1 103 118.8 153.7 141.4 116.4 98.1 110.2 109 87.4 70.7 65.7 59.5 55.3 48.6 41.4 44 49 54.6 62.4 80.8 78.6
482.1 308.2 288.6 299.2 371.3 349.2 435.7 1346.1 716.8 355.4 374.3 234.8 185.2 158 140 124.2 106.7 174.7 215.3 219.4 243.4 270.6 253.6 256.6 266.8 278.3 241.2 317.8 341.5 384.2 432 560.2 660.9 869.4 581.9 543 399.3 418.8 346.7 331.5 266.3 261.7 262.9 262.4 269.5 198.9 179.9 349 240.4 165.3 123 131.2 167.9 126.5 87.4 72.5 76 96.1 135.6 139 149.4 146.8 124.2 124.5 133.7 119.7 109.6 113.7 108 90.5 72.1 66.8 59.1 48.9 50.9 56.2 50.9 56 73.3 93
246.9 206.6 236 238.3 265.8 278.9 1107.6 736 1011.2 657.9 326.3 727 392 221.9 168.1 140.5 129 139.5 183.1 198.6 219.8 226.6 206.4 211.6 276.3 235.7 198.6 292.1 302.1 240.3 216.5 328.5 670.6 455.2 382.6 378.8 315 324.5 333.7 289.9 221.7 282.8 296.7 310 362.7 346.6 335.8 320.5 444.7 243.6 214.1 217.8 151.6 105.4 91 95.7 103.6 113.3 169.2 156.7 125.1 108.8 118 107.9 96.8 82.7 103.7 96.5 92.9 105.9 115.6 94.3 70.2 62.4 65.1 73.9 72.5 78.7 79.1 89
207.9 317.8 324.2 187.2 427.7 584.1 895.1 667.1 602.5 476.2 512.1 801.2 512.8 382.2 220.7 174.2 183.7 138.1 171.5 195.6 188.9 171.6 205.1 188.6 241.2 226.5 247.9 268.5 183.9 145.8 167.1 320 499.6 385 321.5 266.6 261.9 281.3 247.2 259 249 227.4 171.2 186.6 255.1 265.9 277.4 501.7 744.4 478.4 446.9 293.2 168.2 137.9 150.3 163.9 170.5 182.4 164.7 102.9 78.5 77.4 80.5 89.2 90.2 92.7 99.5 90.3 87.8 83.7 93.1 106.8 97.2 74.3 69 73.3 78.7 82.6 93.3 95.2
235 233.4 188.8 218.3 358.4 564.9 700.4 408.6 384 398.4 475 451.9 592 427.8 339.6 279.1 201.4 127.4 137.9 178.5 150.8 163.3 177.3 195.9 216.8 208.7 216 237.5 160.8 129.6 173.6 311.2 379.2 442.4 324.5 292.8 241.5 265.6 215.5 228.7 207.8 156 138.1 133 219.7 242.5 275.2 300.7 364.1 359.4 271.3 257.1 275.2 254.4 220.5 168.3 142.8 133.8 157.9 112.9 77.6 64.3 58 66.2 66.7 72 72.6 73.9 72.9 76.4 77.8 99.3 102.2 112.9 90.3 90.4 99.1 94.2 98 99.6
229.3 238.8 254.1 267.1 328.2 341.3 442.8 417.4 324.7 300.3 338.5 370.3 494.3 421.1 283 263 177.1 118.6 110.3 128.8 155.1 154.5 155.1 192 188.8 189.1 203.5 212.9 221.4 157.5 197 298.9 394.9 340.3 312.3 282.6 230.5 188.8 195.1 206.4 200.2 177.3 146.8 122.6 179.7 179.1 167.3 256.5 223.4 321.4 232.4 192.5 210.5 195.2 124.1 95.8 82.3 88.6 114.8 132.2 93.7 77.3 63.4 57.3 50.7 50.8 52.8 56.6 54.5 57.5 82 98.7 91.7 105.9 111.4 112.7 104.1 107.7 108.2 99.8
170.1 171.8 202.4 241.5 221 288.5 414.4 474.6 311.6 251.4 314.7 329.3 440.2 337.1 263.2 186.8 168.2 157.6 119.8 145.9 185 154.6 129.3 160.4 187.2 152.7 173.2 179.6 223.9 266.7 321.4 374.2 480.3 342.1 322.3 206 184.5 205.7 192.2 181.3 193.6 135.7 104.3 114.6 116.1 112 153.9 219.3 163 313.1 214 174.2 181.9 135.6 94.1 76.4 66.4 79.2 85.8 98.7 105.1 90.7 66.1 49.2 42.3 44.5 41.6 45.5 50.9 54.2 76.1 88.5 82.1 90 97.9 105.3 106.2 110.1 114.8 95.3
