Data/GIS/Movement/bfa-mvmt-marshall-stock.asc
ncols         173
nrows         126
xllcorner     224227.65281
yllcorner     1039207.04677
cellsize      5000
NODATA_value  -9999
[rows 0 to 34 of 126, columns 79 to 157 of 173]
-9999 -9999 -9999 -9999 -9999 -9999 -9999 -9999 -9999 -9999 -9999 -9999 -9999 -9999 -9999 -9999 -9999 -9999 -9999 -9999 -9999 -9999 -9999 -9999 -9999 81.8 83.3 92 86.1 84.4 86 -9999 -9999 -9999 88.5 86.5 -9999 -9999 -9999 -9999 -9999 -9999 -9999 -9999 -9999 -9999 -9999 -9999 -9999 -9999 -9999 -9999 -9999 -9999 -9999 -9999 -9999 -9999 -9999 -9999 -9999 -9999 -9999 -9999 -9999 -9999 -9999 -9999 -9999 -9999 -9999 -9999 -9999 -9999 -9999 -9999 -9999 -9999 -9999
-9999 -9999 -9999 -9999 -9999 -9999 -9999 -9999 -9999 -9999 -9999 -9999 -9999 -9999 -9999 -9999 -9999 -9999 -9999 -9999 -9999 -9999 -9999 86.6 85.7 85.2 93.7 89.9 90.8 91.8 91 84.2 -9999 90.1 85.8 84.6 82.3 85.9 83.3 -9999 -9999 -9999 -9999 -9999 -9999 -9999 -9999 -9999 -9999 -9999 -9999 -9999 -9999 -9999 -9999 -9999 -9999 -9999 -9999 -9999 -9999 -9999 -9999 -9999 -9999 -9999 -9999 -9999 -9999 -9999 -9999 -9999 -9999 -9999 -9999 -9999 -9999 -9999 -9999
-9999 -9999 -9999 -9999 -9999 -9999 -9999 -9999 -9999 -9999 -9999 -9999 -9999 -9999 -9999 -9999 -9999 -9999 -9999 -9999 -9999 -9999 90.1 90.9 87.7 96.1 88.2 88.2 97 92.7 93.2 93.2 95.6 87.2 94.1 88.7 84.5 94.9 88.1 88.7 86.6 79 87.3 79.4 80 78.1 -9999 -9999 -9999 -9999 -9999 -9999 -9999 -9999 -9999 -9999 -9999 -9999 -9999 -9999 -9999 -9999 -9999 -9999 -9999 -9999 -9999 -9999 -9999 -9999 -9999 -9999 -9999 -9999 -9999 -9999 -9999 -9999 -9999
-9999 -9999 -9999 -9999 -9999 -9999 -9999 -9999 -9999 -9999 -9999 -9999 -9999 -9999 -9999 -9999 -9999 -9999 -9999 -9999 -9999 90.7 91.3 90.1 99.5 91.9 87.7 94.9 98.8 94.2 90.5 97.8 89.6 97.5 90.6 89.2 87.4 93 88.5 86.6 85.9 90.1 82.2 83.6 81.3 85.2 -9999 -9999 -9999 -9999 -9999 -9999 -9999 -9999 -9999 -9999 -9999 -9999 -9999 -9999 -9999 -9999 -9999 -9999 -9999 -9999 -9999 -9999 -9999 -9999 -9999 -9999 -9999 -9999 -9999 -9999 -9999 -9999 -9999
-9999 -9999 -9999 -9999 -9999 -9999 -9999 -9999 -9999 -9999 -9999 -9999 -9999 -9999 -9999 -9999 -9999 -9999 -9999 -9999 95 95.1 95.5 102.4 96.3 99 95.9 99.1 98.8 89.5 93.1 96.1 97.3 100 95.6 97.1 98.5 93.4 91.3 93.6 92 92.4 87.6 88 89.6 -9999 -9999 -9999 -9999 -9999 -9999 -9999 -9999 -9999 -9999 -9999 -9999 -9999 -9999 -9999 -9999 -9999 -9999 -9999 -9999 -9999 -9999 -9999 -9999 -9999 -9999 -9999 -9999 -9999 -9999 -9999 -9999 -9999 -9999
-9999 -9999 -9999 -9999 -9999 -9999 -9999 -9999 -9999 -9999 -9999 -9999 -9999 -9999 -9999 -9999 -9999 -9999 -9999 93.5 99.5 97.9 99.2 101.5 98.3 100.8 101 101.2 101.5 101.8 98.2 99.8 102.5 100.4 102.5 99 99.7 96.1 93.8 96.5 93.7 91.6 90 85.6 90.5 -9999 -9999 -9999 -9999 -9999 -9999 -9999 -9999 -9999 -9999 -9999 -9999 -9999 -9999 -9999 -9999 -9999 -9999 -9999 -9999 -9999 -9999 -9999 -9999 -9999 -9999 -9999 -9999 -9999 -9999 -9999 -9999 -9999 -9999
-9999 -9999 -9999 -9999 -9999 -9999 -9999 -9999 -9999 -9999 -9999 -9999 -9999 -9999 -9999 -9999 -9999 99.4 104.4 101.2 97.8 104.9 98.1 102.6 105.4 106.4 103.8 104.7 98.9 104.2 111.2 104.4 107.7 101.1 98.9 102 101.7 103.3 95.7 99.8 100.6 97.1 95 90.8 96.1 88.2 -9999 -9999 -9999 -9999 -9999 -9999 -9999 -9999 -9999 -9999 -9999 -9999 -9999 -9999 -9999 -9999 -9999 -9999 -9999 -9999 -9999 -9999 -9999 -9999 -9999 -9999 -9999 -9999 -9999 -9999 -9999 -9999 -9999
-9999 -9999 -9999 -9999 -9999 -9999 -9999 -9999 -9999 -9999 -9999 -9999 -9999 -9999 99.6 103.7 103.1 103.2 102.3 95.8 102.4 107.7 103.9 108.7 108 104.5 109.4 106.5 106.8 110.5 113.6 114.4 107.1 108.5 110.4 108.8 106 108.8 105.4 104.3 94.2 99.7 92.2 95 90.1 94 -9999 -9999 -9999 -9999 -9999 -9999 -9999 -9999 -9999 -9999 -9999 -9999 -9999 -9999 -9999 -9999 -9999 -9999 -9999 -9999 -9999 -9999 -9999 -9999 -9999 -9999 -9999 -9999 -9999 -9999 -9999 -9999 -9999
-9999 -9999 -9999 -9999 -9999 -9999 -9999 -9999 -9999 -9999 -9999 -9999 108.3 104.7 97 103.9 100.3 105.3 104.9 107.3 99.4 106.1 112.5 104.9 111.7 103.7 116.5 109.2 106.8 113.4 111.6 112.8 109 110.7 108.8 108.7 118 109.8 105.4 109.2 95.3 104.4 96.6 94 93.1 94.7 -9999 -9999 -9999 -9999 -9999 -9999 -9999 -9999 -9999 -9999 -9999 -9999 -9999 -9999 -9999 -9999 -9999 -9999 -9999 -9999 -9999 -9999 -9999 -9999 -9999 -9999 -9999 -9999 -9999 -9999 -9999 -9999 -9999
-9999 -9999 -9999 -9999 -9999 -9999 -9999 -9999 -9999 -9999 102.5 106.2 111.6 103.8 107.8 104.6 106.8 110.3 109.4 116.2 110.8 108.3 116.6 111.2 114 116.6 114.9 109.9 113.7 116.3 112.9 122.3 114.6 113 117.9 117.9 105.1 114.2 110.6 108.3 107.5 108.2 100.6 98.6 94.9 -9999 -9999 -9999 -9999 -9999 -9999 -9999 -9999 -9999 -9999 -9999 -9999 -9999 -9999 -9999 -9999 -9999 -9999 -9999 -9999 -9999 -9999 -9999 -9999 -9999 -9999 -9999 -9999 -9999 -9999 -9999 -9999 -9999 -9999
-9999 -9999 -9999 -9999 -9999 -9999 -9999 -9999 -9999 106.9 107.2 107.9 109.3 103.6 112.5 112.6 107.3 106.1 106.4 110.4 114.4 115.5 114.2 121.5 115.7 115.6 117.9 115.9 114.1 115.1 114.3 118.1 117.8 119.6 117.4 117.6 116.1 117.5 111.3 111.8 106.4 103.8 106.8 102.4 105 -9999 -9999 -9999 -9999 -9999 -9999 -9999 -9999 -9999 -9999 -9999 -9999 -9999 -9999 -9999 -9999 -9999 -9999 -9999 -9999 -9999 -9999 -9999 -9999 -9999 -9999 -9999 -9999 -9999 -9999 -9999 -9999 -9999 -9999
-9999 -9999 -9999 -9999 -9999 -9999 -9999 109.7 117.5 111.5 111.7 113.7 108.4 110 108.5 112.8 114.7 109 112.8 113.5 118 115.2 109.5 122.5 110.6 116.3 122.5 117.9 123.9 116.1 116 124.9 120.4 124.9 116.3 118.7 130.3 118.9 115.6 116.5 112.2 111.1 111.6 101.2 100.6 -9999 -9999 -9999 -9999 -9999 -9999 -9999 -9999 -9999 -9999 -9999 -9999 -9999 -9999 -9999 -9999 -9999 -9999 -9999 -9999 -9999 -9999 -9999 -9999 -9999 -9999 -9999 -9999 -9999 -9999 -9999 -9999 -9999 -9999
-9999 -9999 -9999 -9999 -9999 107.1 117.1 117 114.4 109.7 114.9 119.2 109.6 118.6 124.3 115.3 118.4 120.8 116.1 116.3 112.6 117.6 123.9 112.7 119.5 124.6 119.8 121.1 118.6 122.1 125.3 124.4 124.5 125.3 128.7 126.1 126.1 124.8 115.4 119.4 112.6 113.4 111.8 113.3 104.2 -9999 -9999 -9999 -9999 -9999 -9999 -9999 -9999 -9999 -9999 -9999 -9999 -9999 -9999 -9999 -9999 -9999 -9999 -9999 -9999 -9999 -9999 -9999 -9999 -9999 -9999 -9999 -9999 -9999 -9999 -9999 -9999 -9999 -9999
106.1 117 -9999 109.9 114.7 118.2 114.3 116.1 119.6 115.9 120.7 123.3 121.3 119.7 116.5 118.2 121.2 117.9 119.8 123.6 118.3 126.3 123.2 125.9 121.8 124.5 125.8 126.3 126.7 125.7 128.4 131.8 120.7 125.9 138.7 137.2 134.7 125.9 121.9 125.5 116.5 113.5 115.7 109.1 114.1 -9999 -9999 -9999 -9999 -9999 -9999 -9999 -9999 -9999 -9999 -9999 -9999 -9999 -9999 -9999 -9999 -9999 -9999 -9999 -9999 -9999 -9999 -9999 -9999 -9999 -9999 -9999 -9999 -9999 -9999 -9999 -9999 -9999 -9999
118 126.1 112.6 114.7 116.2 116.9 121 122.9 118.9 124.4 117 123.4 126.2 126.6 122 126.3 127.1 125.7 133.1 130.9 122.6 131.4 127.8 128.6 126 130.6 129.6 130.4 131.4 127.6 128.4 132.4 125.3 130 128.9 136.4 134.6 131.4 127.2 122.1 119.5 115 115.5 114 112 105.8 -9999 -9999 -9999 -9999 -9999 -9999 -9999 -9999 -9999 -9999 -9999 -9999 -9999 -9999 -9999 -9999 -9999 -9999 -9999 -9999 -9999 -9999 -9999 -9999 -9999 -9999 -9999 -9999 -9999 -9999 -9999 -9999 -9999
114.4 125 122.4 113.4 125.9 119.3 126.5 130.3 130.9 130.9 125.8 134.1 127.2 130 133.6 126.7 126.9 131.4 135 131.3 131.8 129.6 128.1 122.7 136 132.2 129.4 131.1 132.3 130.3 130.6 137.6 130.7 133.1 130.1 128.4 129 127.9 127.5 131.3 118.6 125.4 114.7 118.7 118.9 111.4 109.1 -9999 -9999 -9999 -9999 -9999 -9999 -9999 -9999 -9999 -9999 -9999 -9999 -9999 -9999 -9999 -9999 -9999 -9999 -9999 -9999 -9999 -9999 -9999 -9999 -9999 -9999 -9999 -9999 -9999 -9999 -9999 -9999
122.6 131.9 128.7 128.4 126.5 127.3 127.3 135.3 128.7 137.4 133.6 133.5 131.9 129.3 137.3 133.5 132 137 137.2 134.3 133.4 133.2 135.3 139.9 130.3 130.8 133.5 130.6 129.5 133.8 130.2 135.6 134 136.5 137.1 142 134.7 128.2 127.8 129.7 126.9 128.2 119.1 119.7 119.5 118.7 112.7 102.5 -9999 -9999 -9999 -9999 -9999 -9999 -9999 -9999 -9999 -9999 -9999 -9999 -9999 -9999 -9999 -9999 -9999 -9999 -9999 -9999 -9999 -9999 -9999 -9999 -9999 -9999 -9999 -9999 -9999 -9999 -9999
132.1 127.7 132.3 135.7 133.3 142 134.9 136 136.3 134.3 135 140.8 135.8 138.3 134.3 138.3 136.3 138 140.3 137.8 140.4 144.5 143.5 139.6 141.7 140.9 135.3 141.5 139.1 140 131.3 137 131.6 142.1 137.8 137.6 131.4 135.1 132.8 137.4 130.9 131.9 121.2 121.7 122.2 124 116.5 111.8 106.2 -9999 -9999 -9999 -9999 -9999 -9999 -9999 -9999 -9999 -9999 -9999 -9999 -9999 -9999 -9999 -9999 -9999 -9999 -9999 -9999 -9999 -9999 -9999 -9999 -9999 -9999 -9999 -9999 -9999 -9999
131.6 140 136 132.7 140.5 138.3 133.9 144.8 140.4 143.3 139.8 135.9 143.3 139.8 136.6 138.2 141.1 142.7 137.2 140.7 147.5 137.3 138.3 140.8 141.3 142.7 139 145.5 145.3 143 132.7 134.4 139.2 141.4 140.5 143.6 139.1 136.4 133.7 134.4 137.9 138.9 125.9 124.1 122.5 116.9 114 110.9 105.1 -9999 -9999 -9999 -9999 -9999 -9999 -9999 -9999 -9999 -9999 -9999 -9999 -9999 -9999 -9999 -9999 -9999 -9999 -9999 -9999 -9999 -9999 -9999 -9999 -9999 -9999 -9999 -9999 -9999 -9999
135.9 134.8 147.2 144.3 146.6 142.8 146.3 145.3 151.1 144.9 144 140.8 137.5 137 138.1 142.2 143.5 146.8 144.9 136.5 142.5 146 145.9 151.1 141.1 141.5 142.7 144.9 145.1 138.9 140.8 143.9 133.4 143.3 132.8 135.8 139.4 135 134.2 137.7 136.2 137 132.2 121.7 125.7 121.4 112.9 115.1 108.5 -9999 -9999 -9999 -9999 -9999 -9999 -9999 -9999 -9999 -9999 -9999 -9999 -9999 -9999 -9999 -9999 -9999 -9999 -9999 -9999 -9999 -9999 -9999 -9999 -9999 -9999 -9999 -9999 -9999 -9999
151.8 144.8 144.6 151.1 154.7 154.3 148 145.8 146.2 153.2 145.6 147.3 148.8 139.9 147.1 146.9 145.7 144.4 146.5 148.2 148.3 144.9 148.6 148.1 146.4 149.2 147 136 139.7 137.5 144 141.1 140.5 138.2 147.9 140.4 140.5 146 142.1 140.5 132 139.5 129.8 126.7 124.1 125 115.3 115.6 110.9 -9999 -9999 -9999 -9999 -9999 -9999 -9999 -9999 -9999 -9999 -9999 -9999 -9999 -9999 -9999 -9999 -9999 -9999 -9999 -9999 -9999 -9999 -9999 -9999 -9999 -9999 -9999 -9999 -9999 -9999
148 147.4 148.7 150.5 158.5 163.6 153.9 154.7 158.8 150.6 150.9 152.5 147.5 152.6 150.5 154.4 150.2 146.8 153.1 147 147 148.8 145 151.8 144.8 145.3 149.6 144.6 148.6 147.8 146.5 149.8 142 138.9 142 149.6 140.3 142.4 135.8 140.6 136.3 138.3 132.2 127.1 124.8 123.8 124.2 123.7 116.1 -9999 -9999 -9999 -9999 -9999 -9999 -9999 -9999 -9999 -9999 -9999 -9999 -9999 -9999 -9999 -9999 -9999 -9999 -9999 -9999 -9999 -9999 -9999 -9999 -9999 -9999 -9999 -9999 -9999 -9999
154.5 158.2 156.2 164.5 167 156.4 154.1 151.2 153.6 149.4 170.3 150.9 153.8 148.2 146.3 147.3 149.3 150.7 146.5 148.6 145.8 156.7 153.7 147.6 152.2 143.5 154 151.5 149.5 144.1 146.5 145.6 145.6 147.4 143.8 150 141.5 144.9 141.8 148.4 147.6 133.1 133.6 132.2 130.1 133 125.7 125 120.9 -9999 -9999 -9999 -9999 -9999 -9999 -9999 -9999 -9999 -9999 -9999 -9999 -9999 -9999 -9999 -9999 -9999 -9999 -9999 -9999 -9999 -9999 -9999 -9999 -9999 -9999 -9999 -9999 -9999 -9999
161.3 157.2 160.7 163.5 156.9 174.3 170.7 170.7 169.1 162.1 159.8 151.2 161.4 156.9 157.7 150.5 160.7 152.7 155.3 156.2 154.2 160.6 149.9 149.9 157.8 148.7 151.1 150.4 154.1 141.8 146.1 149 152.9 150.5 148 151.3 142.9 150.2 145.1 150.7 142.4 149.5 140.6 133 134.7 132.7 129 127.5 117.7 119.9 -9999 -9999 -9999 -9999 -9999 -9999 -9999 -9999 -9999 -9999 -9999 -9999 -9999 -9999 -9999 -9999 -9999 -9999 -9999 -9999 -9999 -9999 -9999 -9999 -9999 -9999 -9999 -9999 -9999
159.4 164.7 163.4 171.3 168.6 172.9 172.2 164.4 172.8 158.1 161.5 160.9 155.7 165.2 156 160.1 164.5 162.9 156.1 160.6 157.5 161.7 159 158.4 148.5 155.3 153.6 151.1 149.2 144.1 143.6 149.2 151 148.7 158.6 148.4 147.3 148.2 140.9 146.1 146.5 147 138.4 138.8 135.5 136.1 132.9 132.8 129.3 128.6 116.3 -9999 -9999 -9999 -9999 -9999 -9999 -9999 -9999 -9999 -9999 -9999 -9999 -9999 -9999 -9999 -9999 -9999 -9999 -9999 -9999 -9999 -9999 -9999 -9999 -9999 -9999 -9999 -9999
172.3 169.1 164.9 175.9 176.8 169 176.1 163.4 161.3 155.6 163.6 165.8 161.4 167.2 160.7 167.4 163.2 162.9 164.7 166 157.3 167.3 163.3 151.8 156.8 158.1 156.5 157.4 159.1 149.6 141.1 151.1 145.9 151.3 147 146.9 141.2 145.3 144.8 141.5 143.6 144.2 138.5 136.3 140.9 132.5 129 130.9 131.4 121.9 121.9 -9999 -9999 -9999 -9999 -9999 -9999 -9999 -9999 -9999 -9999 -9999 -9999 -9999 -9999 -9999 -9999 -9999 -9999 -9999 -9999 -9999 -9999 -9999 -9999 -9999 -9999 -9999 -9999
172.2 168.6 169.9 168.1 175.7 171.7 170 173.4 161.5 169.8 171.7 172.4 172.8 158.3 165.9 169.8 168.6 169.6 170.8 165 166.8 164.5 160.3 161.5 159.3 157.9 153.4 149.4 154.4 164.1 158.4 148.2 154.3 147.3 147.2 148 153.8 149.9 146 146 148.9 139.4 147.8 141.4 138.2 137.6 140.5 133.6 134.3 122.9 126.5 108.4 -9999 -9999 -9999 -9999 -9999 -9999 -9999 -9999 -9999 -9999 -9999 -9999 -9999 -9999 -9999 -9999 -9999 -9999 -9999 -9999 -9999 -9999 -9999 -9999 -9999 -9999 -9999
174 178.9 173.8 176.7 176.7 182.2 178.1 176.3 173 175.7 168.4 170 176.4 169.1 170 174.1 169.5 165.8 163.3 170.3 162.5 167.1 161.4 164.7 166.7 160.9 164.2 158.3 151.9 155.3 154.6 153.9 156.7 151 154.8 142 146.7 153 147.5 150.5 148.8 142.8 144.5 144.2 141.2 127.8 129.8 132.5 131.2 129.3 125.1 121.3 112.1 -9999 -9999 -9999 -9999 -9999 -9999 -9999 -9999 -9999 -9999 -9999 -9999 -9999 -9999 -9999 -9999 -9999 -9999 -9999 -9999 -9999 -9999 -9999 -9999 -9999 -9999
176.9 180.9 184.3 181.2 176.5 182.4 185.7 175 179.6 178.4 173.9 176.5 177.9 171.6 173.7 176.4 174.5 163.2 179.3 179.3 169.4 160.4 171.1 165.7 172 162.6 167.2 160 158.2 157.9 158.8 154.4 159.9 156.4 158.2 159.1 146.5 160.2 151.8 145.7 149.5 143.2 147.2 143 142.5 136.6 141.6 133.2 132 127.7 125 120.7 121.4 113.5 -9999 -9999 -9999 -9999 -9999 -9999 -9999 -9999 -9999 -9999 -9999 -9999 -9999 -9999 -9999 -9999 -9999 -9999 -9999 -9999 -9999 -9999 -9999 -9999 -9999
187.3 187.2 175.5 183.4 191 182.2 183.7 191 182.5 180.1 175.7 187.7 178.2 177.8 178.4 175.2 170.8 178.6 178.7 170.7 168.2 173.2 162.1 165.4 168 172 168.8 166.6 157.1 162.3 154.1 159.7 154.9 158.5 153.3 160.9 150.6 156.1 155 147.9 147.3 149.8 141.7 140.4 136.8 136.6 135.9 136.6 130.9 132.3 117.6 123.5 120.8 113.4 -9999 -9999 -9999 -9999 -9999 -9999 -9999 -9999 -9999 -9999 -9999 -9999 -9999 -9999 -9999 -9999 -9999 -9999 -9999 -9999 -9999 -9999 -9999 -9999 -9999
186.6 181.9 190.8 184.5 187.5 185.3 185.6 190.8 187.4 177.1 188.7 181.9 187.5 176 183.9 179.4 177.2 177.1 177.6 181.8 174.8 174.3 179.6 168.4 167.1 165 164.7 169.1 168.9 158.5 168.4 161.9 152.1 166 163.7 164.6 154.3 155.8 147.8 150.5 143.3 150.5 145.9 145.8 137.1 136.5 141.8 137.8 143.8 128 130.4 125.9 122.1 117.7 115.5 118.1 109.6 102.1 -9999 -9999 -9999 -9999 -9999 -9999 -9999 -9999 -9999 -9999 -9999 -9999 -9999 -9999 -9999 -9999 -9999 -9999 -9999 -9999 -9999
192.1 194.6 189.8 190 186.3 187.9 190.7 183 193.3 194.7 191.9 186.4 185 184.7 182.3 187.7 180.6 173 175 179.7 181 174.6 177.4 177.4 183.5 174.8 171.5 171.5 174 176.6 171.6 164.8 155.6 166.1 154.2 166.8 158.7 153.9 152.7 153.3 146.2 148.9 155.4 141.8 141.7 143.4 133.3 136.1 132.2 133.8 129.8 127 123.7 125.4 115.6 116.4 112.5 106.8 -9999 -9999 -9999 -9999 -9999 -9999 -9999 -9999 -9999 -9999 -9999 -9999 -9999 -9999 -9999 -9999 -9999 -9999 -9999 -9999 -9999
199.7 200.5 195.7 189.8 189.6 199.1 195.9 196.7 200.7 198.3 189.2 196.1 190.6 191.6 181.4 185.7 180.2 182.1 190.5 183.9 176.3 181.4 180.4 174.9 185.9 174.8 176 171.8 180.8 176.5 170.3 168.2 163.8 169.3 170.9 162.7 166 156 156.7 156 147.9 144.5 135.7 144 140.6 141.8 137.1 132.4 131.5 132.1 127 123.2 129.2 120.9 121.3 119.9 107.5 114.5 107.5 108.5 102.9 -9999 -9999 -9999 -9999 -9999 -9999 -9999 -9999 -9999 -9999 -9999 -9999 -9999 -9999 -9999 -9999 -9999 -9999
205 202.4 200.8 203 202 203.4 201.9 207 206.4 196.2 198.4 191.8 194.9 200.2 192.5 187.6 186.8 184.1 189 186.7 185.9 183.3 180.9 187.8 185.3 179.2 178.8 176.4 174.5 174.3 170.3 172.4 176.9 176.2 169 161 165.1 161.3 161.9 155.3 145.5 151.7 145.1 138.6 140.3 137.3 137 136.6 140.1 132.1 128.9 127.5 124.3 120.3 124.6 112.8 119.2 118.7 108.6 113.1 109 105.1 97.4 -9999 -9999 -9999 -9999 -9999 -9999 -9999 -9999 -9999 -9999 -9999 -9999 -9999 -9999 -9999 -9999
211.1 209.8 199.2 208.5 206.8 205 206.1 206.9 207.1 212.5 202.8 193.2 201.9 195.3 195.7 194.4 194.1 192.8 191 189.1 193.6 188.3 180.7 184.7 190.9 196.4 186.3 182.2 181.8 176.1 176.1 174.3 175.2 181.3 170.6 175.4 168.7 164.2 162.1 162.9 151.6 147.6 148.7 148.1 143.4 142.5 143.5 131.7 133.5 142.3 130.7 131.3 130.9 126 128.2 119.6 119 118.4 112.4 106.7 105.2 103.4 100.4 -9999 -9999 -9999 -9999 -9999 -9999 -9999 -9999 -9999 -9999 -9999 -9999 -9999 -9999 -9999 -9999
