Data/GIS/Movement/bfa-mvmt-marshall-tail.asc
ncols         173
nrows         126
xllcorner     224227.65281
yllcorner     1039207.04677
cellsize      5000
NODATA_value  -9999
[rows 35 to 69 of 126, columns 0 to 77 of 173]
-9999 -9999 -9999 -9999 -9999 -9999 -9999 -9999 -9999 -9999 -9999 -9999 -9999 -9999 -9999 -9999 -9999 -9999 -9999 -9999 -9999 -9999 -9999 -9999 -9999 -9999 -9999 -9999 -9999 -9999 -9999 -9999 -9999 -9999 -9999 -9999 -9999 -9999 -9999 -9999 -9999 -9999 -9999 -9999 -9999 -9999 -9999 -9999 -9999 132.6 130.9 135.8 132.9 134.7 149.5 147 149.8 157 164.6 159.7 163.6 180.9 181.8 189.1 191.9 202.9 214.5 221.9 218.1 228.5 211 217 206.2 210.6 211.4 208.9 216.2 220.5
-9999 -9999 -9999 -9999 -9999 -9999 -9999 -9999 -9999 -9999 -9999 -9999 -9999 -9999 -9999 -9999 -9999 -9999 -9999 -9999 -9999 -9999 -9999 -9999 -9999 -9999 -9999 -9999 -9999 -9999 -9999 -9999 -9999 -9999 105.3 -9999 -9999 -9999 -9999 -9999 -9999 -9999 -9999 -9999 -9999 -9999 -9999 -9999 -9999 124.9 130.9 136.5 135.6 143.4 144.9 149.5 155.1 154.1 156.8 165.5 168.6 176.9 173.9 195.7 197.8 205.3 208.3 211.9 210 219.2 218.8 213.8 215.3 216 218.1 217.5 223 206.8
-9999 -9999 -9999 -9999 -9999 -9999 -9999 -9999 -9999 -9999 -9999 -9999 -9999 -9999 -9999 -9999 -9999 -9999 -9999 -9999 -9999 -9999 -9999 -9999 -9999 -9999 -9999 -9999 -9999 -9999 -9999 -9999 108.5 115 -9999 -9999 -9999 -9999 -9999 -9999 -9999 -9999 -9999 -9999 -9999 -9999 -9999 -9999 -9999 130.6 134.3 140.7 134.2 146.4 155.1 152.6 155.8 162.8 161.4 168.2 164.6 176.9 181.6 195.3 197 200.4 209.6 211.9 207.1 211.7 211.7 203.5 224.5 216.4 225.6 221.1 224.4 222.5
-9999 -9999 -9999 -9999 -9999 -9999 -9999 -9999 -9999 -9999 -9999 -9999 -9999 -9999 -9999 -9999 -9999 -9999 -9999 -9999 -9999 -9999 -9999 -9999 -9999 -9999 -9999 -9999 -9999 -9999 -9999 108 112.1 112.8 119.3 116.1 116.4 112.9 -9999 -9999 -9999 -9999 -9999 -9999 -9999 -9999 -9999 -9999 -9999 -9999 132 138.9 144.7 153.9 152.6 152.4 159.7 162.3 171.6 172 178 190.7 187.4 189.2 196.9 201.5 197.3 206.2 207.8 211.2 218.1 210.6 221.2 222.1 219.8 220.7 225.8 227.3
-9999 -9999 -9999 -9999 -9999 -9999 -9999 -9999 -9999 -9999 -9999 -9999 -9999 -9999 -9999 -9999 -9999 -9999 -9999 -9999 -9999 -9999 -9999 -9999 -9999 -9999 -9999 -9999 -9999 -9999 -9999 113 116.8 119.9 125.8 118.7 115.8 113.4 113.4 -9999 -9999 -9999 -9999 -9999 -9999 -9999 -9999 -9999 -9999 -9999 149.5 147.4 153.4 156.5 151.3 152.2 163 167.2 166.8 166.6 175.8 180.2 178.7 193 201.2 199 217 216 215.2 225.9 220.6 224.3 224.9 219 233.4 221.9 225.1 229.3
-9999 -9999 -9999 -9999 -9999 -9999 -9999 -9999 -9999 -9999 -9999 -9999 -9999 -9999 -9999 -9999 -9999 -9999 -9999 -9999 -9999 -9999 -9999 -9999 -9999 -9999 -9999 -9999 -9999 115.7 113.5 120.7 116.7 120.9 127.1 126.5 118.6 119.4 124.2 129.6 -9999 -9999 -9999 -9999 -9999 -9999 137.4 137.2 138.3 146.9 148.3 150.4 150.3 155.9 157.5 158.7 168.6 165.9 167.5 181.6 184.4 187.3 186 186.4 200.2 196.1 208.8 212.2 212.2 222.7 218.5 227.3 238.8 227.2 222.1 230.4 232 231
-9999 -9999 -9999 -9999 -9999 -9999 -9999 -9999 -9999 -9999 -9999 -9999 -9999 -9999 -9999 -9999 -9999 -9999 -9999 -9999 -9999 -9999 -9999 -9999 -9999 -9999 -9999 -9999 107.7 112.7 122.9 124.3 125.3 128.9 125.4 127.4 125.5 124 129.9 121.1 126.9 135.5 -9999 -9999 -9999 -9999 146.7 138.9 142.5 148.3 153.1 153 156 152.9 156.3 159.4 168.2 164 178.3 185.3 188.3 179.6 190.2 189.6 197.4 209.2 214.1 215.6 222.1 226.5 227.5 229.1 233.1 234.7 231.5 233.4 234.2 236.5
-9999 -9999 -9999 -9999 -9999 -9999 -9999 -9999 -9999 -9999 -9999 -9999 -9999 -9999 -9999 -9999 -9999 -9999 -9999 -9999 -9999 -9999 -9999 -9999 -9999 -9999 -9999 107.2 115.2 119.9 130.1 129.4 129.2 128.3 129.7 124.3 132.5 129.6 135.3 128 131.9 126.3 139.1 -9999 -9999 -9999 153.9 147.3 150.2 154.1 151.3 153.4 150.5 158.2 161.6 170 158 180.5 172.8 178.7 179 184.3 194.1 191.4 201.8 204 210.9 220 224.8 225.4 232.9 236.6 229.2 232.3 236.1 234.1 241.6 239.3
-9999 -9999 -9999 -9999 -9999 -9999 -9999 -9999 -9999 -9999 -9999 -9999 -9999 -9999 -9999 -9999 -9999 -9999 -9999 -9999 -9999 -9999 -9999 -9999 -9999 -9999 108.1 115 116.9 122.6 126.2 128.3 126.6 134.7 133.7 136.1 124.9 131 134.8 138.6 135.7 141.7 138.9 139.7 145.5 147.5 143.2 145 146.6 153.4 158.1 154.1 157.5 155.7 163.9 173 164.9 176.4 181.3 181.7 201.9 191.2 203.6 197.5 198.2 205.5 220 213.9 224.2 227.1 224.8 241.8 228.7 234.1 229.9 241.5 244.6 244.7
-9999 -9999 -9999 -9999 -9999 -9999 -9999 -9999 -9999 -9999 -9999 -9999 -9999 -9999 -9999 -9999 -9999 -9999 -9999 -9999 -9999 -9999 -9999 -9999 -9999 -9999 -9999 116.7 121.6 119 132.9 128.5 135.2 139.7 127.7 136.4 132.6 136.9 134.2 141.9 138.8 140.8 142.6 149 148.6 154.3 150.8 157 153.2 158 154.6 164.9 160.5 156.8 166.8 176.3 172.2 174.8 183 180.4 193.6 185.5 192.9 197.8 207.7 202.2 214.3 215.6 221 230.9 239 239.5 238.8 238.8 248.1 242.6 242.9 246.4
-9999 -9999 -9999 -9999 -9999 -9999 -9999 -9999 -9999 -9999 -9999 -9999 -9999 -9999 -9999 -9999 -9999 -9999 -9999 -9999 -9999 -9999 -9999 -9999 -9999 -9999 -9999 114.5 118.9 127.3 131.6 131.2 136.3 126.1 134.6 139 133.1 132.4 131.6 139 137 149.5 144.7 148.8 144.1 150.2 149.8 157.7 159.3 161.6 156.6 164.8 162.7 167.6 173.4 171.3 177.8 180.8 183.5 171.8 183.8 187.2 198.9 199.2 202.4 209.9 208.4 219 225 237.2 240.7 238.6 237.3 245.2 248.2 246.8 243.1 258.4
-9999 -9999 -9999 -9999 -9999 -9999 -9999 -9999 -9999 -9999 -9999 -9999 -9999 -9999 -9999 -9999 -9999 -9999 -9999 -9999 -9999 -9999 -9999 -9999 -9999 -9999 -9999 -9999 121.9 128.4 137.2 139.6 132.5 128.4 132 136.7 135 141.7 142.1 130.7 142.7 143 148 147.6 152.8 146.1 157.3 154.3 155.2 162.6 156.1 164.1 170.9 162.4 172.1 181.3 178.6 177.4 189.7 190.6 184.9 189.1 199.1 208.1 202.3 213.4 225.1 215.7 223.7 238.7 228.7 245.9 243.5 249.7 254.6 259.2 242.6 256.4
-9999 -9999 -9999 -9999 -9999 -9999 -9999 -9999 -9999 -9999 -9999 -9999 -9999 -9999 -9999 -9999 -9999 -9999 -9999 -9999 -9999 -9999 -9999 -9999 -9999 -9999 -9999 -9999 128.3 128.6 134.3 136 136.7 136.7 137.6 136.2 134.4 142 138.8 142 146.9 149.1 143.2 147.6 152.9 154.1 149 157.8 159.3 163 167 170.1 166.9 169.9 181.1 179.2 179.5 179.5 185.7 184.8 178.2 191.5 196.5 195.9 203.1 215.7 215.5 222 221 232.3 234.9 249.4 246.1 244.5 246 243.7 255.9 253.2
-9999 -9999 -9999 -9999 -9999 -9999 -9999 -9999 -9999 -9999 -9999 -9999 -9999 -9999 -9999 -9999 -9999 -9999 -9999 -9999 -9999 -9999 -9999 -9999 -9999 -9999 -9999 -9999 129.8 129.8 131 138.7 138.4 134.3 136.7 139.9 140 142.2 145.5 148.5 156.5 149 153.6 155.3 152.8 155 154.8 163.7 161.1 165.1 160 164.5 167 175.5 182.7 185.9 184.7 181.1 188.8 188.7 186.7 202.3 197.1 206.9 208.2 218.3 231 226.2 230.6 237.5 238.6 243.9 252.3 245.4 245.6 257 256.3 260.9
-9999 -9999 -9999 -9999 -9999 -9999 -9999 -9999 -9999 -9999 -9999 -9999 -9999 -9999 -9999 -9999 -9999 -9999 -9999 -9999 -9999 -9999 -9999 -9999 -9999 -9999 -9999 -9999 124 128.7 139.1 138 135.3 137.9 146.2 141.6 148.3 146 143.5 154.4 142.6 148.8 141.2 157 150.2 158.9 164 165.2 166.7 159.7 161.1 166.9 177.6 177.2 179.3 171.2 175.5 183.9 190 190.4 186.8 192.6 204.4 212 209.6 209.9 223 223.4 232.8 235.7 241.4 242.5 248.4 246.1 247.8 262.7 259.6 266.3
-9999 -9999 -9999 -9999 -9999 -9999 -9999 -9999 -9999 -9999 -9999 -9999 -9999 -9999 -9999 -9999 -9999 -9999 -9999 -9999 -9999 -9999 -9999 -9999 -9999 -9999 -9999 -9999 127.5 130.8 132.1 135.1 141.7 138.4 144.6 150.3 143.9 146.3 156 150.9 148.5 146.6 152.5 151.8 150.1 153.8 164.4 156.6 163.9 165.4 164.2 168.8 175.2 171 173.2 175.9 184.3 190.1 191 194.8 194.3 197.9 203.6 203.8 212.3 211.9 222.1 231.1 230 226 229.3 237.9 250.7 248.4 262.7 255.9 269.4 267
-9999 -9999 -9999 -9999 -9999 -9999 -9999 -9999 -9999 -9999 -9999 -9999 -9999 -9999 -9999 -9999 -9999 -9999 -9999 -9999 -9999 -9999 -9999 -9999 -9999 -9999 -9999 -9999 127.2 133.2 139.2 144 146.8 140.3 145.2 147 152 152.1 148.5 149.6 153.9 151.9 146.1 152.1 157.5 161.2 157.7 166.2 163.9 167.5 166 168.9 173.4 174.9 181.1 184.7 185.9 182.2 190.9 194.3 199.2 200.1 201.5 221.7 206.5 226.7 224.2 231.4 235 232.5 247.4 249 252.6 256.3 255 265.1 268.6 281.6
-9999 -9999 -9999 -9999 -9999 -9999 -9999 -9999 -9999 -9999 -9999 -9999 -9999 -9999 -9999 -9999 -9999 -9999 -9999 -9999 -9999 -9999 -9999 -9999 119.2 118.4 -9999 -9999 125.7 135.5 143 138.3 138.6 152.5 142.6 148.4 147 148 162.8 152.4 151.3 152.7 159.7 163.3 163.1 162.8 162.9 167.1 169.7 170.1 162.1 169.2 173.6 179.6 190 185.1 180.9 191.2 203.9 189.6 196.6 205.7 204.1 210.4 217.8 218 232.1 221 243.4 238.6 245.2 256.9 248.1 263.5 268.8 275.2 271.7 282.8
-9999 -9999 -9999 -9999 -9999 -9999 -9999 -9999 -9999 -9999 -9999 -9999 -9999 -9999 -9999 -9999 -9999 -9999 -9999 -9999 -9999 -9999 -9999 112.8 118.6 126.3 124.6 126.6 133.4 138.3 143.3 138.7 139.8 153.7 151.1 148.1 159.6 157.2 156.4 154.4 152.2 150.9 158 160.9 158.6 167.7 167 167.8 164 173.4 171.1 172 176.1 175.2 179.1 176.9 188.2 188.7 193 200 194.2 205.3 211.6 204 219 227.2 226.5 235.5 235.3 234.3 246.9 247.1 251.3 254.3 262.4 275.8 285.5 285.1
-9999 -9999 -9999 -9999 -9999 -9999 -9999 -9999 -9999 -9999 -9999 -9999 -9999 -9999 -9999 -9999 -9999 -9999 -9999 -9999 -9999 -9999 -9999 111.4 117.4 125 132.6 124.1 129.3 140.6 137 141.1 148 140.7 149.8 149.8 148.5 155.4 151.1 156 155.4 155.4 160.8 165.8 163.1 169.7 170.2 167.3 162.4 167.3 172.4 173.5 178.5 176.1 181.3 182.8 187 191.4 192.2 201.8 204 196.2 201.5 219.5 216.3 218.8 226.4 239.1 238.7 248.8 250.8 260.8 253.2 264.3 273.8 289.4 282.4 291.7
-9999 -9999 -9999 -9999 -9999 -9999 -9999 -9999 -9999 -9999 -9999 -9999 -9999 -9999 -9999 -9999 -9999 -9999 -9999 -9999 -9999 -9999 -9999 -9999 119.5 120.8 130.5 141.3 129.7 139.4 139.6 149.2 147.7 144.1 149 150.2 151.8 161.3 152.2 158.4 152.9 165.6 157 163.4 162.2 168.8 176.8 170 175 171.1 178.7 178.3 179.8 176.8 184.8 184.5 180.4 193.4 195.1 198.6 199.2 204.8 200.2 214.2 212.2 223.9 230.3 241.8 237.7 241 247.6 250.9 255.5 275.7 275.2 273 291 287.6
-9999 -9999 -9999 -9999 -9999 -9999 -9999 -9999 -9999 -9999 -9999 -9999 -9999 -9999 -9999 -9999 -9999 -9999 -9999 -9999 -9999 -9999 -9999 -9999 -9999 122.6 136.5 136 142.4 138.6 139.3 146.5 144.5 143.3 152.5 151.3 158 156.1 151.9 158.1 159.2 163.1 168.8 168.8 164.4 175.5 174.7 170.5 172.6 179.8 179.9 176 176.2 179.5 177.3 183.1 184.2 181.9 200.6 194.9 200.8 205 212 222.8 219.1 225.1 230.1 233 244 249.3 249.5 249.1 248.9 264.6 267.5 287.5 292.9 302.5
-9999 -9999 -9999 -9999 -9999 -9999 -9999 -9999 -9999 -9999 -9999 -9999 -9999 -9999 -9999 -9999 -9999 -9999 -9999 -9999 -9999 -9999 -9999 -9999 127.5 135.5 138.6 132 135.8 140.6 144.6 146.3 150.2 152.4 153.7 155.6 160.6 158.1 158.4 164.3 154.9 160.4 167.1 164.7 172.6 175.6 178 176 170.2 166.4 182.5 176.1 180 186 174.6 185.9 192.6 187.7 189.8 199.1 207.5 206.7 204.2 214.2 218.4 222.6 235.1 238.8 240.6 249.3 255.4 259 264.1 260.1 280.2 278.7 304.5 312.3
-9999 -9999 -9999 -9999 -9999 -9999 -9999 -9999 -9999 -9999 -9999 -9999 -9999 -9999 -9999 -9999 -9999 -9999 -9999 -9999 -9999 -9999 -9999 -9999 127.3 131.7 129.4 132.1 145.2 146.4 141.1 144 149.6 151.2 154.7 155 156 154.9 163.4 159.6 166.4 157.8 164.6 174.9 171.2 175.7 185.2 175 173.9 173.5 183.9 182.8 176.8 179.4 183.6 191.7 185.4 198.3 191.7 198.6 204.8 205.4 219.4 215.7 222.9 242.6 239 248.2 251 259.1 252.5 258.1 266.9 274.1 280.7 290.8 295.9 309.5
-9999 -9999 -9999 -9999 -9999 -9999 -9999 -9999 -9999 -9999 -9999 -9999 -9999 -9999 -9999 -9999 -9999 -9999 -9999 -9999 -9999 -9999 -9999 -9999 130 135.1 140.1 134.7 136.3 148.8 149.3 148 155.4 158.7 152.8 155.5 156.5 162.4 164.8 150.4 162 165.5 166.1 170 171.9 174 176.7 174 175.8 182.1 177.4 181.7 181.7 174.3 187.6 188.2 191.4 193.6 194.8 195.2 211.1 218.5 208.9 226.4 229.9 236.7 245 251.8 252.8 260.4 266.2 263 274 273.7 282.5 294.3 298.2 311.4
-9999 -9999 -9999 -9999 -9999 -9999 -9999 -9999 -9999 -9999 -9999 -9999 -9999 -9999 -9999 -9999 -9999 -9999 -9999 -9999 -9999 -9999 -9999 -9999 135.9 138.7 139.8 145.6 149.9 142.6 147.4 156 158.3 158.6 159.8 164.2 158.6 158 167 164.6 162.6 166 173.7 171.6 172.6 170.4 176.2 174 176.2 180.8 168.6 181.5 180.1 183 180.1 186.2 184.4 191.5 190.5 188.4 210.7 206.6 215.9 224.2 228.9 234.1 241.4 249.3 256.4 265.1 267.8 269.1 288.5 289.4 285.2 292.3 305.2 314.1
-9999 -9999 -9999 -9999 -9999 -9999 -9999 -9999 -9999 -9999 -9999 -9999 -9999 -9999 -9999 -9999 -9999 -9999 -9999 -9999 -9999 -9999 -9999 134.6 130.6 139.2 139.6 150.1 148.9 153.3 154.1 156.4 162.8 158.4 163 157.7 162 165.6 166.5 166.4 174.6 162.7 169.9 166 176.8 170.6 181.9 174.4 173.3 176.9 184.6 179.7 179.4 179.5 177.8 185.7 183.8 189.1 194.2 197.3 205.6 211 209.5 219.8 222.3 235.7 245.4 250.8 273 275.7 266.9 271.4 285.4 274.3 283.9 294.5 305.1 315
-9999 -9999 -9999 -9999 -9999 -9999 -9999 -9999 -9999 -9999 -9999 -9999 -9999 -9999 -9999 -9999 -9999 -9999 -9999 -9999 -9999 -9999 119 125.3 134 142.7 142.1 148.6 153.2 159.3 159.3 154.7 160.6 164.6 168.6 156.8 160.5 160.1 159.2 165.3 172 169.9 170.2 167.2 168.7 187.9 177 175 180.3 179.7 180.6 177.2 181.3 192.2 183.3 188 192 183.7 196.2 200.2 202.1 211.9 216 217.1 231.3 240.3 242.9 254.2 273.1 268.9 280.6 266 269 285.2 274.7 288.6 311.6 305.6
-9999 -9999 -9999 -9999 -9999 -9999 -9999 -9999 -9999 -9999 -9999 -9999 -9999 -9999 -9999 -9999 -9999 -9999 -9999 -9999 -9999 124.6 128.2 139.5 138.8 146 138.7 154.1 148.8 163.5 166.2 165 166.3 164.2 166.6 167.4 165.8 168.9 168.6 164.3 164.7 168.3 179.5 166.7 168.9 168.7 177.9 179.5 179.7 180.5 186.4 183.1 179 183 179.8 186.8 178.7 194.6 194.8 196.1 200.2 205.8 208.6 211.4 229.2 226.1 234.5 251.6 262.3 270.7 268.8 279 274 277.8 285.9 286.4 292.8 297.7
-9999 -9999 -9999 -9999 -9999 -9999 -9999 -9999 -9999 -9999 -9999 -9999 -9999 -9999 -9999 -9999 -9999 -9999 -9999 -9999 -9999 129.9 135.7 140.4 143.7 148.6 153.8 146.2 158.9 158.6 169.6 167 163.5 168.9 170.3 162.7 173.8 159.8 168.1 158.1 170.1 164.1 167.3 172.3 165.9 175.5 173.1 172.6 179 186.5 184.1 179.4 176.8 173.5 189 187.4 188.6 191.6 187.4 197.5 195.5 211.2 212.7 219.3 228.2 237.5 239.5 245.3 255.4 263.3 258.1 263.7 270.8 281 284.5 287.2 292 298.2
-9999 -9999 -9999 -9999 -9999 -9999 -9999 -9999 -9999 -9999 -9999 -9999 -9999 -9999 -9999 -9999 -9999 -9999 -9999 -9999 -9999 138.6 143.3 143 144.5 150.1 147.2 164.6 156.1 164.3 172.6 163.2 166.9 166.4 162.9 162.1 173.6 170.8 161.6 167.2 173.9 169.9 166.4 164 166.5 169.3 181 171.4 177.3 169.7 184.5 193 182.2 187.7 179.1 184.9 189.1 191.4 179.1 194.5 196.6 199.9 205.8 210.3 220 224.5 236.5 250.3 243.5 238.8 256.3 258.8 262.3 273.6 271.6 273.3 280.8 289.5
-9999 -9999 -9999 -9999 -9999 -9999 -9999 -9999 -9999 -9999 -9999 -9999 -9999 -9999 -9999 -9999 -9999 -9999 -9999 140.9 137.7 147.7 139.5 147.3 154.8 155.5 156.3 166.5 169.5 168.4 165 181.4 170.3 159.1 167.9 172 169.9 168.2 171 165.7 166.1 177.4 171.4 175.8 176.2 172.3 184.1 176 176.7 179.8 175.7 186.4 183.8 188.8 182.9 185.7 188.2 186.6 189.1 187.5 208.3 201.1 209.3 214 215.6 217.4 231.8 233.2 234.2 239.1 250.6 258.9 257 257.6 263.3 267.5 280.8 292.3
-9999 -9999 -9999 -9999 -9999 -9999 -9999 -9999 -9999 -9999 -9999 -9999 -9999 -9999 -9999 -9999 -9999 -9999 133.8 142.2 145.2 143.7 145.5 151 151.6 157 162.6 164.2 163.6 177.9 170.2 170.6 166.1 175.2 164.3 166.8 164.5 171.9 163.1 172.2 169.7 177.5 174.4 169.3 178.8 178.9 181.1 186.5 173.1 174.6 185.7 180.5 183.4 178.2 181.5 187.2 193.7 195.7 192.5 190.3 196.8 194.6 200.9 205.8 205.1 217.4 231 231.4 237.1 238.1 245.9 261.7 258.6 254.8 257.5 265.7 270.6 266.3
-9999 -9999 -9999 -9999 -9999 -9999 -9999 -9999 -9999 -9999 -9999 -9999 120.3 123.9 121.6 125.9 127.1 135.2 142.2 153.2 149 151.3 158.7 156.8 155.7 166.2 169.8 164.7 173.3 172.3 165.3 171.7 169.1 167.8 167.3 167.6 172.5 169.4 173.8 178.7 171.4 166.8 169.6 170.1 179.1 177.2 178.8 182.1 178.3 181.2 177.1 178.3 187.9 181.9 178.3 178.7 187.6 193 182.7 182.6 196.5 195.1 201.4 205.7 201.5 214.9 224.9 221.6 220.6 229.6 235.2 237.7 256 254.3 262 248.3 250.4 259.3
-9999 -9999 -9999 -9999 -9999 -9999 -9999 -9999 106.3 107 111.7 120.7 128.9 128.7 124.5 134.6 130.4 139.7 146.5 150.5 153.6 156.6 154.4 159.5 173.2 165.3 166.8 158.7 175.3 171.4 169.6 166.6 167.4 166.1 170.3 168.6 172.1 164.9 178 172.9 171.1 174.9 174.7 178.3 180 177.8 182 181.4 190.3 181.9 178.6 182.4 176.7 187.5 182.3 186.2 191.1 193.4 196.6 189.9 192.1 195 202.2 202.6 218.3 212.2 216.8 222.2 218.6 225 234.7 227.8 233.4 238.4 256.3 254.3 257.6 265.7
