Data/GIS/Movement/bfa-mvmt-marshall-tuned.asc
ncols         173
nrows         126
xllcorner     224227.65281
yllcorner     1039207.04677
cellsize      5000
NODATA_value  -9999
[rows 70 to 104 of 126, columns 78 to 155 of 173]
250.1 258.7 261.7 267.2 271.9 262.3 272.5 280.9 287.3 280.4 287.5 280.8 280.3 274.1 267.3 279.7 261.4 269.2 263.8 264.7 256 256.4 246.8 253.1 250.2 248.3 246 257.1 252.1 250.1 244.3 236.3 239.1 248.8 233.8 221.6 222 219.7 218.3 205.6 208.8 210 204 191.3 187 172.4 171.2 174.2 168.2 170.3 162.3 149 147.2 151.4 141.4 145.2 137.4 132.6 133 127 124.4 123.4 122.9 117.3 113.4 116.1 105.4 112.6 112.3 113.8 112 112.2 106.9 109.4 116.7 116.7 123.6 119.5
242.1 250.7 248.9 257.8 255.3 266.3 258.9 273.4 270.3 272.4 263.2 265.7 269.7 273.4 273.5 272.9 270.4 257.2 261.6 251.5 251.1 248.7 242.8 248.4 243.8 246 244.4 248.6 243.3 246.2 245.3 245.6 245 240.4 234.2 234.4 221.8 219.9 215 211.9 205.6 202.1 204.4 185.1 186 181.7 181.1 167.7 168.9 160.4 167.9 157 150.6 153.3 148.6 143.9 144.5 124.4 128.2 123.7 125.1 122.4 119.6 117.2 114.7 108.9 118.4 113.2 109.2 113.5 107.2 110.4 109.4 110.3 115.2 116 119 122.1
233.3 246.4 243.7 250.7 256.2 258.9 258.5 258.4 252.4 247.9 254 264.4 253.4 254.6 258 258 259.7 245.3 255.5 241.3 245 249.8 237.1 242.1 239.3 248.7 248 247.5 245.9 242.3 241 238.4 236 244.8 226.4 227.3 217.9 213.4 216.7 206.1 211 199.2 196.4 187.4 190.6 187 179.6 167.4 160.5 161.9 154.8 154.4 152.1 150.1 141.3 140.2 135.3 132.3 128.2 127.7 124.8 123.8 115.1 115.6 115.3 117 111.9 104.6 105.5 117.2 118 109.7 112.2 112.9 115.4 112.9 118.2 119.1
236.9 228.7 230.9 240.6 238.4 247.6 242.3 241.8 242.6 248 241.7 247 249 253.7 248.5 246.1 251.7 246.6 241.7 246.9 236.8 250 242.8 230.3 242.4 239.2 239.5 242.8 243.2 240.6 248.5 240.9 235 236.3 223.9 225.1 216.3 212 208.2 210 199.6 199.3 197.1 191.8 189.3 184.8 177.2 173.2 159.8 161.4 157.5 151.1 152.5 149.2 139.6 142.4 129.9 129.2 123.2 124.2 126.7 121.8 115.6 117.1 112.4 108.1 109.9 108.4 107.7 109.3 112.2 111.1 111.3 112.6 109.3 122.2 121.6 115.9
230.7 224.9 229.5 227.7 232.6 239.2 234.5 236.3 232.6 243.5 242.7 235.5 242.6 239.1 239 246.3 249 237.7 244.8 238.3 241.5 234.8 230.8 231 228.2 234.4 240.8 234.7 226.7 237.5 226.7 226.5 234 226.4 225.7 211.9 222.2 213.1 212.9 201 195.6 193.9 190.7 194 180.8 181.7 181 178.3 172.6 161.6 157.8 159 150.5 144.3 139.8 142.4 125 131.6 122.7 118.7 115.4 121.9 113.8 112.4 106.2 110.8 106.7 102.6 109.5 107.3 110.8 104 110.8 112.8 109.7 114.1 119.2 116.7
225.6 217.3 226.1 226.7 230.2 228.8 218.7 229.5 235.3 233.8 235.3 220.9 230.9 225.3 230.4 233.2 240 238.7 239.4 233.2 240.9 231.4 229.7 244.1 222.5 231.3 214.3 219.8 222.7 228 218.3 230.2 223.5 213.5 212.7 212.8 206.9 204.4 205 199.2 193 199 197.9 181.9 184.6 182.3 176.9 175.6 163.9 159.3 161.2 156.3 159.5 139.2 141.2 138.7 128.1 124.9 124.6 124 119.3 117.1 115.4 110 112.8 108.8 109.9 106.6 103.3 105.6 104.2 107.9 111.9 104.9 112.5 115.9 115.6 115.6
217.8 219.5 213.5 226.1 222.5 224.6 213.8 230.3 217.8 222.3 227.2 220.4 230.2 221.9 232.6 222.5 233.6 236.1 235.4 233 234 232.6 227.9 216.9 219.6 220.9 221.3 221.1 220.3 217.5 215.9 216.4 219.6 208.7 209.9 207.4 202 201.6 206.9 201.6 186.4 190.9 187.8 186.1 182.4 178.1 167.8 172.8 161.2 163.7 152.3 156 151.7 148.9 133.6 127.7 128.4 124.5 126.6 118.1 117.1 123.3 111.2 110.8 107.9 105.6 108.1 108.5 104.9 109.2 103.6 108.5 109.4 106.9 118.3 105.7 109.1 109.5
211 212.8 218.7 224.4 225.1 216.6 212.8 219.6 212.9 217.9 211.4 215.8 204.8 218.9 216.1 217.3 226.3 218.9 221.6 235.1 233.5 231.7 222.2 220 216.6 208.4 217.1 208.8 211.4 216 213.8 215 221.8 206.3 215.2 203.4 196.2 195.4 190.8 192.3 188.3 188.7 187.7 189.9 182.5 175.9 174.6 162.2 161.1 148.5 154.4 144.1 147.2 146.4 136.9 135.9 131.8 131.1 120.1 121.8 118.6 115.1 109.2 112.7 113.9 111.3 113.4 109.7 100.9 107.9 103 105.6 104.2 103.4 108.8 108.6 108.4 108
199.5 213.8 209.2 214.8 214.1 213 215.4 208.1 205.2 210.9 208.5 204.1 217.9 210.8 206.1 211.8 214.9 211.8 216.6 209.3 216.4 217.3 220.7 215 216.3 214.5 208.8 208.2 210.9 203.9 214.2 213.4 210.3 204.5 197.7 198.4 208.2 195.5 187.8 183.6 181.6 182.3 177.3 178.7 171.1 176.8 170.7 162.7 160.7 155.5 153.5 142 145.2 140.3 140 131 132 126.4 116.9 117.5 113.5 118.4 111.4 105.6 109.4 108.8 103.8 108 100.9 103.5 105.7 102.5 103.3 97.7 99.8 104.5 107.2 103.2
204.8 199.9 211 207.4 207.2 206.5 200.2 204 199.9 202.7 207.3 205.1 203.5 210.2 202.1 214.5 206.4 212.7 214.8 206 211.5 208 214.2 207.9 201.3 206.8 218.4 214.7 205.2 211.7 208 207.8 207 199.6 193.7 191.7 185.6 187.9 182.6 184.3 182.8 179.4 182.8 185 175.8 175.1 160.3 164.5 154.7 154.3 150.6 145.1 147.9 137.5 134.8 131 125.1 127.3 121.1 123.5 116.6 108.1 109.4 111.9 101.2 108.4 104.1 101.5 101.7 102 99.9 108.3 106.9 109.5 99.8 99.6 100.1 91.1
189.7 203.1 188.5 191.4 196.8 193.1 205.4 197.3 194.4 196.1 197.1 193.9 192.1 203.4 199.3 194.1 194.1 191 201.9 195.7 202.5 202.3 206.6 200.7 200.8 205.3 203.1 196.8 198.4 198.7 210.3 195.6 207.6 194.2 198.2 189.6 189.1 190.2 174.9 184.4 179.1 175 182.2 179 176.1 172.2 163.7 158.1 149.8 149.2 146.7 143.1 143.4 140.7 136.8 128 121.9 123.8 123.5 113.1 114.2 112.9 106.8 110.4 111.3 105.8 104.8 98.2 100.4 102.3 93.1 93.8 93 -9999 -9999 -9999 -9999 87.5
188.3 189 194.5 192.2 186.3 188.1 201.9 187.3 193.6 193.7 193.1 191.4 200.6 194.4 191.7 189.6 190.7 198.9 192.2 198.8 191.5 199 192.5 204.1 200.3 201.1 196.6 201.4 200.8 197.4 204.2 208.4 192.7 197.9 192.1 185.4 180.6 185.5 177 172.4 169.7 176.9 179.6 176.3 171.3 167.6 159.3 157.8 149.5 148.1 149.1 137.8 140.3 136.7 134.2 128.8 128.2 119.7 126 121.9 120.4 109.7 111.1 109 109.2 105.7 106.3 100.8 99.2 99.5 97.4 96.3 -9999 -9999 -9999 -9999 -9999 -9999
191.7 187.4 188.4 192.8 194.3 186.3 187.7 185.9 190.1 186.2 189.1 185.6 189.8 185.7 188.9 197.6 187.9 195.8 191.3 188.2 191.8 191.7 195.8 195.7 193.3 191.3 200.4 199.6 199.4 197.3 198.1 201 198.5 197.3 189.2 172.7 184.3 177.1 175.4 175.3 172.8 179.6 172.6 175.7 162.8 167 156.4 156.9 154.1 147.1 136.4 140.6 141.7 132 135.6 131.4 124.1 123.8 120.3 120.5 118.4 115.2 111.1 104.4 108.2 98.2 103.7 104.7 98 95 93.6 91.2 -9999 -9999 -9999 -9999 -9999 -9999
191.1 184.4 194.5 182.4 177.4 179.6 186.8 177.1 185.6 188.4 178.9 178.2 188.6 181.3 188.8 186.1 183.7 184.8 189.5 186.7 183.8 189 180.1 174.5 188.9 190.7 200.7 195.3 193 195.6 194.5 186.9 184.6 188.4 189.4 184.3 184.9 178.9 177.4 175.2 177.2 170.8 170.5 169 163.7 166.5 163.7 155.8 142.5 142.2 137.2 142 136.5 133.4 130.7 128.2 128 127 117.4 122.1 117.8 108.9 111 109.6 106.5 104.5 99.8 95 89.4 90.4 -9999 87.6 -9999 -9999 -9999 -9999 -9999 -9999
177.6 179.3 183.3 179 182.2 176.4 175.3 178.1 176.4 181.1 185.8 177.6 188 179.9 181.7 183.4 179.7 183.9 183.7 183.2 182.8 181.5 179 191.6 188 188.5 196.1 188.8 190.6 202.3 193.2 190.8 185.7 187.9 178.6 168.1 171.8 178.4 169.3 170.5 172.9 170.2 166.3 172.8 162.9 164 157.5 152 150.8 144.2 137.4 139.7 130.7 131.9 128.8 131.2 129.7 124.1 126.8 119.9 118.5 113.8 114.8 103 104.3 100.5 97.5 -9999 -9999 -9999 -9999 -9999 -9999 -9999 -9999 -9999 -9999 -9999
178 178.4 167.1 175.4 178.2 171.8 176.6 169.6 174.3 176.7 180.5 173.4 178.2 180.1 178.4 181.1 182.5 177.8 179.5 187.5 181.1 180.4 181.8 175.6 178.1 187.1 190.8 196.1 185.7 196.4 189.1 187.2 180.6 175.5 179.5 175.3 177.5 173.9 163.5 161.5 167.1 162.7 169.2 164.9 169.2 163.7 160.5 152.8 153.4 141.5 134.7 131.8 134.3 133.4 125.2 125.7 129.9 130.8 126.7 121 119.8 115.4 113.5 108 105.2 94.3 95.5 95 -9999 -9999 -9999 -9999 -9999 -9999 -9999 -9999 -9999 -9999
167.1 175.7 172.2 162.9 167.2 164.6 164.9 166.8 161.5 174.7 167.3 166.2 171 165.3 164.9 175.9 174.4 175.4 173.4 186.5 184 185.2 181.3 186.7 182.6 177.7 181 181.8 183.5 181.6 187.5 179.2 181.6 181.9 173.8 166.5 166.8 158 157.3 159.1 161.4 164.7 157.2 162.8 163.9 158.9 152.7 153.4 143.9 148.5 135.4 132.4 120.8 125.2 127.7 128.9 124.2 123.7 121.6 123.3 106.7 115.3 104.1 108.1 102 97.6 98.6 -9999 -9999 -9999 -9999 -9999 -9999 -9999 -9999 -9999 -9999 -9999
166.7 155 162.2 163.8 162.8 169.5 160.9 159.3 166.8 162.8 161.6 167.7 164.5 164.7 163.8 170.3 166.7 176.8 182.8 172.6 175 174.7 180.2 177.3 173.7 171.5 176.3 181.6 179.6 184.6 172.6 175.3 170.5 173.3 161.4 163.5 159 -9999 -9999 -9999 -9999 154.6 155.3 162.4 149.5 152.8 153.9 146.8 138.3 136.7 131.4 131.1 126 127.9 133.6 121.8 118.5 124.6 119.7 123.4 115.3 113.9 109.2 98.6 100.4 95.6 -9999 -9999 -9999 -9999 -9999 -9999 -9999 -9999 -9999 -9999 -9999 -9999
162.2 162.9 158.5 160.7 158.8 163.6 157.6 158.2 158.9 165.3 159.7 152.9 158.1 157.5 161.5 163.1 166.7 161.8 165.3 172.7 176.6 179.6 180.8 173.9 167.6 175.3 172.6 165.1 183.9 170.9 171.3 163.2 166.8 -9999 -9999 -9999 -9999 -9999 -9999 -9999 -9999 -9999 -9999 -9999 -9999 -9999 143.7 137 131 132.2 128 127.5 124.6 122.2 122.3 120.8 125.3 114.7 113.1 118.3 105.2 109.4 107.8 93.5 -9999 90.6 88.9 -9999 -9999 -9999 -9999 -9999 -9999 -9999 -9999 -9999 -9999 -9999
166.3 158 152.7 158.2 155.2 156.1 153.9 152.1 150.2 159.1 156.1 149.4 163 143.2 161.6 159.4 155.3 164.1 162.7 165.1 165.6 160.6 167.8 177.6 167.6 161 162.2 162.6 161.2 168.1 169.8 160.5 155.5 -9999 -9999 -9999 -9999 -9999 -9999 -9999 -9999 -9999 -9999 -9999 -9999 -9999 -9999 -9999 -9999 -9999 -9999 122.9 112.4 123 119.7 117.1 109.5 116.5 116.5 114.5 104.2 100.5 104.6 -9999 -9999 -9999 -9999 -9999 -9999 -9999 -9999 -9999 -9999 -9999 -9999 -9999 -9999 -9999
150.8 152.2 157.9 153 150.8 149.6 146.3 149.8 -9999 -9999 -9999 -9999 149.4 157.7 145 158.8 151.4 151.4 -9999 -9999 159.1 167.1 163.4 158.6 -9999 151.2 159.9 157.3 149.4 152.8 145 148.2 -9999 -9999 -9999 -9999 -9999 -9999 -9999 -9999 -9999 -9999 -9999 -9999 -9999 -9999 -9999 -9999 -9999 -9999 -9999 -9999 -9999 123.2 107.8 113.1 -9999 -9999 -9999 -9999 -9999 -9999 -9999 -9999 -9999 -9999 -9999 -9999 -9999 -9999 -9999 -9999 -9999 -9999 -9999 -9999 -9999 -9999
-9999 -9999 -9999 -9999 -9999 -9999 -9999 -9999 -9999 -9999 -9999 -9999 -9999 -9999 -9999 -9999 -9999 -9999 -9999 -9999 -9999 -9999 -9999 -9999 -9999 -9999 -9999 -9999 139 145.9 -9999 -9999 -9999 -9999 -9999 -9999 -9999 -9999 -9999 -9999 -9999 -9999 -9999 -9999 -9999 -9999 -9999 -9999 -9999 -9999 -9999 -9999 -9999 -9999 -9999 -9999 -9999 -9999 -9999 -9999 -9999 -9999 -9999 -9999 -9999 -9999 -9999 -9999 -9999 -9999 -9999 -9999 -9999 -9999 -9999 -9999 -9999 -9999
-9999 -9999 -9999 -9999 -9999 -9999 -9999 -9999 -9999 -9999 -9999 -9999 -9999 -9999 -9999 -9999 -9999 -9999 -9999 -9999 -9999 -9999 -9999 -9999 -9999 -9999 -9999 -9999 -9999 136.6 -9999 -9999 -9999 -9999 -9999 -9999 -9999 -9999 -9999 -9999 -9999 -9999 -9999 -9999 -9999 -9999 -9999 -9999 -9999 -9999 -9999 -9999 -9999 -9999 -9999 -9999 -9999 -9999 -9999 -9999 -9999 -9999 -9999 -9999 -9999 -9999 -9999 -9999 -9999 -9999 -9999 -9999 -9999 -9999 -9999 -9999 -9999 -9999
-9999 -9999 -9999 -9999 -9999 -9999 -9999 -9999 -9999 -9999 -9999 -9999 -9999 -9999 -9999 -9999 -9999 -9999 -9999 -9999 -9999 -9999 -9999 -9999 -9999 -9999 -9999 -9999 -9999 -9999 -9999 -9999 -9999 -9999 -9999 -9999 -9999 -9999 -9999 -9999 -9999 -9999 -9999 -9999 -9999 -9999 -9999 -9999 -9999 -9999 -9999 -9999 -9999 -9999 -9999 -9999 -9999 -9999 -9999 -9999 -9999 -9999 -9999 -9999 -9999 -9999 -9999 -9999 -9999 -9999 -9999 -9999 -9999 -9999 -9999 -9999 -9999 -9999
-9999 -9999 -9999 -9999 -9999 -9999 -9999 -9999 -9999 -9999 -9999 -9999 -9999 -9999 -9999 -9999 -9999 -9999 -9999 -9999 -9999 -9999 -9999 -9999 -9999 -9999 -9999 -9999 -9999 -9999 -9999 -9999 -9999 -9999 -9999 -9999 -9999 -9999 -9999 -9999 -9999 -9999 -9999 -9999 -9999 -9999 -9999 -9999 -9999 -9999 -9999 -9999 -9999 -9999 -9999 -9999 -9999 -9999 -9999 -9999 -9999 -9999 -9999 -9999 -9999 -9999 -9999 -9999 -9999 -9999 -9999 -9999 -9999 -9999 -9999 -9999 -9999 -9999
-9999 -9999 -9999 -9999 -9999 -9999 -9999 -9999 -9999 -9999 -9999 -9999 -9999 -9999 -9999 -9999 -9999 -9999 -9999 -9999 -9999 -9999 -9999 -9999 -9999 -9999 -9999 -9999 -9999 -9999 -9999 -9999 -9999 -9999 -9999 -9999 -9999 -9999 -9999 -9999 -9999 -9999 -9999 -9999 -9999 -9999 -9999 -9999 -9999 -9999 -9999 -9999 -9999 -9999 -9999 -9999 -9999 -9999 -9999 -9999 -9999 -9999 -9999 -9999 -9999 -9999 -9999 -9999 -9999 -9999 -9999 -9999 -9999 -9999 -9999 -9999 -9999 -9999
-9999 -9999 -9999 -9999 -9999 -9999 -9999 -9999 -9999 -9999 -9999 -9999 -9999 -9999 -9999 -9999 -9999 -9999 -9999 -9999 -9999 -9999 -9999 -9999 -9999 -9999 -9999 -9999 -9999 -9999 -9999 -9999 -9999 -9999 -9999 -9999 -9999 -9999 -9999 -9999 -9999 -9999 -9999 -9999 -9999 -9999 -9999 -9999 -9999 -9999 -9999 -9999 -9999 -9999 -9999 -9999 -9999 -9999 -9999 -9999 -9999 -9999 -9999 -9999 -9999 -9999 -9999 -9999 -9999 -9999 -9999 -9999 -9999 -9999 -9999 -9999 -9999 -9999
-9999 -9999 -9999 -9999 -9999 -9999 -9999 -9999 -9999 -9999 -9999 -9999 -9999 -9999 -9999 -9999 -9999 -9999 -9999 -9999 -9999 -9999 -9999 -9999 -9999 -9999 -9999 -9999 -9999 -9999 -9999 -9999 -9999 -9999 -9999 -9999 -9999 -9999 -9999 -9999 -9999 -9999 -9999 -9999 -9999 -9999 -9999 -9999 -9999 -9999 -9999 -9999 -9999 -9999 -9999 -9999 -9999 -9999 -9999 -9999 -9999 -9999 -9999 -9999 -9999 -9999 -9999 -9999 -9999 -9999 -9999 -9999 -9999 -9999 -9999 -9999 -9999 -9999
-9999 -9999 -9999 -9999 -9999 -9999 -9999 -9999 -9999 -9999 -9999 -9999 -9999 -9999 -9999 -9999 -9999 -9999 -9999 -9999 -9999 -9999 -9999 -9999 -9999 -9999 -9999 -9999 -9999 -9999 -9999 -9999 -9999 -9999 -9999 -9999 -9999 -9999 -9999 -9999 -9999 -9999 -9999 -9999 -9999 -9999 -9999 -9999 -9999 -9999 -9999 -9999 -9999 -9999 -9999 -9999 -9999 -9999 -9999 -9999 -9999 -9999 -9999 -9999 -9999 -9999 -9999 -9999 -9999 -9999 -9999 -9999 -9999 -9999 -9999 -9999 -9999 -9999
-9999 -9999 -9999 -9999 -9999 -9999 -9999 -9999 -9999 -9999 -9999 -9999 -9999 -9999 -9999 -9999 -9999 -9999 -9999 -9999 -9999 -9999 -9999 -9999 -9999 -9999 -9999 -9999 -9999 -9999 -9999 -9999 -9999 -9999 -9999 -9999 -9999 -9999 -9999 -9999 -9999 -9999 -9999 -9999 -9999 -9999 -9999 -9999 -9999 -9999 -9999 -9999 -9999 -9999 -9999 -9999 -9999 -9999 -9999 -9999 -9999 -9999 -9999 -9999 -9999 -9999 -9999 -9999 -9999 -9999 -9999 -9999 -9999 -9999 -9999 -9999 -9999 -9999
-9999 -9999 -9999 -9999 -9999 -9999 -9999 -9999 -9999 -9999 -9999 -9999 -9999 -9999 -9999 -9999 -9999 -9999 -9999 -9999 -9999 -9999 -9999 -9999 -9999 -9999 -9999 -9999 -9999 -9999 -9999 -9999 -9999 -9999 -9999 -9999 -9999 -9999 -9999 -9999 -9999 -9999 -9999 -9999 -9999 -9999 -9999 -9999 -9999 -9999 -9999 -9999 -9999 -9999 -9999 -9999 -9999 -9999 -9999 -9999 -9999 -9999 -9999 -9999 -9999 -9999 -9999 -9999 -9999 -9999 -9999 -9999 -9999 -9999 -9999 -9999 -9999 -9999
-9999 -9999 -9999 -9999 -9999 -9999 -9999 -9999 -9999 -9999 -9999 -9999 -9999 -9999 -9999 -9999 -9999 -9999 -9999 -9999 -9999 -9999 -9999 -9999 -9999 -9999 -9999 -9999 -9999 -9999 -9999 -9999 -9999 -9999 -9999 -9999 -9999 -9999 -9999 -9999 -9999 -9999 -9999 -9999 -9999 -9999 -9999 -9999 -9999 -9999 -9999 -9999 -9999 -9999 -9999 -9999 -9999 -9999 -9999 -9999 -9999 -9999 -9999 -9999 -9999 -9999 -9999 -9999 -9999 -9999 -9999 -9999 -9999 -9999 -9999 -9999 -9999 -9999
-9999 -9999 -9999 -9999 -9999 -9999 -9999 -9999 -9999 -9999 -9999 -9999 -9999 -9999 -9999 -9999 -9999 -9999 -9999 -9999 -9999 -9999 -9999 -9999 -9999 -9999 -9999 -9999 -9999 -9999 -9999 -9999 -9999 -9999 -9999 -9999 -9999 -9999 -9999 -9999 -9999 -9999 -9999 -9999 -9999 -9999 -9999 -9999 -9999 -9999 -9999 -9999 -9999 -9999 -9999 -9999 -9999 -9999 -9999 -9999 -9999 -9999 -9999 -9999 -9999 -9999 -9999 -9999 -9999 -9999 -9999 -9999 -9999 -9999 -9999 -9999 -9999 -9999
-9999 -9999 -9999 -9999 -9999 -9999 -9999 -9999 -9999 -9999 -9999 -9999 -9999 -9999 -9999 -9999 -9999 -9999 -9999 -9999 -9999 -9999 -9999 -9999 -9999 -9999 -9999 -9999 -9999 -9999 -9999 -9999 -9999 -9999 -9999 -9999 -9999 -9999 -9999 -9999 -9999 -9999 -9999 -9999 -9999 -9999 -9999 -9999 -9999 -9999 -9999 -9999 -9999 -9999 -9999 -9999 -9999 -9999 -9999 -9999 -9999 -9999 -9999 -9999 -9999 -9999 -9999 -9999 -9999 -9999 -9999 -9999 -9999 -9999 -9999 -9999 -9999 -9999
-9999 -9999 -9999 -9999 -9999 -9999 -9999 -9999 -9999 -9999 -9999 -9999 -9999 -9999 -9999 -9999 -9999 -9999 -9999 -9999 -9999 -9999 -9999 -9999 -9999 -9999 -9999 -9999 -9999 -9999 -9999 -9999 -9999 -9999 -9999 -9999 -9999 -9999 -9999 -9999 -9999 -9999 -9999 -9999 -9999 -9999 -9999 -9999 -9999 -9999 -9999 -9999 -9999 -9999 -9999 -9999 -9999 -9999 -9999 -9999 -9999 -9999 -9999 -9999 -9999 -9999 -9999 -9999 -9999 -9999 -9999 -9999 -9999 -9999 -9999 -9999 -9999 -9999
