Data/GIS/C580Y/bfa-mvmt-marshall-stock-sq.asc
ncols         173
nrows         126
xllcorner     224227.65281
yllcorner     1039207.04677
cellsize      5000
NODATA_value  -9999
[rows 0 to 24 of 126, columns 56 to 111 of 173]
-9999 -9999 -9999 -9999 -9999 -9999 -9999 -9999 -9999 -9999 -9999 -9999 -9999 -9999 -9999 -9999 -9999 -9999 -9999 -9999 -9999 -9999 -9999 -9999 -9999 -9999 -9999 -9999 -9999 -9999 -9999 -9999 -9999 -9999 -9999 -9999 -9999 -9999 -9999 -9999 -9999 -9999 -9999 -9999 -9999 -9999 -9999 -9999 0.11627672 0.071969614 0.10335681 0.038983051 0.1055555 0.040637713 -9999 -9999
-9999 -9999 -9999 -9999 -9999 -9999 -9999 -9999 -9999 -9999 -9999 -9999 -9999 -9999 -9999 -9999 -9999 -9999 -9999 -9999 -9999 -9999 -9999 -9999 -9999 -9999 -9999 -9999 -9999 -9999 -9999 -9999 -9999 -9999 -9999 -9999 -9999 -9999 -9999 -9999 -9999 -9999 -9999 -9999 -9999 -9999 0.11449729 0.042735128 0.074489611 0.081774405 0.070016967 0.041875209 0.05649154 0.075098039 0.035714286 -9999
-9999 -9999 -9999 -9999 -9999 -9999 -9999 -9999 -9999 -9999 -9999 -9999 -9999 -9999 -9999 -9999 -9999 -9999 -9999 -9999 -9999 -9999 -9999 -9999 -9999 -9999 -9999 -9999 -9999 -9999 -9999 -9999 -9999 -9999 -9999 -9999 -9999 -9999 -9999 -9999 -9999 -9999 -9999 -9999 -9999 0.053373067 0.044995932 0.073926366 0.078888933 0.088349428 0.03253012 0.046530232 0.03166663 0.059660775 0.088709726 0.091850488
-9999 -9999 -9999 -9999 -9999 -9999 -9999 -9999 -9999 -9999 -9999 -9999 -9999 -9999 -9999 -9999 -9999 -9999 -9999 -9999 -9999 -9999 -9999 -9999 -9999 -9999 -9999 -9999 -9999 -9999 -9999 -9999 -9999 -9999 -9999 -9999 -9999 -9999 -9999 -9999 -9999 -9999 -9999 -9999 0.094146478 0.066326531 0.035627971 0.051633922 0.04823764 0.047352431 0.084477088 0.041602633 0.043223431 0.037121212 0.034517571 0.091748307
-9999 -9999 -9999 -9999 -9999 -9999 -9999 -9999 -9999 -9999 -9999 -9999 -9999 -9999 -9999 -9999 -9999 -9999 -9999 -9999 -9999 -9999 -9999 -9999 -9999 -9999 -9999 -9999 -9999 -9999 -9999 -9999 -9999 -9999 -9999 -9999 -9999 -9999 -9999 -9999 -9999 -9999 -9999 0.037645276 0.07284824 0.072761824 0.061419753 0.060937453 0.052965405 0.080729219 0.050099202 0.043400244 0.076634716 0.055392162 0.049580625 0.049724533
-9999 -9999 -9999 -9999 -9999 -9999 -9999 -9999 -9999 -9999 -9999 -9999 -9999 -9999 -9999 -9999 -9999 -9999 -9999 -9999 -9999 -9999 -9999 -9999 -9999 -9999 -9999 -9999 -9999 -9999 -9999 -9999 -9999 -9999 -9999 -9999 -9999 -9999 -9999 -9999 -9999 -9999 0.075568456 0.050276232 0.050476143 0.052319683 0.04623812 0.065443614 0.047630686 0.074201818 0.031385273 0.048344469 0.10415696 0.079072 0.052967486 0.049549595
-9999 -9999 -9999 -9999 -9999 -9999 -9999 -9999 -9999 -9999 -9999 -9999 -9999 -9999 -9999 -9999 -9999 -9999 -9999 -9999 -9999 -9999 -9999 -9999 -9999 -9999 -9999 -9999 -9999 -9999 -9999 -9999 -9999 -9999 -9999 -9999 -9999 -9999 -9999 -9999 0.080691571 0.035359243 0.050009579 0.088584225 0.046491276 0.087511637 0.052351722 0.046896224 0.043168198 0.038431412 0.044404755 0.074122753 0.056741539 0.073557383 0.090437049 0.04428387
-9999 -9999 -9999 -9999 -9999 -9999 -9999 -9999 -9999 -9999 -9999 -9999 -9999 -9999 -9999 -9999 -9999 -9999 -9999 -9999 -9999 -9999 -9999 -9999 -9999 -9999 -9999 -9999 -9999 -9999 -9999 -9999 -9999 -9999 -9999 -9999 -9999 0.046296296 0.080302955 0.06147541 0.091720845 0.049313143 0.11097315 0.052674292 0.027426127 0.066125059 0.053755839 0.063473307 0.03459116 0.081649798 0.059733521 0.048006179 0.049871261 0.062843832 0.063536664 0.085299428
-9999 -9999 -9999 -9999 -9999 -9999 -9999 -9999 -9999 -9999 -9999 -9999 -9999 -9999 -9999 -9999 -9999 -9999 -9999 -9999 -9999 -9999 -9999 -9999 -9999 -9999 -9999 -9999 -9999 -9999 -9999 -9999 -9999 -9999 -9999 0.061244706 0.067924528 0.078525577 0.049022136 0.065891395 0.058517103 0.080647826 0.045036721 0.040229948 0.070757914 0.070682771 0.086419716 0.040950689 0.053730454 0.056582918 0.052381 0.093399434 0.062427746 0.043877181 0.050988386 0.042107961
-9999 -9999 -9999 -9999 -9999 -9999 -9999 -9999 -9999 -9999 -9999 -9999 -9999 -9999 -9999 -9999 -9999 -9999 -9999 -9999 -9999 -9999 -9999 -9999 -9999 -9999 -9999 -9999 -9999 -9999 -9999 -9999 -9999 0.050589698 0.041049431 0.10208344 0.083159792 0.11785192 0.06233326 0.073303843 0.068467622 0.073682904 0.075231528 0.045312537 0.083987396 0.064749204 0.038952457 0.058005197 0.11663295 0.045732514 0.035590292 0.071553857 0.041343622 0.071451039 0.038436113 0.04060795
-9999 -9999 -9999 -9999 -9999 -9999 -9999 -9999 -9999 -9999 -9999 -9999 -9999 -9999 -9999 -9999 -9999 -9999 -9999 -9999 -9999 -9999 -9999 -9999 -9999 -9999 -9999 -9999 -9999 -9999 -9999 -9999 0.046624495 0.054187533 0.071151111 0.090771847 0.047297297 0.065126078 0.065972292 0.066560696 0.075203256 0.059965632 0.04312556 0.048399944 0.063419831 0.040996687 0.047997034 0.059966303 0.062639708 0.084197589 0.07227723 0.063848461 0.051160316 0.065422807 0.048879218 0.067819229
-9999 -9999 -9999 -9999 -9999 -9999 -9999 -9999 -9999 -9999 -9999 -9999 -9999 -9999 -9999 -9999 -9999 -9999 -9999 -9999 -9999 -9999 -9999 -9999 -9999 -9999 -9999 -9999 -9999 -9999 0.084529158 0.080450873 0.072440067 0.053614458 0.043715902 0.0455555 0.058333333 0.083333265 0.063598985 0.066465362 0.061111148 0.046281905 0.064148705 0.054766117 0.06416809 0.052602124 0.049702411 0.08275222 0.053534244 0.059584329 0.054454286 0.033950644 0.053954746 0.0419705 0.070072201 0.053867163
-9999 -9999 -9999 -9999 -9999 -9999 -9999 -9999 -9999 -9999 -9999 -9999 -9999 -9999 -9999 -9999 -9999 -9999 -9999 -9999 -9999 -9999 -9999 -9999 -9999 -9999 -9999 -9999 0.051672995 0.053077805 0.064295217 0.037878788 0.054579286 0.091289267 0.056307411 0.050312197 0.047169811 0.044642916 0.070465632 0.076805277 0.060600897 0.055231161 0.087506839 0.06730653 0.08102216 0.042211296 0.077243587 0.052743474 0.082459048 0.10370309 0.16817345 0.068312855 0.060207481 0.084063212 0.030311374 0.047293833
-9999 -9999 -9999 -9999 -9999 -9999 -9999 -9999 -9999 -9999 -9999 -9999 -9999 -9999 -9999 -9999 -9999 -9999 -9999 -9999 -9999 -9999 0.068452381 0.069281803 0.034187949 -9999 0.06579597 0.07259 0.060573289 0.036601294 0.057513333 0.058461538 0.056426179 0.0746295 0.10372574 0.071428619 0.05202186 0.073196274 0.070455372 0.078837697 0.074536806 0.083343962 0.042033758 0.063318424 0.079796891 0.10948575 0.059203019 0.056688553 0.11447768 0.07902224 0.06985732 0.085339472 0.060897413 0.057273043 0.044659484 0.039825004
-9999 -9999 -9999 -9999 -9999 -9999 -9999 -9999 -9999 -9999 -9999 -9999 -9999 -9999 -9999 -9999 -9999 -9999 -9999 -9999 -9999 0.052287646 0.052546292 0.046579103 0.030751833 0.0430556 0.072924464 0.05066666 0.062202375 0.035416663 0.061346421 0.063834938 0.070143918 0.06806696 0.054356023 0.075292697 0.048039213 0.061456872 0.037584237 0.064068677 0.038166928 0.067301475 0.078787781 0.050505054 0.042297994 0.051705763 0.051228053 0.047263297 0.094371353 0.058602562 0.067928146 0.044997691 0.063870464 0.040461993 0.10119302 0.096454513
-9999 -9999 -9999 -9999 -9999 -9999 -9999 -9999 -9999 -9999 -9999 -9999 -9999 -9999 -9999 -9999 -9999 -9999 -9999 -9999 -9999 0.059469773 0.047831 0.03637569 0.05704759 0.084263966 0.058823529 0.027878782 0.086209062 0.066251466 0.06317019 0.071734934 0.050423669 0.053691831 0.087624663 0.049332128 0.10008866 0.049096585 0.031110921 0.04137313 0.08824759 0.081993011 0.07440192 0.036563314 0.038923804 0.076866398 0.060706358 0.076923063 0.058028468 0.077156175 0.058967225 0.049357733 0.095166532 0.053917821 0.053226031 0.058696514
-9999 -9999 -9999 -9999 -9999 -9999 -9999 -9999 -9999 -9999 -9999 -9999 -9999 -9999 -9999 -9999 -9999 -9999 -9999 -9999 -9999 0.052203069 0.078361263 0.047739293 0.062348606 0.025462958 0.094573686 0.059936248 0.033526962 0.032017883 0.044595366 0.066267054 0.091522474 0.043433828 0.08184448 0.050573482 0.049610538 0.0490767 0.04107529 0.056308239 0.061400588 0.079481186 0.059319507 0.080763871 0.044488012 0.044603477 0.060285333 0.046647906 0.1006637 0.065635637 0.073379364 0.090581836 0.071066475 0.080794427 0.067093996 0.086849191
-9999 -9999 -9999 -9999 -9999 -9999 -9999 -9999 -9999 -9999 -9999 -9999 -9999 -9999 -9999 -9999 -9999 -9999 -9999 -9999 -9999 0.042486 0.0524305 0.066376809 0.048387097 0.059722187 0.053665287 0.047286887 0.03766835 0.083249831 0.057147885 0.053223825 0.086562922 0.067285089 0.056133201 0.038031493 0.042388987 0.057403528 0.1140285 0.045590802 0.059789832 0.080160933 0.056228833 0.057361624 0.08662888 0.092569459 0.055305533 0.084374043 0.086474235 0.075449877 0.10846695 0.052246969 0.057320603 0.053707886 0.092701186 0.046153079
-9999 -9999 -9999 -9999 -9999 -9999 -9999 -9999 -9999 -9999 -9999 -9999 -9999 -9999 -9999 -9999 -9999 -9999 -9999 -9999 -9999 0.051346909 0.035281026 0.069010776 0.075398481 0.062245872 0.11461604 0.030226224 0.054771987 0.066286162 0.089455094 0.073257051 0.067193887 0.092460815 0.037164674 0.078095854 0.087382924 0.070679736 0.055019321 0.058453333 0.067090245 0.064413252 0.082584104 0.10798383 0.10818032 0.086489182 0.086835131 0.082505119 0.082156115 0.058681754 0.051445638 0.092749827 0.04750113 0.12530692 0.092004993 0.051385252
-9999 -9999 -9999 -9999 -9999 -9999 -9999 -9999 -9999 -9999 -9999 -9999 -9999 0.10068036 0.06682963 0.067388199 -9999 -9999 -9999 -9999 -9999 0.053210628 0.061103097 0.059706301 0.092912304 0.066144729 0.040446665 0.14045078 0.050032877 0.091930954 0.10797589 0.077607149 0.054379969 0.066323935 0.046641332 0.040572412 0.053113583 0.048385375 0.054433708 0.10719076 0.057468409 0.04458539 0.080732008 0.062277863 0.081554023 0.077884315 0.066258444 0.073049477 0.060499786 0.057451698 0.063157132 0.061494051 0.056520124 0.0479492 0.053986923 0.048369192
-9999 -9999 -9999 -9999 -9999 -9999 -9999 -9999 -9999 -9999 0.090909091 0.070780494 0.037365241 0.097191102 0.05652856 0.028922535 0.053847171 0.044613757 -9999 0.072396378 0.058273128 0.063278883 0.03686524 0.045003314 0.045499327 0.066363193 0.071871736 0.10085648 0.088227347 0.09458577 0.08599471 0.045870923 0.081854682 0.05083538 0.067499242 0.047567159 0.077053141 0.10576903 0.13738481 0.091437149 0.077946522 0.068147397 0.064137867 0.10637085 0.084979303 0.064902582 0.093385815 0.07452104 0.078156131 0.069386718 0.059351023 0.057277491 0.070874862 0.064981311 0.031036133 0.058783726
-9999 -9999 -9999 -9999 -9999 -9999 -9999 0.1238093 0.0700995 0.05268828 0.034730154 0.048919006 0.073822809 0.058099514 0.064270403 0.079664422 0.079259818 0.072950296 0.056600447 0.070569809 0.066263287 0.043055543 0.077369422 0.050690274 0.033840398 0.087401024 0.059841004 0.072884712 0.11656084 0.077204849 0.056411518 0.07050934 0.079934326 0.057086731 0.03902371 0.046118857 0.034272269 0.067902197 0.077829769 0.045589922 0.055593838 0.058603212 0.070679364 0.14699678 0.058097926 0.062838775 0.08305817 0.062288186 0.074355479 0.045186189 0.0645076 0.058985897 0.077760495 0.062539094 0.063016255 0.052901423
-9999 -9999 -9999 -9999 -9999 0.1128419 0.057404079 0.062935024 0.067488939 0.073514886 0.051801126 0.078347216 0.057628984 0.062949528 0.089185056 0.045489558 0.067568118 0.17283496 0.067284089 0.08455602 0.057023791 0.11591575 0.088879592 0.057368883 0.10715078 0.08654118 0.04869 0.063485755 0.079488812 0.11879678 0.072640058 0.065372964 0.063975556 0.06875363 0.054917443 0.060446431 0.050399361 0.054681256 0.059015751 0.053627682 0.070731594 0.071556986 0.063316667 0.027599924 0.057154385 0.079121424 0.10345678 0.050462834 0.097839363 0.058322921 0.084041467 0.056184745 0.063606434 0.051830414 0.061746951 0.078980333
-9999 -9999 -9999 0.068181818 0.059615352 0.049399399 0.032183931 0.050592308 0.049047632 0.1221859 0.050334746 0.054291809 0.064030744 0.06736059 0.062501355 0.055351172 0.050639701 0.058451657 0.052534111 0.058939901 0.054470045 0.092310056 0.11169822 0.039882544 0.046024656 0.045131178 0.079386679 0.058532148 0.10321229 0.059387048 0.055036577 0.06496519 0.057890496 0.067799958 0.11477552 0.048942994 0.046985695 0.067494549 0.08778595 0.07275508 0.0518938 0.087368889 0.07551428 0.077428708 0.095993018 0.050142033 0.069261719 0.040625316 0.051663929 0.042222216 0.08522958 0.085368664 0.062100076 0.035452112 0.022486746 0.073885935
-9999 -9999 -9999 0.037179467 0.046853503 0.067813882 0.063587972 0.070756305 0.12314725 0.050050207 0.058978416 0.068433333 0.074202791 0.057506678 0.066714658 0.058270948 0.062560814 0.052468914 0.096828632 0.11952269 0.070029351 0.10724393 0.057546114 0.05564125 0.073232509 0.052923007 0.042697334 0.078909426 0.10573479 0.04941623 0.046077588 0.040007915 0.070350889 0.092189067 0.092759886 0.096950092 0.058104001 0.054453259 0.055867816 0.054527703 0.054083674 0.06710193 0.057037924 0.058994829 0.050879522 0.061705838 0.092235715 0.085046214 0.085000503 0.04665015 0.080902592 0.074868266 0.03953699 0.064487515 0.080433321 0.048698972
