Data/GIS/C580Y/bfa-mvmt-travel-tuned-sq.asc
ncols         173
nrows         126
xllcorner     224227.65281
yllcorner     1039207.04677
cellsize      5000
NODATA_value  -9999
[rows 0 to 24 of 126, columns 56 to 111 of 173]
-9999 -9999 -9999 -9999 -9999 -9999 -9999 -9999 -9999 -9999 -9999 -9999 -9999 -9999 -9999 -9999 -9999 -9999 -9999 -9999 -9999 -9999 -9999 -9999 -9999 -9999 -9999 -9999 -9999 -9999 -9999 -9999 -9999 -9999 -9999 -9999 -9999 -9999 -9999 -9999 -9999 -9999 -9999 -9999 -9999 -9999 -9999 -9999 0.1133332 0.049645319 0.028829455 0.063829787 0.036036027 0.022619048 -9999 -9999
-9999 -9999 -9999 -9999 -9999 -9999 -9999 -9999 -9999 -9999 -9999 -9999 -9999 -9999 -9999 -9999 -9999 -9999 -9999 -9999 -9999 -9999 -9999 -9999 -9999 -9999 -9999 -9999 -9999 -9999 -9999 -9999 -9999 -9999 -9999 -9999 -9999 -9999 -9999 -9999 -9999 -9999 -9999 -9999 -9999 -9999 0.05 0.031446604 0.042502108 0.053472187 0.048030672 0.04109589 0.024242364 0.052976965 0.0328572 -9999
-9999 -9999 -9999 -9999 -9999 -9999 -9999 -9999 -9999 -9999 -9999 -9999 -9999 -9999 -9999 -9999 -9999 -9999 -9999 -9999 -9999 -9999 -9999 -9999 -9999 -9999 -9999 -9999 -9999 -9999 -9999 -9999 -9999 -9999 -9999 -9999 -9999 -9999 -9999 -9999 -9999 -9999 -9999 -9999 -9999 0.058760679 0.027210816 0.0550412 0.0608975 0.030294949 0.023076923 0.019607843 0.036190457 0.061299373 0.037079524 0.068965517
-9999 -9999 -9999 -9999 -9999 -9999 -9999 -9999 -9999 -9999 -9999 -9999 -9999 -9999 -9999 -9999 -9999 -9999 -9999 -9999 -9999 -9999 -9999 -9999 -9999 -9999 -9999 -9999 -9999 -9999 -9999 -9999 -9999 -9999 -9999 -9999 -9999 -9999 -9999 -9999 -9999 -9999 -9999 -9999 0.04761898 0.05416675 0.06254917 0.051358696 0.080615874 0.018272349 0.024576761 0.026960779 0.036872295 0.03694581 0.03523923 0.04292928
-9999 -9999 -9999 -9999 -9999 -9999 -9999 -9999 -9999 -9999 -9999 -9999 -9999 -9999 -9999 -9999 -9999 -9999 -9999 -9999 -9999 -9999 -9999 -9999 -9999 -9999 -9999 -9999 -9999 -9999 -9999 -9999 -9999 -9999 -9999 -9999 -9999 -9999 -9999 -9999 -9999 -9999 -9999 0.050952371 0.030054639 0.059940406 0.021276596 0.055084746 0.030887973 0.017437901 0.032627864 0.035210224 0.054093602 0.034799629 0.033333326 0.036069597
-9999 -9999 -9999 -9999 -9999 -9999 -9999 -9999 -9999 -9999 -9999 -9999 -9999 -9999 -9999 -9999 -9999 -9999 -9999 -9999 -9999 -9999 -9999 -9999 -9999 -9999 -9999 -9999 -9999 -9999 -9999 -9999 -9999 -9999 -9999 -9999 -9999 -9999 -9999 -9999 -9999 -9999 0.10991853 0.021505371 0.039285714 0.0625 0.038011754 0.032164281 0.049952875 0.035714286 0.04838309 0.07857139 0.053103365 0.038177658 0.035463183 0.062692459
-9999 -9999 -9999 -9999 -9999 -9999 -9999 -9999 -9999 -9999 -9999 -9999 -9999 -9999 -9999 -9999 -9999 -9999 -9999 -9999 -9999 -9999 -9999 -9999 -9999 -9999 -9999 -9999 -9999 -9999 -9999 -9999 -9999 -9999 -9999 -9999 -9999 -9999 -9999 -9999 0.031385325 0.036585366 0.10215048 0.058444383 0.026900579 0.01509009 0.062248916 0.02898068 0.014975841 0.02326839 0.037701258 0.034920633 0.031864878 0.055614681 0.0256945 0.028846154
-9999 -9999 -9999 -9999 -9999 -9999 -9999 -9999 -9999 -9999 -9999 -9999 -9999 -9999 -9999 -9999 -9999 -9999 -9999 -9999 -9999 -9999 -9999 -9999 -9999 -9999 -9999 -9999 -9999 -9999 -9999 -9999 -9999 -9999 -9999 -9999 -9999 0.026950426 0.02 0.027402397 0.014285714 0.037217259 0.028843571 0.037670715 0.044943763 0.04227826 0.037216825 0.031555841 0.020467807 0.037142857 0.022781924 0.050068873 0.055480097 0.069890402 0.027607362 0.045332422
-9999 -9999 -9999 -9999 -9999 -9999 -9999 -9999 -9999 -9999 -9999 -9999 -9999 -9999 -9999 -9999 -9999 -9999 -9999 -9999 -9999 -9999 -9999 -9999 -9999 -9999 -9999 -9999 -9999 -9999 -9999 -9999 -9999 -9999 -9999 0.025847659 0.032908627 0.067857157 0.036482796 0.046526057 0.05467691 0.018495163 0.047031959 0.03030303 0.023497915 0.031177541 0.035018121 0.04600129 0.028023566 0.062276945 0.038047121 0.032284336 0.0475 0.044618238 0.070380419 0.023750628
-9999 -9999 -9999 -9999 -9999 -9999 -9999 -9999 -9999 -9999 -9999 -9999 -9999 -9999 -9999 -9999 -9999 -9999 -9999 -9999 -9999 -9999 -9999 -9999 -9999 -9999 -9999 -9999 -9999 -9999 -9999 -9999 -9999 0.057098704 0.070408163 0.042683 0.030303045 0.082051282 0.035714286 0.060927949 0.032338541 0.043010694 0.046993825 0.045197797 0.059091 0.028036039 0.028327276 0.034328667 0.029037973 0.024 0.027259222 0.025700142 0.034502012 0.056277712 0.081007765 0.052597739
-9999 -9999 -9999 -9999 -9999 -9999 -9999 -9999 -9999 -9999 -9999 -9999 -9999 -9999 -9999 -9999 -9999 -9999 -9999 -9999 -9999 -9999 -9999 -9999 -9999 -9999 -9999 -9999 -9999 -9999 -9999 -9999 0.033854589 0.067733908 0.046296194 0.041479116 0.036585366 0.046153846 0.034506195 0.02609885 0.038288284 0.018718648 0.043621395 0.049418714 0.047154512 0.10404321 0.038568346 0.0335 0.049160777 0.024438049 0.045578204 0.027363209 0.057523083 0.049910909 0.07069132 0.035177866
-9999 -9999 -9999 -9999 -9999 -9999 -9999 -9999 -9999 -9999 -9999 -9999 -9999 -9999 -9999 -9999 -9999 -9999 -9999 -9999 -9999 -9999 -9999 -9999 -9999 -9999 -9999 -9999 -9999 -9999 0.043821828 0.044426404 0.057005986 0.051325795 0.064360284 0.032212837 0.054648587 0.060870452 0.039180991 0.059947213 0.050331519 0.028213719 0.039855109 0.02946431 0.02444162 0.025128188 0.027507416 0.048608768 0.079188205 0.037905266 0.026280554 0.050857735 0.054701925 0.061282288 0.066900659 0.039149982
-9999 -9999 -9999 -9999 -9999 -9999 -9999 -9999 -9999 -9999 -9999 -9999 -9999 -9999 -9999 -9999 -9999 -9999 -9999 -9999 -9999 -9999 -9999 -9999 -9999 -9999 -9999 -9999 0.08703042 0.059981395 0.0492425 0.038967611 0.041646801 0.098977975 0.059307349 0.0458334 0.04222222 0.05291868 0.054576294 0.047664718 0.033003267 0.092328085 0.050436047 0.047839525 0.031122905 0.040188169 0.047996 0.069348755 0.057280811 0.039603171 0.049596469 0.031496063 0.053497652 0.11594802 0.03016362 0.044042925
-9999 -9999 -9999 -9999 -9999 -9999 -9999 -9999 -9999 -9999 -9999 -9999 -9999 -9999 -9999 -9999 -9999 -9999 -9999 -9999 -9999 -9999 0.062856663 0.041056866 0.04595407 -9999 0.051413216 0.05103127 0.058842042 0.05791665 0.030333418 0.065382782 0.033333333 0.044397781 0.0891975 0.025641026 0.056639231 0.042785558 0.053356508 0.032526879 0.052957626 0.065222207 0.10532137 0.042580645 0.043478261 0.092969999 0.11267163 0.10953589 0.041529828 0.078358209 0.064912316 0.041563616 0.033014187 0.025673399 0.056195343 0.038775516
-9999 -9999 -9999 -9999 -9999 -9999 -9999 -9999 -9999 -9999 -9999 -9999 -9999 -9999 -9999 -9999 -9999 -9999 -9999 -9999 -9999 0.03354141 0.028828824 0.063845766 0.031490635 0.047996837 0.072043 0.095245704 0.058057994 0.065759626 0.054999947 0.058 0.034257559 0.040007096 0.036144578 0.067661549 0.052993495 0.024869249 0.098770995 0.050460308 0.051742229 0.033128767 0.080218893 0.034543008 0.049588921 0.037594693 0.040816286 0.044534016 0.055492443 0.040182746 0.042156824 0.038170902 0.048285733 0.04701425 0.039220479 0.060461181
-9999 -9999 -9999 -9999 -9999 -9999 -9999 -9999 -9999 -9999 -9999 -9999 -9999 -9999 -9999 -9999 -9999 -9999 -9999 -9999 -9999 0.047631381 0.040331331 0.075212929 0.081960403 0.045065943 0.074 0.03958325 0.046701354 0.030135 0.059060931 0.04949195 0.045924152 0.069814789 0.05931938 0.053294349 0.040800697 0.043283664 0.047751499 0.061479565 0.082927006 0.076562477 0.097964747 0.075598981 0.034602753 0.077729356 0.025833315 0.065885715 0.074039763 0.041774909 0.042417432 0.059079476 0.075646148 0.045898438 0.045567008 0.043158485
-9999 -9999 -9999 -9999 -9999 -9999 -9999 -9999 -9999 -9999 -9999 -9999 -9999 -9999 -9999 -9999 -9999 -9999 -9999 -9999 -9999 0.035714286 0.045689655 0.049390244 0.054902595 0.05479803 0.039285714 0.056336116 0.032600243 0.039633339 0.049400227 0.061230809 0.057718227 0.043729667 0.13319635 0.038433795 0.048786131 0.035271569 0.030386089 0.053315807 0.050490011 0.052004207 0.07245 0.088319259 0.038456653 0.051667298 0.051028819 0.088253475 0.089088791 0.052355815 0.089267879 0.075164152 0.046096744 0.074598427 0.065697966 0.082804902
-9999 -9999 -9999 -9999 -9999 -9999 -9999 -9999 -9999 -9999 -9999 -9999 -9999 -9999 -9999 -9999 -9999 -9999 -9999 -9999 -9999 0.038389814 0.035555587 0.091802308 0.059036818 0.045278542 0.038153811 0.05902358 0.038987128 0.02134089 0.028872101 0.052342481 0.070505903 0.065309836 0.040434073 0.061012424 0.037518525 0.066772345 0.10074577 0.035606036 0.065514713 0.076087363 0.06222197 0.095839567 0.073748969 0.079557815 0.097529152 0.075155379 0.065105379 0.08901025 0.067787417 0.079862276 0.074080038 0.043068954 0.05373262 0.072318176
-9999 -9999 -9999 -9999 -9999 -9999 -9999 -9999 -9999 -9999 -9999 -9999 -9999 -9999 -9999 -9999 -9999 -9999 -9999 -9999 -9999 0.086685431 0.046041415 0.080213028 0.044594352 0.064717431 0.038439364 0.056983407 0.061907834 0.04952233 0.06391877 0.057206615 0.095603989 0.049250621 0.085943851 0.090124472 0.039514836 0.074146547 0.040884975 0.037787584 0.093860406 0.042884169 0.031927601 0.06653703 0.12074286 0.10578172 0.10971844 0.069857546 0.086215881 0.04725212 0.074716563 0.027448626 0.034508158 0.036816386 0.082082237 0.050735957
-9999 -9999 -9999 -9999 -9999 -9999 -9999 -9999 -9999 -9999 -9999 -9999 -9999 0.077922058 0.066573708 0.041906071 -9999 -9999 -9999 -9999 -9999 0.041143082 0.094900409 0.050096383 0.098117389 0.10534082 0.05325594 0.03430859 0.064335743 0.087544582 0.053302398 0.083448829 0.075725089 0.059679288 0.085085625 0.055294713 0.055959955 0.047327748 0.028616352 0.051794931 0.030525 0.067963144 0.086489458 0.11087075 0.08386659 0.1137473 0.083718849 0.081082691 0.065983343 0.048468231 0.040449918 0.078392848 0.054008534 0.068344954 0.070290586 0.030059034
-9999 -9999 -9999 -9999 -9999 -9999 -9999 -9999 -9999 -9999 0.11246347 0.030651299 0.050641123 0.043659427 0.034118839 0.040154333 0.022127277 0.029079217 -9999 0.065244724 0.041613266 0.12728498 0.055827725 0.08936517 0.08985896 0.071855401 0.051871481 0.069196376 0.068825358 0.091627243 0.069782765 0.05435214 0.072060189 0.10527893 0.068910984 0.038993876 0.074100883 0.028403732 0.05993441 0.058879335 0.049556637 0.068546251 0.075441486 0.062500115 0.045052882 0.07743559 0.093718289 0.088916118 0.054431391 0.10500976 0.085995738 0.078776043 0.060832549 0.044174268 0.062418326 0.032737137
-9999 -9999 -9999 -9999 -9999 -9999 -9999 0.1375 0.064484167 0.05546302 0.050494957 0.030045994 0.04361317 0.019987769 0.038260326 0.047816703 0.060562021 0.039139796 0.1094824 0.070654156 0.085871511 0.048375206 0.057418378 0.042679863 0.085368037 0.062173232 0.088853134 0.079288428 0.093172375 0.088517847 0.061603929 0.073600919 0.048640368 0.081420309 0.033730157 0.065111866 0.073629811 0.05589283 0.081824649 0.048461609 0.060938394 0.066962976 0.098720249 0.04329792 0.10850455 0.056514241 0.077251875 0.061990514 0.064903841 0.068860541 0.093728932 0.10458175 0.071329094 0.027608696 0.050114868 0.046381436
-9999 -9999 -9999 -9999 -9999 0.08091397 0.047930255 0.060900851 0.041028304 0.063292254 0.049751042 0.087010783 0.059795485 0.043606063 0.035619977 0.062819081 0.035198523 0.042808071 0.089668047 0.079200395 0.027541494 0.074738182 0.055399061 0.042509343 0.065013058 0.12267797 0.066006356 0.097528126 0.10251731 0.11608308 0.04466286 0.06941034 0.11448525 0.10717955 0.04883691 0.1034072 0.053089968 0.071640221 0.071580187 0.050957335 0.037548638 0.075459512 0.041297464 0.10773472 0.073841387 0.074892972 0.041237113 0.077908736 0.082347833 0.061852001 0.056946088 0.075157913 0.063079545 0.080103741 0.071626092 0.075294834
-9999 -9999 -9999 0.063492098 0.0450833 0.058408803 0.025310141 0.15360054 0.027647059 0.021679142 0.034238407 0.070310536 0.066602301 0.03377335 0.058278228 0.062812254 0.048259469 0.065384615 0.07186273 0.046684136 0.036434229 0.066098804 0.080236815 0.060597361 0.047038531 0.07490917 0.083429427 0.075141486 0.10560953 0.064001926 0.062406518 0.1009368 0.10162714 0.075367011 0.053096647 0.078357238 0.071671176 0.035920037 0.079886186 0.065039268 0.043608789 0.066933673 0.042737724 0.059345343 0.048242542 0.093337627 0.11752578 0.06504661 0.04176065 0.042483924 0.087887651 0.069399955 0.10334579 0.099578254 0.10051339 0.096237582
-9999 -9999 -9999 0.059185993 0.051453394 0.060098474 0.043479654 0.082963626 0.034845667 0.082734169 0.062816341 0.053212885 0.072197612 0.05353977 0.104746 0.083598743 0.04340775 0.072504918 0.038684055 0.050587651 0.075481413 0.031724923 0.029955375 0.067039596 0.076586185 0.062308556 0.089708132 0.074034133 0.13504058 0.080239033 0.0649374 0.081177584 0.052456236 0.068300011 0.098707686 0.092205362 0.03816567 0.028467113 0.059541413 0.044772746 0.050412261 0.062119278 0.077011068 0.080643405 0.054395356 0.043354959 0.030512286 0.061997248 0.088169676 0.056521689 0.063540514 0.041276664 0.069695575 0.063580903 0.054999796 0.059536294
