Data/GIS/C580Y/bfa-mvmt-travel-tuned-sq.asc
ncols         173
nrows         126
xllcorner     224227.65281
yllcorner     1039207.04677
cellsize      5000
NODATA_value  -9999
[rows 50 to 74 of 126, columns 0 to 55 of 173]
-9999 -9999 -9999 -9999 -9999 -9999 -9999 -9999 -9999 -9999 -9999 -9999 -9999 -9999 -9999 -9999 -9999 -9999 -9999 -9999 -9999 -9999 -9999 -9999 -9999 -9999 -9999 -9999 0.01850319 0.041224801 0.067549579 0.043332145 0.040050325 0.032504413 0.069404043 0.041105517 0.083816926 0.047028974 0.12102952 0.049595541 0.077332481 0.0710398 0.059920117 0.062888867 0.029540866 0.068169277 0.062593948 0.031955804 0.074654527 0.060912694 0.07692731 0.044504433 0.084817355 0.044342837 0.069001036 0.088263815
-9999 -9999 -9999 -9999 -9999 -9999 -9999 -9999 -9999 -9999 -9999 -9999 -9999 -9999 -9999 -9999 -9999 -9999 -9999 -9999 -9999 -9999 -9999 -9999 -9999 -9999 -9999 -9999 0.026995282 0.038047363 0.063613013 0.066894967 0.058681599 0.074907692 0.058441128 0.055564034 0.077522729 0.087168279 0.061406105 0.032943925 0.040449259 0.055897055 0.055547734 0.067448837 0.053251321 0.046739038 0.041130535 0.058553287 0.079585554 0.04307885 0.082682198 0.049400116 0.059289416 0.052210866 0.067343376 0.062370799
-9999 -9999 -9999 -9999 -9999 -9999 -9999 -9999 -9999 -9999 -9999 -9999 -9999 -9999 -9999 -9999 -9999 -9999 -9999 -9999 -9999 -9999 -9999 -9999 0.019047619 0.019943017 -9999 -9999 0.039008901 0.025113372 0.037169207 0.078167649 0.085344432 0.046778697 0.034269663 0.10428756 0.082241877 0.068992271 0.055989761 0.041529623 0.058868905 0.044293903 0.076394444 0.037958169 0.048087674 0.082285621 0.0491567 0.038141895 0.046807706 0.030554854 0.076044187 0.028240739 0.043980973 0.056930861 0.035026266 0.04634189
-9999 -9999 -9999 -9999 -9999 -9999 -9999 -9999 -9999 -9999 -9999 -9999 -9999 -9999 -9999 -9999 -9999 -9999 -9999 -9999 -9999 -9999 -9999 0.017016824 0.039425808 0.042466219 0.05105626 0.059574869 0.028486708 0.033333346 0.054294626 0.09202339 0.056025305 0.10844567 0.092889781 0.061595793 0.066709457 0.036392787 0.059632957 0.067121257 0.057561981 0.056666699 0.067652488 0.04924242 0.053455036 0.073838516 0.027382019 0.040695811 0.043248987 0.044002739 0.030131017 0.058958679 0.073212109 0.038423975 0.089564659 0.041996888
-9999 -9999 -9999 -9999 -9999 -9999 -9999 -9999 -9999 -9999 -9999 -9999 -9999 -9999 -9999 -9999 -9999 -9999 -9999 -9999 -9999 -9999 -9999 0.022300423 0.016838049 0.037727128 0.069248152 0.053113488 0.030287004 0.048470173 0.041831512 0.063824251 0.023743555 0.077870352 0.097152363 0.060772508 0.074315604 0.045818182 0.047365879 0.065373132 0.080400305 0.073577195 0.053653014 0.053654974 0.064564187 0.025965837 0.05797851 0.040128124 0.078081776 0.11557235 0.053269401 0.069065621 0.047346489 0.045743873 0.045373681 0.053710145
-9999 -9999 -9999 -9999 -9999 -9999 -9999 -9999 -9999 -9999 -9999 -9999 -9999 -9999 -9999 -9999 -9999 -9999 -9999 -9999 -9999 -9999 -9999 -9999 0.037735693 0.025976813 0.029386335 0.036871258 0.020111133 0.032857156 0.038560871 0.045401071 0.064876262 0.035261157 0.055678964 0.050357828 0.04293598 0.072765074 0.037254906 0.066666577 0.058463539 0.071186917 0.07682 0.041465904 0.047065985 0.061984276 0.073777849 0.062277081 0.073013355 0.11584448 0.076951343 0.086217343 0.025492377 0.039300669 0.0577975 0.048492313
-9999 -9999 -9999 -9999 -9999 -9999 -9999 -9999 -9999 -9999 -9999 -9999 -9999 -9999 -9999 -9999 -9999 -9999 -9999 -9999 -9999 -9999 -9999 -9999 -9999 0.035897955 0.033771917 0.02715747 0.023089415 0.013022885 0.017685212 0.040821143 0.047303936 0.029322282 0.059137932 0.079790627 0.064334701 0.046474378 0.068849192 0.085045361 0.07404763 0.047509977 0.094734005 0.077422298 0.072933462 0.042645914 0.080769534 0.066814158 0.083615528 0.089764064 0.060385374 0.051157571 0.1237685 0.028782471 0.03940362 0.062217059
-9999 -9999 -9999 -9999 -9999 -9999 -9999 -9999 -9999 -9999 -9999 -9999 -9999 -9999 -9999 -9999 -9999 -9999 -9999 -9999 -9999 -9999 -9999 -9999 0.027006167 0.082876316 0.027777767 0.035194569 0.017939792 0.029868375 0.048927344 0.037994541 0.045524848 0.0351299 0.032378449 0.040201 0.027175882 0.071690902 0.041833333 0.043567246 0.048665539 0.054437229 0.065442188 0.077677698 0.068684201 0.078154443 0.066669936 0.068742697 0.053563147 0.049733684 0.030991543 0.039552239 0.068871556 0.063434984 0.074103725 0.029946524
-9999 -9999 -9999 -9999 -9999 -9999 -9999 -9999 -9999 -9999 -9999 -9999 -9999 -9999 -9999 -9999 -9999 -9999 -9999 -9999 -9999 -9999 -9999 -9999 0.025914634 0.062248953 0.022850159 0.080181724 0.043704599 0.016543284 0.037166169 0.046772797 0.025280707 0.068743527 0.029603581 0.047573242 0.031691655 0.10818094 0.049680041 0.037433889 0.081972048 0.036111094 0.054094081 0.050477442 0.074800804 0.079269107 0.10505366 0.13340933 0.0758322 0.087721757 0.055190865 0.026351351 0.10737518 0.055023346 0.04329948 0.090760092
-9999 -9999 -9999 -9999 -9999 -9999 -9999 -9999 -9999 -9999 -9999 -9999 -9999 -9999 -9999 -9999 -9999 -9999 -9999 -9999 -9999 -9999 -9999 -9999 0.039833206 0.025241763 0.061835853 0.04932094 0.10109542 0.027905453 0.057096414 0.093096665 0.046177079 0.085281176 0.072180801 0.027658784 0.035234382 0.059364245 0.068287552 0.078838661 0.047600538 0.052202555 0.046947436 0.06141913 0.071411138 0.072937083 0.045054795 0.043162387 0.064855453 0.088519838 0.045972813 0.035897408 0.082407464 0.058811395 0.041914193 0.020712275
-9999 -9999 -9999 -9999 -9999 -9999 -9999 -9999 -9999 -9999 -9999 -9999 -9999 -9999 -9999 -9999 -9999 -9999 -9999 -9999 -9999 -9999 -9999 -9999 0.033061224 0.028673631 0.023407256 0.037938639 0.11850266 0.046497591 0.059283333 0.045280381 0.044457323 0.054420067 0.046078781 0.045046103 0.044605262 0.04725309 0.061437765 0.054857939 0.038945571 0.03238545 0.045425277 0.052692695 0.055202266 0.066315141 0.059746403 0.02206656 0.070437897 0.070374943 0.067732921 0.10622448 0.069586556 0.070410483 0.027577349 0.047874568
-9999 -9999 -9999 -9999 -9999 -9999 -9999 -9999 -9999 -9999 -9999 -9999 -9999 -9999 -9999 -9999 -9999 -9999 -9999 -9999 -9999 -9999 -9999 0.038265306 0.032772994 0.034212858 0.036685307 0.067211885 0.059762805 0.073136223 0.061457785 0.029556921 0.040134269 0.048966106 0.035255111 0.052277065 0.051968721 0.067014919 0.038888887 0.055196658 0.064965857 0.028720816 0.041684452 0.06910798 0.051293811 0.083871952 0.027827905 0.06451438 0.10188897 0.074656011 0.050515233 0.060927434 0.10196487 0.1367642 0.10192671 0.056827325
-9999 -9999 -9999 -9999 -9999 -9999 -9999 -9999 -9999 -9999 -9999 -9999 -9999 -9999 -9999 -9999 -9999 -9999 -9999 -9999 -9999 -9999 0.027649068 0.044911125 0.064415152 0.040116947 0.03086424 0.030923693 0.098659298 0.030693565 0.071682112 0.082661483 0.045244662 0.034159342 0.074828006 0.038450343 0.044401446 0.027631579 0.094903725 0.035526332 0.050996885 0.04238805 0.039042707 0.067649482 0.045516842 0.040012984 0.036725973 0.035627 0.049987333 0.059516087 0.041388417 0.059414518 0.07661387 0.11133365 0.06629328 0.079876725
-9999 -9999 -9999 -9999 -9999 -9999 -9999 -9999 -9999 -9999 -9999 -9999 -9999 -9999 -9999 -9999 -9999 -9999 -9999 -9999 -9999 0.040066279 0.042013854 0.046735977 0.04273907 0.092006575 0.044537542 0.02596204 0.028928425 0.060819823 0.060350349 0.055208616 0.077324002 0.075045973 0.053819131 0.066922347 0.021638163 0.032532261 0.045729188 0.067628065 0.050006601 0.026695498 0.05271617 0.075493308 0.063774342 0.036323583 0.06740979 0.024054498 0.039249617 0.053 0.046411991 0.093260803 0.08595856 0.075296822 0.049043077 0.05480139
-9999 -9999 -9999 -9999 -9999 -9999 -9999 -9999 -9999 -9999 -9999 -9999 -9999 -9999 -9999 -9999 -9999 -9999 -9999 -9999 -9999 0.042004724 0.025022957 0.031119766 0.047359703 0.083786807 0.067248905 0.047890122 0.024853789 0.018963333 0.087079557 0.078154056 0.090770965 0.036988447 0.056073525 0.053145655 0.033035057 0.062376214 0.063277143 0.030236357 0.047744784 0.074314236 0.065653982 0.066580913 0.072440819 0.075561858 0.079090503 0.076272008 0.052142928 0.053666148 0.050170929 0.077542814 0.04469414 0.074681897 0.044332161 0.093426991
-9999 -9999 -9999 -9999 -9999 -9999 -9999 -9999 -9999 -9999 -9999 -9999 -9999 -9999 -9999 -9999 -9999 -9999 -9999 -9999 -9999 0.026475688 0.025183274 0.065568645 0.04664383 0.028860056 0.033912652 0.03532486 0.032598051 0.075496599 0.06601463 0.03847852 0.047205967 0.082506408 0.047462582 0.020762218 0.028571429 0.020085487 0.033900381 0.019457502 0.089577153 0.059765398 0.068415512 0.029251714 0.035865462 0.05185184 0.032276995 0.026988743 0.044051611 0.10571069 0.056721787 0.059865743 0.02981213 0.036740673 0.030255568 0.094038092
-9999 -9999 -9999 -9999 -9999 -9999 -9999 -9999 -9999 -9999 -9999 -9999 -9999 -9999 -9999 -9999 -9999 -9999 -9999 0.070006876 0.0278624 0.044189083 0.060796198 0.020795106 0.044057696 0.059410706 0.055366061 0.070191506 0.060187845 0.056207159 0.069701825 0.078886271 0.082314344 0.040386388 0.061379686 0.032660466 0.026323997 0.031008689 0.027462102 0.071409408 0.064677752 0.053397676 0.053174039 0.046758434 0.030886607 0.068074582 0.055948509 0.049067123 0.055771528 0.063054121 0.073501512 0.085997085 0.068924994 0.065280402 0.071614206 0.055781236
-9999 -9999 -9999 -9999 -9999 -9999 -9999 -9999 -9999 -9999 -9999 -9999 -9999 -9999 -9999 -9999 -9999 -9999 0.082408777 0.046589376 0.040356725 0.060913312 0.047684588 0.018333321 0.056803944 0.064915485 0.041978995 0.040940478 0.08362923 0.045929699 0.10283491 0.042037573 0.031805008 0.075542813 0.050098782 0.018109684 0.069784662 0.033736712 0.047465327 0.062370196 0.052774722 0.029782912 0.075508881 0.052328439 0.087590272 0.044130448 0.042852502 0.099029677 0.02931011 0.074457172 0.044942468 0.055168272 0.057555041 0.053534812 0.029376289 0.047750063
-9999 -9999 -9999 -9999 -9999 -9999 -9999 -9999 -9999 -9999 -9999 -9999 0.068614675 0.035797598 0.053645804 0.02681946 0.048310811 0.045315725 0.085873851 0.02815452 0.050754912 0.065408339 0.045294063 0.044883077 0.043678627 0.065517678 0.066689468 0.061160767 0.091963645 0.046396979 0.070672056 0.06306612 0.061129781 0.052735454 0.021610828 0.03537554 0.042233176 0.066758452 0.07454799 0.048834231 0.044668889 0.070197032 0.033454094 0.031089742 0.038519466 0.060282115 0.087922296 0.063115139 0.059887668 0.080347995 0.064843989 0.050726 0.045133857 0.041894701 0.079759075 0.043581414
-9999 -9999 -9999 -9999 -9999 -9999 -9999 -9999 0.035849057 0.030236121 0.046144393 0.029188238 0.023052254 0.038693242 0.10556949 0.053762121 0.071295956 0.044365171 0.039330714 0.028948616 0.056435249 0.078343365 0.050479751 0.029628688 0.037490871 0.08522178 0.058960405 0.083474206 0.033907839 0.038996813 0.063259897 0.060352707 0.0239627 0.028620217 0.024241218 0.03692385 0.041804682 0.040558821 0.057797869 0.066775965 0.078551562 0.054298044 0.036423619 0.035015102 0.044222257 0.050918496 0.080200663 0.067425319 0.052885086 0.10079573 0.052816564 0.032835821 0.020065938 0.058062278 0.068671779 0.056363062
-9999 -9999 -9999 -9999 -9999 -9999 -9999 0.02214009 0.039802594 0.026491869 0.033446627 0.02152434 0.033369852 0.053639057 0.032608332 0.033360398 0.02730733 0.048098519 0.04537478 0.021633067 0.12210322 0.089787343 0.021215238 0.044202623 0.04772149 0.049096856 0.082949929 0.022649859 0.039003758 0.064493146 0.024665552 0.033030093 0.033216783 0.11171272 0.040203871 0.032358844 0.030552797 0.040079543 0.023324011 0.043277977 0.036055063 0.039690915 0.052266096 0.063399344 0.040871772 0.047174204 0.045001481 0.079790069 0.027250102 0.044675759 0.056006722 0.030598969 0.033989541 0.021368576 0.04841402 0.039184628
-9999 -9999 -9999 -9999 -9999 -9999 0.026709423 0.059151154 0.026736489 0.049739369 0.022849073 0.038559082 0.026480235 0.029413592 0.03564743 0.07152681 0.040513579 0.053292126 0.051536112 0.045864172 0.023945556 0.071135739 0.043360778 0.079257926 0.0531079 0.035769074 0.065882399 0.036934432 0.057657717 0.061111158 0.037701625 0.039678707 0.041950474 0.037380971 0.040241854 0.062651852 0.060530543 0.055367533 0.084850842 0.065315723 0.048428462 0.049239258 0.063999043 0.055142491 0.060204324 0.051179385 0.027604166 0.060182606 0.047392833 0.080848407 0.037595285 0.04731695 0.039451917 0.019852929 0.041197891 0.045960117
-9999 -9999 -9999 0.044321945 0.039630439 0.031140412 0.037520793 0.031374151 0.06306081 0.029803654 0.030570344 0.032240285 0.11457945 0.049791279 0.065626507 0.029806085 0.029515771 0.055030707 0.025333342 0.034783686 0.08700504 0.034959348 0.036708448 0.034170388 0.067069525 0.060978425 0.052939805 0.033767429 0.045952263 0.093821826 0.051729944 0.048694642 0.044541485 0.064044652 0.11552149 0.042904291 0.058756523 0.036392967 0.10977787 0.062355635 0.032126085 0.073829421 0.059383538 0.042724006 0.036309502 0.055688036 0.020099493 0.052402191 0.10829899 0.036873 0.039660451 0.055756128 0.06364327 0.024662941 0.04882997 0.042033975
-9999 -9999 -9999 -9999 -9999 0.039673436 0.047304111 0.040955299 0.030825737 0.040480913 0.012329228 0.046390817 0.027293295 0.013888877 0.041328413 0.032681025 0.044118849 0.075593494 0.093094644 0.081867558 0.039500987 0.041580463 0.051760498 0.039022876 0.049149274 0.052081764 0.025416416 0.030788152 0.053539 0.053147547 0.030834017 0.045537304 0.074523168 0.047352009 0.04389985 0.042906741 0.049193331 0.04080023 0.050895765 0.051229492 0.06370475 0.033299472 0.027696982 0.046727303 0.024281282 0.035304659 0.046872292 0.041129639 0.069702294 0.065601058 0.038466426 0.046363395 0.038373942 0.089098325 0.027432113 0.06840766
-9999 -9999 -9999 -9999 -9999 -9999 0.069051329 0.024839745 0.03752757 0.036017644 0.026181234 0.024149283 0.079260638 0.041791662 0.039416736 0.042407152 0.043896978 0.087788564 0.043738697 0.067394907 0.066274005 0.062288351 0.087597489 0.061614201 0.027583983 0.046010836 0.051902705 0.045113093 0.062558876 0.058941704 0.062778427 0.07328605 0.066991288 0.024719101 0.055031447 0.0535 0.046740913 0.081880537 0.098053248 0.026047339 0.050687364 0.040257419 0.053453233 0.027128745 0.03948549 0.037274583 0.037041102 0.041138 0.072991214 0.044878322 0.070664686 0.045880753 0.043094144 0.047806309 0.061026122 0.052350495
