Data/GIS/C580Y/bfa-mvmt-travel-tail-sq.asc
ncols         173
nrows         126
xllcorner     224227.65281
yllcorner     1039207.04677
cellsize      5000
NODATA_value  -9999
[rows 50 to 74 of 126, columns 112 to 167 of 173]
0.072806393 0.077189242 0.076534569 0.08799101 0.041503501 0.086285635 0.1084065 0.073503747 0.087818757 0.088974423 0.047860167 0.10368745 0.066030501 0.054094186 0.044218241 0.074407949 0.065700673 0.037853571 0.051283069 0.11406479 0.091426369 0.045620016 0.065460261 0.062989803 0.062368994 0.034408629 0.047507757 0.037764529 0.045015034 0.02079646 0.045100871 0.021120253 0.031196538 0.029447131 0.011737778 0.039027792 0.045974399 0.043589769 0.01742437 -9999 -9999 -9999 -9999 -9999 -9999 -9999 -9999 -9999 -9999 -9999 -9999 -9999 -9999 -9999 -9999 -9999
0.098841235 0.086726946 0.061760589 0.081517116 0.075951721 0.10413051 0.095510609 0.043819675 0.075506114 0.077085726 0.056769068 0.084176744 0.05303477 0.13265305 0.056209856 0.058766821 0.045646067 0.055847939 0.04445979 0.050080111 0.040820215 0.027253667 0.045214556 0.032769461 0.034508678 0.067804141 0.041176471 0.046269894 0.021403411 0.028108421 0.024135008 0.071046226 0.029996387 0.060714286 0.035242036 0.062024387 0.052061615 0.066395316 0.023584906 0.022727273 -9999 -9999 -9999 -9999 -9999 -9999 -9999 -9999 -9999 -9999 -9999 0.036374455 0.054541881 0.064896387 -9999 -9999
0.11289676 0.05817492 0.12501909 0.10366679 0.073965072 0.10394096 0.091498679 0.098033582 0.10022142 0.057302483 0.063298746 0.050470466 0.035494134 0.099868988 0.065566038 0.12366389 0.065728944 0.039403315 0.11131533 0.061050279 0.067551637 0.059981868 0.029310869 0.0312778 0.041604008 0.038929416 0.035555553 0.072807018 0.025672492 0.061716139 0.037659875 0.027451 0.037634387 0.036776902 0.048888917 0.037383573 0.040994597 0.054843333 0.06377551 0.10663956 0.03497942 -9999 -9999 -9999 -9999 -9999 -9999 -9999 -9999 -9999 0.017783505 0.025845408 0.039819783 0.038782423 0.059407338 -9999
0.049705351 0.070871078 0.079084888 0.061946755 0.088714947 0.080709701 0.074306098 0.075543461 0.056963767 0.078713894 0.085423508 0.069516005 0.069721409 0.061889541 0.037581716 0.070934957 0.05797546 0.039789784 0.091536528 0.064872862 0.035252035 0.031375928 0.041150065 0.12310325 0.047632104 0.074316234 0.040658383 0.0589032 0.038421053 0.02380949 0.044253356 0.059316783 0.035186728 0.045257074 0.050137727 0.042712825 0.051470618 0.031745988 0.019444444 0.035416663 0.035147347 0.029885567 -9999 -9999 -9999 -9999 -9999 -9999 -9999 0.074887497 0.067444218 0.035708419 0.053713407 0.05754409 0.02815623 0.033469918
0.07982174 0.061207889 0.066047305 0.075091065 0.065890202 0.088059408 0.080519765 0.10366992 0.096021798 0.050894002 0.089994285 0.028696972 0.06451742 0.064388008 0.059477995 0.028186275 0.043901103 0.081974594 0.048746246 0.045594786 0.040899212 0.044685963 0.049749398 0.019972479 0.030914749 0.051843013 0.12647304 0.053565517 0.029521243 0.15390144 0.028525322 0.031788615 0.080939278 0.04949487 0.029661017 0.044181182 0.07957955 0.032371178 0.054967944 0.062830527 0.069374412 0.040174512 0.074913665 0.043103448 0.026928884 0.050955715 0.089620197 0.053338921 0.069589494 0.025416654 0.039463264 0.025749879 0.053787894 0.015576322 0.034761911 0.018285731
0.089599279 0.046909526 0.11305271 0.07301314 0.085156373 0.084148095 0.098560109 0.1048066 0.060198487 0.079778152 0.052159991 0.10872331 0.072772191 0.05015724 0.035100862 0.028421053 0.079526111 0.059574237 0.032225467 0.069444425 0.036439822 0.046630497 0.062440975 0.038840698 0.025591206 0.044482759 0.077114238 0.032333825 0.019402401 0.049307074 0.037688099 0.033744241 0.077932722 0.030150612 0.027627224 0.030701711 0.033227692 0.052227688 0.019607815 0.054744253 0.014308092 0.0788125 0.058559494 0.024496611 0.033500223 0.051977401 0.035389169 0.01930319 0.059882035 0.063977028 0.024656667 0.039387484 0.046411786 0.0235023 0.017543862 0.038000616
0.072035222 0.094423295 0.08688538 0.14199826 0.043548536 0.04755623 0.063823577 0.064062586 0.095757534 0.07379816 0.082453341 0.031594053 0.038047973 0.022592611 0.028524681 0.02658695 0.098366328 0.073625598 0.054919681 0.043898777 0.036501322 0.033454985 0.061670363 0.04588868 0.044930532 0.032658505 0.049404725 0.072475532 0.034357692 0.032581451 0.067678609 0.022759251 0.04767045 0.029874179 0.05372165 0.029518072 0.081604889 0.031432719 0.057804711 0.036011875 0.075618646 0.060486949 0.03099414 0.069847644 0.041985329 0.070324072 0.081568429 0.051844798 0.019093259 0.053249497 0.041587466 0.019196489 0.026202747 0.042564077 0.025114151 0.084575809
0.064756935 0.12071047 0.084366353 0.064750087 0.064001267 0.079742055 0.087449395 0.077574597 0.042651355 0.071589114 0.079344547 0.075902233 0.077939695 0.026906011 0.045052847 0.07481252 0.07591485 0.080723444 0.041784528 0.030241565 0.02093021 0.026882335 0.10447204 0.03436216 0.060653987 0.042507 0.066074812 0.0377315 0.056133709 0.044537988 0.061007112 0.037962243 0.096796953 0.049271845 0.033637942 0.026666696 0.036309521 0.053466804 0.025803706 0.024191682 0.022349866 0.071708401 0.055996967 0.070186693 0.061386139 0.033050847 0.032867084 0.020965278 0.022951667 0.024169239 0.047897303 0.031622385 0.020451052 0.025409624 0.022170749 0.039201183
0.067597026 0.06231282 0.081860119 0.06307179 0.080068205 0.079968685 0.1012255 0.074312126 0.068099559 0.1018229 0.092587902 0.081155268 0.057004761 0.067373072 0.027394632 0.035828189 0.055244755 0.047372709 0.041734664 0.12876146 0.066547919 0.082721706 0.071730883 0.065625434 0.0671875 0.10287635 0.037449309 0.026548673 0.056676351 0.025462963 0.043766887 0.060385307 0.03804742 0.071390557 0.094273988 0.048899371 0.042063503 0.035472973 0.044612961 0.054219364 0.036507937 0.034811153 0.06153237 0.03094831 0.039464575 0.06347032 0.01823063 0.018983488 0.022615015 0.015270159 0.011583012 0.058729013 0.053261939 0.031386286 0.02180058 -9999
0.070932458 0.0710855 0.11512639 0.13128149 0.09383867 0.079435969 0.053576524 0.055303004 0.083062056 0.038501612 0.073417848 0.05737472 0.061151954 0.053232107 0.03802819 0.040613806 0.079200441 0.068943785 0.073031825 0.091600762 0.078634949 0.052865064 0.080647692 0.063381967 0.041534021 0.039215612 0.0541071 0.035254602 0.051486178 0.062613393 0.06738352 0.057590771 0.071714882 0.055677062 0.036062258 0.06879165 0.043470102 0.052713195 0.067738596 0.037280728 0.024937937 0.038152651 0.081866551 0.032936506 0.032687792 0.050020756 0.094531763 0.07011949 0.039238561 0.035781561 0.021785682 0.042049061 0.018832462 -9999 -9999 -9999
0.10450792 0.085159907 0.1004341 0.099957569 0.12910614 0.060461873 0.056587922 0.077328051 0.12323925 0.06946148 0.04740507 0.074889868 0.06585 0.099377889 0.052424122 0.084261714 0.056620712 0.075587564 0.088888818 0.042925681 0.037054955 0.044388112 0.10545247 0.060706818 0.073861248 0.042682963 0.022510998 0.092039923 0.056578942 0.0563913 0.10744523 0.062962968 0.040814129 0.047252747 0.048843117 0.026044493 0.025 0.051488758 0.072984706 0.050599496 0.035086267 0.043956404 0.02391975 0.027620781 0.059940302 0.059552016 0.039372574 0.055944066 0.031372089 0.03029945 0.028286781 0.046964716 0.013306452 0.016483516 -9999 -9999
0.080533157 0.10112294 0.089689013 0.09831357 0.076966416 0.053052006 0.13187959 0.045882353 0.046434478 0.050834961 0.040588094 0.065566817 0.059520023 0.067068239 0.099308321 0.076865883 0.047318826 0.055257976 0.042235129 0.095095993 0.047786484 0.038690448 0.056540069 0.032323205 0.062308899 0.0625 0.038936211 0.055566144 0.038342653 0.059722204 0.055454545 0.032191781 0.044486215 0.051846418 0.070230948 0.027035069 0.02642932 0.040917298 0.030714419 0.026808956 0.027241656 0.033676534 0.026790305 0.036723136 0.032410977 0.035784312 0.05593529 0.027777778 0.027157712 0.04 0.022239741 0.018939394 0.019076265 0.052696029 0.067001231 -9999
0.11649357 0.11609427 0.089531043 0.082248998 0.056011274 0.062051825 0.042972094 0.070355992 0.073482599 0.065828866 0.078639227 0.039069542 0.070121951 0.081368826 0.10601182 0.076889275 0.10336892 0.059549194 0.078095025 0.060474706 0.031434791 0.045557252 0.030692633 0.098840609 0.017195767 0.079437058 0.068283028 0.04616663 0.033281852 0.073363659 0.055161511 0.062763587 0.044214719 0.048581596 0.027191557 0.067686036 0.032063524 0.030401204 0.021160714 0.0315556 0.022093535 0.027777755 0.073053414 0.031216771 0.046805525 0.023182932 0.029850746 0.028940203 0.02790067 0.045212766 0.043865131 0.036458304 0.042857143 0.070175439 0.06122449 0.05416675
0.13329854 0.079470436 0.090856633 0.073405417 0.084955098 0.054446372 0.075944969 0.040755935 0.093511786 0.049950296 0.077492507 0.075435344 0.067875554 0.081961407 0.065946103 0.1368726 0.070049848 0.051748519 0.041376468 0.11069895 0.058710317 0.060294956 0.066346154 0.032473458 0.036824324 0.034115664 0.054597009 0.027660543 0.073968263 0.049657078 0.063286718 0.032697176 0.035885736 0.056490775 0.036804333 0.041861689 0.034710744 0.044843776 0.033333333 0.079451304 0.032313233 0.032058504 0.040506329 0.11176471 0.048581963 0.05257732 0.02716763 0.066549296 0.030701776 0.051224955 0.050934551 0.088368083 0.030753964 0.058685493 0.022522514 0.050452361
0.11319493 0.10155047 0.089733397 0.083837861 0.099259864 0.12765873 0.061508112 0.089716001 0.088953812 0.073226429 0.093610695 0.093588848 0.095691151 0.092585428 0.084694149 0.13046611 0.10854611 0.077968761 0.05188568 0.039620656 0.059741842 0.026725123 0.029896665 0.077625903 0.064558214 0.038167403 0.050142941 0.061950245 0.048464911 0.040480151 0.055404266 0.062841267 0.062262541 0.044610543 0.04491417 0.040625019 0.06701749 0.060740741 0.023042955 0.082909832 0.047660851 0.072136828 0.021825357 0.088703235 0.057706426 0.029207066 0.027753644 0.013823081 0.055739704 0.02193625 0.04193725 0.055882388 0.028138571 0.039953928 0.036219658 0.016441123
0.097180149 0.076206815 0.074801029 0.066282542 0.057236029 0.079366779 0.068163628 0.097521187 0.075995221 0.079858379 0.057087633 0.085569449 0.10876227 0.067611555 0.093535819 0.071096424 0.082751868 0.10834118 0.074198187 0.084033562 0.091451814 0.056448086 0.08050409 0.048971233 0.046751088 0.05066829 0.076001958 0.07677715 0.018240739 0.10080902 0.09144839 0.055158373 0.059950355 0.12951368 0.063299636 0.028787832 0.026944417 0.067770405 0.073929006 0.083783649 0.098224709 0.034793799 0.03298202 0.038842761 0.03887926 0.036564622 0.017129611 0.029677103 0.081190476 0.038319166 0.029304 0.052282571 0.029702941 0.039617492 0.01980315 0.025914634
0.10009457 0.1189524 0.10612414 0.050197441 0.092387054 0.099534351 0.05477814 0.077765421 0.080535642 0.090439157 0.057699415 0.053898222 0.072264616 0.077691891 0.075765587 0.12056738 0.11627866 0.13770639 0.070150351 0.10081993 0.029998436 0.032053292 0.084851823 0.058250306 0.053226797 0.096414273 0.071153953 0.058794462 0.039148385 0.052105263 0.036357682 0.021486642 0.052332068 0.036182308 0.054131026 0.033860759 0.090994355 0.043791456 0.058248547 0.036832193 0.072311394 0.037681146 0.025558668 0.056549923 0.045610952 0.054495277 0.039412582 0.046585103 0.0270139 0.050370333 0.023522932 0.029303989 0.08439716 0.035229202 0.046825383 0.039277302
0.093004971 0.097574756 0.053380826 0.061419962 0.099647217 0.10625291 0.082490738 0.081415028 0.1120473 0.038101258 0.080392363 0.082573157 0.040993995 0.085622469 0.073230354 0.095243217 0.14336979 0.078463003 0.088309816 0.054113922 0.074558073 0.094551688 0.08832673 0.099447893 0.067528437 0.065695346 0.096127398 0.077122112 0.056132075 0.035379367 0.039741639 0.040843164 0.054372514 0.037367685 0.02835775 0.052789849 0.024791625 0.041118441 0.034679057 0.059863062 0.083034388 0.038673591 0.057774366 0.066343052 0.055054608 0.092173691 0.032973647 0.037502893 0.036546213 0.035933597 0.047784059 0.026408451 0.047188711 0.032239009 0.04291663 0.036496126
0.10374205 0.082736105 0.048299622 0.057193706 0.074623035 0.10126751 0.11648718 0.075898834 0.061585433 0.065150952 0.07113315 0.066300795 0.070554612 0.043317159 0.093664313 0.11030947 0.085612378 0.066651724 0.094094636 0.041942607 0.07976092 0.063693757 0.058037671 0.053360817 0.040946421 0.030198357 0.044342505 0.071413544 0.083774321 0.062236278 0.030348254 0.063790996 0.043994054 0.081140395 0.03071689 0.018821961 0.044612727 0.063487063 0.021995019 0.028055553 0.04269447 0.062681283 0.086182712 0.095555196 0.088102959 0.067772466 0.042217824 0.061352917 0.044724844 0.035697423 0.051324518 0.039285714 0.046146881 0.051473968 0.026626241 0.1004902
0.085378935 0.10407072 0.066983824 0.092532246 0.066870503 0.065324377 0.074770709 0.05011185 0.10765605 0.024061025 0.052469136 0.047553788 0.050350874 0.051621605 0.0744962 0.091343756 0.079028938 0.14616533 0.087974524 0.079954733 0.061609125 0.034230402 0.051418833 0.078119855 0.080324328 0.021839055 0.044114649 0.03842315 0.064503179 0.030952374 0.051342121 0.030099507 0.037797941 0.055300445 0.059435805 0.069323623 0.035258613 0.039471556 0.05964482 0.039324556 0.052603202 0.035638943 0.06125138 0.066885141 0.057519401 0.080577732 0.082105401 0.046451828 0.07103033 0.053791028 0.045355383 0.088847157 0.063155941 0.034135778 0.095209293 0.047813469
0.06715709 0.093139125 0.061934417 0.06242277 0.071132255 0.18411237 0.044489592 0.06672372 0.06399868 0.056225458 0.045983916 0.026134101 0.039633873 0.053562979 0.070129181 0.065213652 0.05623745 0.071750879 0.039077695 0.087151573 0.050406209 0.07897759 0.032999387 0.11334451 0.057606242 0.071880664 0.023065446 0.026525743 0.061712826 0.038733852 0.040140031 0.016460901 0.052052796 0.044746337 0.079526123 0.0404444 0.030435158 0.050608157 0.036292758 0.032064315 0.046878053 0.036760463 0.06688428 0.031711987 0.074648284 0.099280589 0.07754095 0.050671646 0.063128903 0.077297925 0.0952048 0.04930163 0.064315735 0.11544761 0.05028352 0.025641026
0.082975913 0.11042451 0.091307399 0.072453739 0.049906592 0.082792725 0.080481587 0.05884087 0.074605077 0.067833332 0.03960396 0.058549207 0.050970805 0.039249969 0.07980664 0.079340901 0.049065418 0.096787845 0.053958871 0.11248121 0.059669121 0.037029148 0.040636185 0.04342276 0.031358434 0.056557208 0.041199109 0.075628798 0.051045656 0.046014457 0.1278665 0.047314699 0.02011494 0.033333333 0.058608 0.049166667 0.027210878 0.020273713 0.017183416 0.094707739 0.060334632 0.044829403 0.038380147 0.023364975 0.075694596 0.057869773 0.10463757 0.068363564 0.06662287 0.078573094 0.057682323 0.023145143 0.039668779 0.055284549 0.047641984 0.08790226
0.096110752 0.088453978 0.084159207 0.061589091 0.065215681 0.058537311 0.088058314 0.091213249 0.049561056 0.055174759 0.049349098 0.043173844 0.078393541 0.069542861 0.037648071 0.056458667 0.024390244 0.074165462 0.074905943 0.076915736 0.053708315 0.018666685 0.050290014 0.065946087 0.016346154 0.028333319 0.022231306 0.039829447 0.028627068 0.067399231 0.026324769 0.025318896 0.013860145 0.016311042 0.03314699 0.043117746 0.033100559 0.021057366 0.017626469 0.023316911 0.032358196 0.038438179 0.050425686 0.036499078 0.065447904 0.087081143 0.069954147 0.067817518 0.061867133 0.072980666 0.035010228 0.050094915 0.036954375 0.028571429 0.035037841 0.086150282
0.087435728 0.086019098 0.09174688 0.14079006 0.059490846 0.060991674 0.040757265 0.039660617 0.057596026 0.066145645 0.053130005 0.07491441 0.070443176 0.03441 0.040724787 0.059191839 0.047056013 0.056628996 0.10114408 0.10856269 0.090143204 0.023859632 0.16004751 0.037829453 0.023821545 0.039281164 0.031914374 0.028282828 0.023989886 0.05012997 0.0244444 0.03740581 0.031504024 0.058812218 0.035223749 0.11134769 0.020786517 0.033740245 0.036924015 0.053207981 0.081070958 0.064068351 0.042587334 0.036597706 0.071101517 0.087904986 0.077162675 0.07346961 0.020808947 0.027997601 0.03657817 0.043296933 0.046491364 0.033333284 0.03389219 0.062451213
0.071597842 0.10657058 0.07604916 0.050451513 0.062215082 0.072071779 0.029501133 0.049356737 0.043038292 0.095941754 0.066773051 0.077625314 0.07201999 0.063900201 0.052541028 0.034452078 0.047002966 0.03637053 0.086253693 0.10777231 0.026349043 0.049536103 0.05133336 0.032653061 0.048740676 0.032020747 0.039193932 0.014492717 0.037037059 0.019538629 0.027058822 0.052608728 0.028514667 0.023248488 0.042301221 0.048757102 0.036739635 0.039000636 0.034407895 0.049594334 0.04958841 0.044586407 0.1428732 0.082587 0.072694818 0.028690475 0.037992672 0.044144132 0.023006522 0.031341315 0.034529148 0.072151138 0.057321708 0.061324744 0.050347292 0.035357143
