Data/GIS/C580Y/bfa-mvmt-marshall-stock-sq.asc
ncols         173
nrows         126
xllcorner     224227.65281
yllcorner     1039207.04677
cellsize      5000
NODATA_value  -9999
[rows 100 to 124 of 126, columns 0 to 55 of 173]
-9999 0.046468709 0.09048962 0.061391913 0.087322715 0.098779336 0.1705156 0.10666602 0.05184418 0.090618653 0.051780641 0.12364112 0.055578887 0.093507511 0.07418594 0.091044653 0.094067956 0.084574364 0.08526328 0.10098194 0.12245692 0.058257604 0.087119122 0.089725958 0.10222899 0.087970258 0.095776465 0.10518762 0.049292909 0.043140237 0.057798389 0.058872129 0.093785479 0.075009284 0.06763943 0.08828089 0.048239259 0.045367615 0.057472543 0.12489458 0.059789286 0.072848038 0.059078079 0.05491 0.066696032 0.061558178 0.074449241 0.041847045 0.049752588 0.044558242 0.07363644 0.043655679 0.033122516 0.046865276 0.045317444 0.073888322
-9999 0.12601029 0.068903691 0.062584018 0.076327496 0.058420101 0.073988082 0.078393537 0.072666992 0.04789694 0.095033522 0.070657086 0.070544053 0.0976511 0.064778416 0.074749915 0.087181662 0.070726751 0.093021096 0.076986624 0.077112134 0.071706117 0.080984228 0.040875705 0.07955659 0.043811173 0.07629109 0.067838326 0.06288838 0.032477341 0.10579298 0.070342581 0.065708618 0.055301845 0.075668721 0.0507277 0.11522531 0.069393844 0.12391761 0.06013848 0.056556962 0.089116851 0.11023503 0.068063488 0.054639252 0.064993213 0.069937838 0.05525482 0.084264619 0.050152978 0.02622314 0.086509255 0.10074021 0.071096916 0.076504866 0.097389301
0.055842634 0.092097535 0.083952133 0.056174024 0.044861543 0.086719937 0.083891304 0.093209301 0.094038474 0.080414184 0.052045714 0.073245652 0.057228778 0.065306272 0.091860045 0.090877581 0.084415656 0.088366198 0.084638466 0.050067423 0.084582941 0.10382618 0.067216299 0.10646261 0.02728678 0.064532606 0.039823458 0.12829636 0.067468567 0.059318358 0.052524901 0.1060704 0.06531265 0.063795261 0.11371887 0.056179536 0.076548412 0.044471294 0.049164899 0.070366135 0.052044242 0.092361399 0.039781468 0.078222012 0.061503804 0.072453345 0.032618954 0.079951947 0.032300344 0.068021207 0.027640539 0.11213865 0.064098801 0.044791667 0.064680336 0.067789369
0.044715427 0.09512386 0.075528464 0.1125183 0.084265622 0.091428084 0.073186131 0.038706164 0.048145141 0.053534802 0.087120713 0.080353961 0.089682367 0.049807692 0.073314428 0.088028993 0.037799036 0.10445348 0.093827099 0.04602105 0.069244145 0.12407077 0.046097674 0.035375478 0.040690828 0.086482107 0.030636081 0.064900983 0.046444696 0.087299559 0.056345612 0.054502741 0.093525336 0.085890441 0.03355822 0.074306146 0.12121605 0.087170009 0.057014015 0.058861264 0.11358022 0.083871676 0.088921875 0.047384594 0.071944423 0.050201732 0.095900313 0.07395288 0.065079869 0.053410677 0.061396473 0.074184675 0.10837528 0.052587898 0.038229872 0.092123486
-9999 0.062411471 0.10550717 0.03170601 0.044327177 0.037685194 0.028413284 0.078559648 0.047711077 0.06178957 0.077827626 0.086858005 0.077097187 0.088937128 0.094552365 0.057034778 0.058038637 0.092246471 0.059598889 0.036727311 0.079124455 0.064894437 0.060547733 0.039271255 0.061099634 0.039441377 0.0455238 0.064719289 0.032635461 0.062946991 0.083333228 0.046795062 0.07005104 0.077737905 0.079039188 0.08176044 0.064138328 0.069989892 0.1103348 0.12332461 0.05012835 0.041476554 0.060653816 0.071455296 0.0688875 0.046620952 0.057408793 0.091423973 0.049221088 0.070388444 0.10570306 0.092441888 0.056804503 0.086778222 0.046601835 0.11001105
-9999 -9999 0.038241319 0.097991085 0.036794441 0.075373299 0.063795852 0.04516131 0.036819931 0.033938814 0.10116221 0.080348 0.1011841 0.059714047 0.054389691 0.034560375 0.053862661 0.057795663 0.065782155 0.044894046 0.13210808 0.041198502 0.063910269 0.097767991 0.056406415 0.078340781 0.081399884 0.036462446 0.080178123 0.087667006 0.10901096 0.055576735 0.067438793 0.088154108 0.030256907 0.06907332 0.07625881 0.054780864 0.042030951 0.069112162 0.081807124 0.043495259 0.055087521 0.063304854 0.10536436 0.066326109 0.049795488 0.064741988 0.14780842 0.07498633 0.12068207 0.13434916 0.076705382 0.089929662 0.07682026 0.052747271
-9999 -9999 -9999 -9999 -9999 -9999 -9999 -9999 -9999 0.093706632 0.073603599 0.032551455 0.084352581 0.10131882 0.085977392 0.07091787 0.070261014 0.0477309 0.14378509 0.05492297 0.059982635 0.063969005 0.050510219 0.062438724 0.039372313 0.10124879 0.093659529 0.048784107 0.06114884 0.10363876 0.051415989 0.031019163 0.045428987 0.06435195 0.072023975 0.047572466 0.089561131 0.092139129 0.10504865 0.059416296 0.049553467 0.078593975 0.058688149 0.1012233 0.070570298 0.072555254 0.075238039 0.037260253 0.097079659 0.13015683 0.072142014 0.11223156 0.067792419 0.14135866 0.079153383 0.04687925
-9999 -9999 -9999 -9999 -9999 -9999 -9999 -9999 -9999 0.058382663 0.04203808 0.13642173 0.081213361 0.08913 0.068888932 0.07233697 0.10693323 0.083341915 0.037301571 0.10116158 0.069851401 0.061583027 0.081730808 0.057352406 0.037142857 0.059880169 0.078592831 0.066223619 0.033988804 0.065096784 0.05812066 0.064876524 0.061136473 0.047408121 0.081766394 0.081694115 0.073994267 0.031995856 0.053971754 0.078937828 0.050248162 0.043289145 0.05997352 0.078008898 0.062334863 0.091363178 0.063440003 0.062298133 0.071527268 0.074687842 0.068056157 0.048463953 0.041267432 0.097056794 0.068016512 0.034000731
-9999 -9999 -9999 -9999 -9999 -9999 -9999 -9999 -9999 0.054244304 0.079026798 0.061121828 0.067888669 0.058808587 0.078433985 0.075133561 0.029411765 0.042943548 0.079585681 0.10335775 0.066071445 0.05958574 0.070895455 0.082509712 0.065588135 0.023809512 0.083117756 0.066280455 0.029456844 0.10442762 0.075615353 0.053175739 0.061799064 0.060986091 0.051473184 0.07157379 0.056733763 0.074385022 0.084248848 0.075882919 0.047323052 0.047383449 0.053981447 0.065524183 0.057003766 0.073991173 0.042817666 0.090132006 0.065937667 0.043700706 0.025282062 0.077185459 0.15042153 0.084775659 0.046323529 0.082263241
-9999 -9999 -9999 -9999 -9999 -9999 -9999 -9999 -9999 -9999 0.079411765 0.046798475 0.067293887 0.053479827 0.075332 0.069820229 0.089681285 0.072986125 0.033637148 0.1124501 0.057002312 0.049634493 0.03619219 0.053037239 0.064591078 0.057724839 0.046964285 0.062116814 0.05994096 0.049919933 0.035547343 0.054196522 0.055760122 0.044699753 0.097201783 0.045206873 0.061768566 0.06245103 0.056112311 0.1798434 0.084090707 0.076746884 0.06104863 0.06821782 0.089789351 0.072300155 0.046124834 0.081520054 0.063891125 0.055268794 0.026187261 0.07866885 0.063048119 0.072132646 0.042351575 0.061829153
-9999 -9999 -9999 -9999 -9999 -9999 -9999 -9999 -9999 -9999 0.075000033 0.053501006 0.05267266 0.052728634 0.057139573 0.099117011 0.11225633 0.046243957 0.099755774 0.064058311 0.063360489 0.066997462 0.048440561 0.06 0.10796572 0.037375634 0.14755118 0.055632352 0.084055882 0.085966819 0.038662806 0.075404028 0.083492335 0.051550704 0.05715348 0.052132155 0.078515551 0.09343495 0.11141702 0.046710746 0.046050694 0.072095793 0.055781818 0.055321304 0.08574846 0.079136472 0.040948276 0.059394315 0.12215657 0.059336389 0.08938119 0.10030422 0.055631648 0.036533139 0.078554755 0.055912639
-9999 -9999 -9999 -9999 -9999 -9999 -9999 -9999 -9999 -9999 -9999 -9999 0.08820051 0.092566338 0.038775731 0.068840493 0.080075578 0.078982118 0.066025625 0.058856197 0.10633951 0.085234195 0.051529787 0.070556337 0.077261184 0.10377196 0.064866962 0.063977314 0.048667626 0.095720532 0.0446154 0.073944373 0.046133376 0.11236892 0.092648552 0.049178617 0.030449969 0.064405826 0.097679815 0.068285363 0.086080973 0.035475527 0.031372788 0.073242888 0.074932339 0.04951412 0.066483918 0.090988517 0.089209165 0.051253503 0.030349815 0.063025079 0.027570298 0.0643805 0.047145932 0.056021628
-9999 -9999 -9999 -9999 -9999 -9999 -9999 -9999 -9999 -9999 -9999 -9999 0.078104561 0.044239775 0.0516389 0.036755722 0.04041893 0.065163412 0.057987861 0.028848975 0.070629848 0.072046754 0.026575288 0.052252934 0.082104767 0.047672387 0.066184421 0.046984786 0.081568543 0.11490464 0.043098668 0.073809445 0.062711355 0.071848176 0.061145291 0.047855874 0.076249042 0.081463559 0.076505164 0.057855996 0.090694533 0.092170743 0.066147475 0.062032393 0.031956953 0.098370057 0.077951469 0.069418291 0.050940826 0.068204823 0.084234706 0.04339207 0.061436113 0.10705035 0.077114138 0.039590233
-9999 -9999 -9999 -9999 -9999 -9999 -9999 -9999 -9999 -9999 -9999 -9999 0.071875529 0.078409286 0.035477963 0.039085513 0.037429322 0.055254775 0.047947757 0.038471921 0.07637768 0.04512038 0.041448341 0.033647155 0.038019819 0.036674416 0.0650693 0.033866525 0.058753779 0.05070587 0.055886154 0.032693272 0.057088991 0.10247843 0.029736117 0.061320507 0.069503399 0.063192451 0.082155007 0.054487731 0.10843515 0.088042716 0.037654649 0.07347753 0.059676352 0.1192078 0.066040019 0.0682441 0.065204491 0.051410918 0.048235345 0.083009474 0.058198406 0.046918277 0.046088434 0.054289747
-9999 -9999 -9999 -9999 -9999 -9999 -9999 -9999 -9999 -9999 -9999 -9999 0.051492537 0.088157651 0.038238896 0.027815338 0.080843222 0.035472973 0.054223068 0.04602649 0.058647377 0.06708788 0.11857764 0.044707206 0.10783719 0.10062933 0.059023674 0.07091194 0.092925041 0.044370585 0.05489857 0.11879201 0.038901683 0.082664481 0.06046304 0.098798575 0.038636655 0.046583134 -9999 -9999 -9999 -9999 -9999 -9999 -9999 0.075963359 0.090490919 0.085591741 0.07612768 0.056249363 -9999 0.085319342 0.061358621 0.058526609 0.023036842 0.049711003
-9999 -9999 -9999 -9999 -9999 -9999 -9999 -9999 -9999 -9999 -9999 -9999 -9999 -9999 0.070462079 0.043750019 0.04847973 0.073928571 0.037352241 0.079540228 0.0342619 0.075633292 0.091967132 0.039825208 0.027162437 0.044646031 0.071193644 0.065699176 0.077780556 0.093455264 0.051964304 0.028805255 0.021825375 0.027546753 0.090895236 -9999 -9999 -9999 -9999 -9999 -9999 -9999 -9999 -9999 -9999 -9999 -9999 -9999 0.033136095 0.039825028 -9999 0.095899286 0.10147886 0.089249113 0.04739358 0.092437668
-9999 -9999 -9999 -9999 -9999 -9999 -9999 -9999 -9999 -9999 -9999 -9999 -9999 -9999 -9999 -9999 0.048231765 0.043452348 0.068462702 0.056306304 0.040247253 0.03501332 0.022084736 0.048376061 0.06318955 0.080150582 0.080766572 0.096192268 0.054004068 0.052403116 -9999 0.045724229 -9999 -9999 -9999 -9999 -9999 -9999 -9999 -9999 -9999 -9999 -9999 -9999 -9999 -9999 -9999 -9999 -9999 -9999 -9999 -9999 -9999 0.064890706 0.13051324 0.073272902
-9999 -9999 -9999 -9999 -9999 -9999 -9999 -9999 -9999 -9999 -9999 -9999 -9999 -9999 -9999 0.064159432 0.022112993 0.042270507 0.025284413 0.050959209 0.083425732 0.077684086 0.057456127 0.049649572 0.061204177 0.062778102 0.099981879 0.03962957 0.039967684 -9999 -9999 -9999 -9999 -9999 -9999 -9999 -9999 -9999 -9999 -9999 -9999 -9999 -9999 -9999 -9999 -9999 -9999 -9999 -9999 -9999 -9999 -9999 -9999 0.045833875 0.079435826 0.042245481
-9999 -9999 -9999 -9999 -9999 -9999 -9999 -9999 -9999 -9999 -9999 -9999 -9999 -9999 -9999 -9999 -9999 0.046981598 0.08468209 0.038282116 0.028539805 -9999 0.036478019 0.048111487 0.048453376 0.041954605 0.050158756 -9999 -9999 -9999 -9999 -9999 -9999 -9999 -9999 -9999 -9999 -9999 -9999 -9999 -9999 -9999 -9999 -9999 -9999 -9999 -9999 -9999 -9999 -9999 -9999 -9999 -9999 0.093465902 0.058267387 0.036847331
-9999 -9999 -9999 -9999 -9999 -9999 -9999 -9999 -9999 -9999 -9999 -9999 -9999 -9999 -9999 -9999 -9999 -9999 0.036184211 -9999 0.052672925 -9999 0.081899677 0.045652753 0.076738153 0.078753514 0.027777218 -9999 -9999 -9999 -9999 -9999 -9999 -9999 -9999 -9999 -9999 -9999 -9999 -9999 -9999 -9999 -9999 -9999 -9999 -9999 -9999 -9999 -9999 -9999 -9999 -9999 -9999 -9999 -9999 0.069260119
-9999 -9999 -9999 -9999 -9999 -9999 -9999 -9999 -9999 -9999 -9999 -9999 -9999 -9999 -9999 -9999 -9999 -9999 -9999 -9999 -9999 -9999 -9999 -9999 0.041071429 0.048822248 0.043800147 -9999 -9999 -9999 -9999 -9999 -9999 -9999 -9999 -9999 -9999 -9999 -9999 -9999 -9999 -9999 -9999 -9999 -9999 -9999 -9999 -9999 -9999 -9999 -9999 -9999 -9999 -9999 -9999 -9999
-9999 -9999 -9999 -9999 -9999 -9999 -9999 -9999 -9999 -9999 -9999 -9999 -9999 -9999 -9999 -9999 -9999 -9999 -9999 -9999 -9999 -9999 -9999 -9999 0.058285718 -9999 -9999 -9999 -9999 -9999 -9999 -9999 -9999 -9999 -9999 -9999 -9999 -9999 -9999 -9999 -9999 -9999 -9999 -9999 -9999 -9999 -9999 -9999 -9999 -9999 -9999 -9999 -9999 -9999 -9999 -9999
-9999 -9999 -9999 -9999 -9999 -9999 -9999 -9999 -9999 -9999 -9999 -9999 -9999 -9999 -9999 -9999 -9999 -9999 -9999 -9999 -9999 -9999 -9999 -9999 -9999 -9999 -9999 -9999 -9999 -9999 -9999 -9999 -9999 -9999 -9999 -9999 -9999 -9999 -9999 -9999 -9999 -9999 -9999 -9999 -9999 -9999 -9999 -9999 -9999 -9999 -9999 -9999 -9999 -9999 -9999 -9999
-9999 -9999 -9999 -9999 -9999 -9999 -9999 -9999 -9999 -9999 -9999 -9999 -9999 -9999 -9999 -9999 -9999 -9999 -9999 -9999 -9999 -9999 -9999 -9999 -9999 -9999 -9999 -9999 -9999 -9999 -9999 -9999 -9999 -9999 -9999 -9999 -9999 -9999 -9999 -9999 -9999 -9999 -9999 -9999 -9999 -9999 -9999 -9999 -9999 -9999 -9999 -9999 -9999 -9999 -9999 -9999
-9999 -9999 -9999 -9999 -9999 -9999 -9999 -9999 -9999 -9999 -9999 -9999 -9999 -9999 -9999 -9999 -9999 -9999 -9999 -9999 -9999 -9999 -9999 -9999 -9999 -9999 -9999 -9999 -9999 -9999 -9999 -9999 -9999 -9999 -9999 -9999 -9999 -9999 -9999 -9999 -9999 -9999 -9999 -9999 -9999 -9999 -9999 -9999 -9999 -9999 -9999 -9999 -9999 -9999 -9999 -9999
