Data/GIS/C580Y/bfa-mvmt-marshall-stock-sq.asc
ncols         173
nrows         126
xllcorner     224227.65281
yllcorner     1039207.04677
cellsize      5000
NODATA_value  -9999
[rows 25 to 49 of 126, columns 56 to 111 of 173]
-9999 -9999 0.029045324 0.061520123 0.055620601 0.063619841 0.13530105 0.10158031 0.08576807 0.058064516 0.087266927 0.088459934 0.065015237 0.15490923 0.10456291 0.067240892 0.081796422 0.090124703 0.054031365 0.030620153 0.086296795 0.084006094 0.075530322 0.030246898 0.065779946 0.078092836 0.067812484 0.083401429 0.081172208 0.041079867 0.066278435 0.075219932 0.051096474 0.072854674 0.073666103 0.11089503 0.090446311 0.060439796 0.070298546 0.054359096 0.045412235 0.055459794 0.083345059 0.054448399 0.10195274 0.050736541 0.051385172 0.043685698 0.071101515 0.049719288 0.048424512 0.067162443 0.072857767 0.06523686 0.049563817 0.04113348
-9999 -9999 0.093531375 0.045737539 0.026701626 0.08338951 0.067125916 0.068529016 0.064376496 0.063220455 0.078993602 0.072053185 0.095822384 0.036745488 0.10729765 0.066328718 0.096525904 0.064907663 0.09068838 0.061982389 0.07004558 0.11410854 0.060769896 0.037921804 0.053265082 0.077310009 0.08934447 0.068572618 0.039863075 0.056835499 0.096856503 0.037967099 0.083438692 0.083699352 0.065985588 0.06575106 0.057733258 0.075554796 0.084754165 0.091080915 0.059862438 0.059748696 0.060792105 0.06702265 0.066794425 0.058046646 0.087278462 0.078531714 0.090553559 0.043111292 0.062597778 0.058916716 0.07023 0.052046888 0.094231937 0.090595561
-9999 -9999 0.065774726 0.071946027 0.03295476 0.079189936 0.11175086 0.058245632 0.059351857 0.088694117 0.098931379 0.086116995 0.08974672 0.10474778 0.10840466 0.10916875 0.067804316 0.081592708 0.11110246 0.054827425 0.062267548 0.08755356 0.10923589 0.076208641 0.086409192 0.053434944 0.044497092 0.05823121 0.088751858 0.066982401 0.055626014 0.074164518 0.056845723 0.082685525 0.12095962 0.064402591 0.10022927 0.084050147 0.11007214 0.072462679 0.101449 0.078111958 0.10614772 0.07830319 0.062878305 0.077278907 0.061311129 0.051561509 0.11803132 0.074601835 0.078835661 0.033829947 0.057527166 0.085430852 0.048530055 0.042102948
-9999 0.060180101 0.043822355 0.071582697 0.048333312 0.072721308 0.064938239 0.098612841 0.047561647 0.077511421 0.062561995 0.084584797 0.058024201 0.10981777 0.081116925 0.10429078 0.086846111 0.074576603 0.077922122 0.061787524 0.097727336 0.048148184 0.071257618 0.049803801 0.04469748 0.12132477 0.068047021 0.047586383 0.048185361 0.055881229 0.10117206 0.043472973 0.056205792 0.075322221 0.064246147 0.053535779 0.077174165 0.075888705 0.10449009 0.055574172 0.040463089 0.090945106 0.11159133 0.099256454 0.06747414 0.05484463 0.057964149 0.036601306 0.04497458 0.052074538 0.073909606 0.055341263 0.069802791 0.065919776 0.072780854 0.063879857
-9999 0.063075227 0.09116991 0.062658775 0.064533486 0.085527319 0.062234954 0.079298714 0.097377921 0.093160891 0.11109673 0.066818142 0.070595915 0.070356746 0.077875111 0.049358704 0.098920083 0.08323072 0.066140037 0.065287783 0.072533087 0.055034665 0.077691694 0.084575538 0.056884575 0.062845348 0.095461842 0.07527896 0.078101258 0.045138588 0.08727604 0.067251732 0.090385236 0.072973206 0.088660515 0.088775649 0.04851521 0.083556468 0.04896867 0.086530249 0.049580189 0.070863163 0.12038933 0.12611231 0.068239628 0.066774693 0.084350211 0.11993291 0.095159853 0.061713537 0.068468486 0.06325783 0.084341691 0.066090556 0.046304348 0.083189092
-9999 0.032490036 0.079846205 0.057190409 0.079522616 0.094819797 0.096490216 0.055360357 0.054614378 0.10848805 0.051958902 0.086782569 0.092726294 0.093990241 0.073423893 0.073934865 0.096265155 0.048582844 0.066264915 0.088025897 0.11399448 0.08055353 0.052354263 0.051082473 0.080323256 0.090479104 0.07784225 0.089052679 0.07555402 0.082436205 0.10325789 0.080491343 0.074851565 0.062066719 0.12525552 0.070115022 0.10529538 0.073889783 0.049727937 0.07409696 0.052181091 0.084823383 0.094022016 0.082241725 0.084639883 0.057170534 0.11453943 0.034184395 0.068420848 0.074570546 0.08199995 0.038497091 0.064700682 0.082960889 0.093377154 0.089971085
-9999 -9999 0.11406987 0.082133402 0.083121692 0.049768508 0.057043602 0.08489532 0.10010971 0.08392953 0.067070908 0.11463476 0.11028615 0.059355684 0.13073386 0.054643247 0.059233282 0.074364571 0.093935804 0.082271888 0.049015638 0.10917564 0.093649637 0.056041286 0.087923503 0.1042642 0.080787197 0.08744 0.07284232 0.10975371 0.053269653 0.077871465 0.087615918 0.08059384 0.1359754 0.10119802 0.070299746 0.094288926 0.076360256 0.064562604 0.073804359 0.074386935 0.1120119 0.083422115 0.053918938 0.073650581 0.059413324 0.066480614 0.046384615 0.049432178 0.11152163 0.049517205 0.072840045 0.063404412 0.094975373 0.054751796
0.045097985 0.063616591 0.035907862 0.085737231 0.11187248 0.06276369 0.067286817 0.059739963 0.057824576 0.098936318 0.1124311 0.14771358 0.13221134 0.12056219 0.074252606 0.079752717 0.11937232 0.074388298 0.089718236 0.075062598 0.10308598 0.041306417 0.15448162 0.055935466 0.061579372 0.093647913 0.097993344 0.062372752 0.072272994 0.070163875 0.10679561 0.078018881 0.052792326 0.043345198 0.060009248 0.080571724 0.078853331 0.058237218 0.076164873 0.060176975 0.042585397 0.090758479 0.0586325 0.05807759 0.07757881 0.08657952 0.10393017 0.045502828 0.10288019 0.11810774 0.093564004 0.10578011 0.094298485 0.068988152 0.060428044 0.045889372
0.072894757 0.058564815 0.074308808 0.056103345 0.079883474 0.11498505 0.051206199 0.10103926 0.071769716 0.086782185 0.095180607 0.11487575 0.11945066 0.078194887 0.11127263 0.097262683 0.069006595 0.079049994 0.061879308 0.074309443 0.084134382 0.092497379 0.097983987 0.10102885 0.069002188 0.053018503 0.090301562 0.085153081 0.065424722 0.092251646 0.085833906 0.06548581 0.083645609 0.070943343 0.075234592 0.067555556 0.092596835 0.09768284 0.12514531 0.066295869 0.054310316 0.090932275 0.049253806 0.044644537 0.085083151 0.077627833 0.078015444 0.055724769 0.058106893 0.078542975 0.0702163 0.095814336 0.07363474 0.063269111 0.099467752 0.067633351
0.034424611 0.032930725 0.092670345 0.065607543 0.056525907 0.063578413 0.12960041 0.085540319 0.10880648 0.10394884 0.1119556 0.096976717 0.12107011 0.092026462 0.07513235 0.091808756 0.056330797 0.076937388 0.061958062 0.056044651 0.077300482 0.052378129 0.088195294 0.061019277 0.13274691 0.10423675 0.086585358 0.10147567 0.099619495 0.091404113 0.062072078 0.10200591 0.078923572 0.10213329 0.080472414 0.074485714 0.056026021 0.049544661 0.056406019 0.093885578 0.112564 0.10173629 0.091494741 0.049295486 0.045047807 0.076823994 0.07283241 0.11444933 0.071226963 0.082973547 0.078181221 0.095272367 0.064718167 0.072235459 0.051944784 0.058855169
0.069623677 0.06622055 0.048980947 0.064502165 0.039840517 0.069580422 0.037696418 0.081345158 0.091723099 0.11383001 0.090343127 0.12073399 0.075694302 0.073006691 0.10120083 0.11502531 0.077942546 0.10068268 0.10413608 0.11142107 0.058620268 0.053000455 0.10636331 0.078292197 0.083567864 0.065935532 0.082312571 0.052630677 0.055156655 0.068509094 0.12023338 0.13102941 0.11962708 0.076052852 0.17360077 0.065608354 0.043815698 0.08376221 0.085234761 0.096553927 0.061652917 0.1130101 0.047590562 0.10991205 0.07671439 0.12550437 0.060197447 0.06989614 0.085984914 0.070020747 0.039969036 0.07101629 0.081486082 0.074127667 0.077222709 0.074975777
0.073636538 0.038319222 0.066539136 0.064496093 0.0579349 0.034408214 0.046590265 0.11615425 0.11485352 0.050585218 0.084273811 0.078745359 0.078422611 0.076113516 0.05373225 0.056594136 0.059526927 0.11707468 0.086654045 0.10490532 0.10846321 0.095745209 0.091253487 0.12949593 0.067678816 0.09157277 0.093733808 0.096156312 0.083534227 0.088055942 0.067973177 0.096524641 0.11132574 0.085180801 0.12813102 0.061056157 0.069752922 0.064403596 0.10402256 0.07848219 0.078076351 0.080142191 0.063189655 0.06193797 0.075573445 0.042210681 0.071957743 0.049948651 0.081638012 0.070389688 0.086006287 0.06649602 0.074915577 0.084906762 0.068009793 0.059523942
0.049985766 0.056504923 0.042168746 0.046745562 0.068010518 0.042517273 0.085555079 0.05145022 0.11376618 0.10100402 0.1028211 0.073292994 0.096145381 0.090153859 0.060875199 0.10421951 0.071281858 0.069777178 0.079716989 0.07544388 0.11783362 0.1126538 0.087735452 0.11126166 0.089532132 0.094188465 0.05937986 0.11289241 0.094011773 0.1608353 0.09422777 0.064077619 0.11176495 0.046802421 0.056287634 0.094228597 0.060352502 0.10888915 0.097399504 0.12460674 0.066823541 0.088886217 0.050350983 0.097287536 0.10286879 0.081711261 0.096242573 0.083342448 0.089724084 0.058706307 0.071132737 0.10275447 0.077305649 0.080249603 0.052515687 0.068185276
0.076804072 0.063662446 0.0623809 0.054342107 0.065050271 0.055837189 0.077519178 0.090160762 0.078691178 0.078565294 0.057393708 0.057006091 0.053586018 0.079449118 0.086845287 0.053028511 0.064973767 0.086854731 0.051796333 0.079052033 0.079140779 0.087988049 0.07602138 0.10237191 0.10578028 0.10740907 0.074359657 0.10329007 0.076227668 0.069012573 0.10554747 0.11007018 0.10355512 0.088817886 0.10865126 0.063192629 0.065198395 0.081847403 0.082839565 0.074320019 0.066536701 0.073785299 0.065837759 0.088312441 0.058063671 0.085374172 0.11169757 0.095580875 0.12609654 0.092619511 0.0969257 0.064517426 0.072086414 0.082577128 0.061433807 0.039622642
0.034964013 0.047553774 0.04337615 0.076123957 0.054105637 0.057034852 0.059032887 0.074914907 0.11040042 0.075878946 0.10437221 0.10319917 0.087850741 0.068592002 0.046071674 0.061894515 0.087349365 0.087346097 0.10597766 0.098211727 0.062420553 0.12696413 0.10865781 0.075745179 0.078007772 0.12811118 0.095745019 0.10643109 0.11363849 0.048858361 0.10140555 0.11545884 0.078980264 0.098828513 0.065774501 0.070923271 0.082555437 0.063141967 0.050089607 0.0833334 0.096880432 0.19520935 0.079480286 0.086486285 0.069071233 0.045614348 0.077200833 0.065920325 0.052872597 0.075811606 0.073806662 0.083146722 0.075615005 0.088453905 0.049388187 0.080655014
0.06195289 0.03722731 0.050335507 0.068856008 0.046962513 0.071940409 0.079858608 0.076767577 0.045718333 0.053933604 0.093810289 0.096166586 0.12337593 0.1320798 0.079782109 0.13494013 0.072476353 0.07848864 0.069156647 0.065021099 0.12488775 0.059954762 0.061559631 0.073169266 0.064476146 0.12141102 0.086450633 0.081840642 0.075688652 0.1003762 0.13007797 0.11806792 0.1302153 0.042804888 0.064718042 0.076185269 0.09988322 0.11219376 0.10964197 0.10730572 0.10393208 0.1074714 0.098419904 0.062574505 0.104084 0.10186186 0.062674684 0.062730649 0.096583412 0.06854836 0.10350214 0.067633735 0.09440708 0.083091875 0.069953243 0.064000836
0.058009326 0.047809211 0.075562773 0.082710358 0.095454903 0.055732571 0.055059773 0.043537662 0.080062879 0.085226254 0.085562143 0.14333538 0.100211 0.13532958 0.09405348 0.093154628 0.086564209 0.10568637 0.11638476 0.09863203 0.090667179 0.063311802 0.12129204 0.096850648 0.11016699 0.098552696 0.080257935 0.087522114 0.10957162 0.066853039 0.061553178 0.094798534 0.11466422 0.082802724 0.05237476 0.12972998 0.06311198 0.07909097 0.064804496 0.13503438 0.10732011 0.095545468 0.085380288 0.058567652 0.085386667 0.081138796 0.0606863 0.051816809 0.10938649 0.08748361 0.054053692 0.065968253 0.082451351 0.088291537 0.10412868 0.087802284
0.058338084 0.092524438 0.081892808 0.084270767 0.063810392 0.07560992 0.063893448 0.1007652 0.048394089 0.11318097 0.081632421 0.073725615 0.10564565 0.095060966 0.072900208 0.088942335 0.087720709 0.082183895 0.12133086 0.064411829 0.10719937 0.10746076 0.043336407 0.14530687 0.13797529 0.10838989 0.057709713 0.063149569 0.10251349 0.096008814 0.074046537 0.091967214 0.073347382 0.10532026 0.049880326 0.09613015 0.10782033 0.067111786 0.095069584 0.10624693 0.085483246 0.094375871 0.082213513 0.084482904 0.10974474 0.10641934 0.075571028 0.050995621 0.060233062 0.072520577 0.050372153 0.069267944 0.093747883 0.13977754 0.097118663 0.06728342
0.07401241 0.072960973 0.048305848 0.051303959 0.084290608 0.051212969 0.0696701 0.040119057 0.069692106 0.090752721 0.11199847 0.0904619 0.10939781 0.082093605 0.079461764 0.069410169 0.071455552 0.07849576 0.11924725 0.069279028 0.056701359 0.086932116 0.15642054 0.077338943 0.092340423 0.070219485 0.055938671 0.095462448 0.088870451 0.095861921 0.1198028 0.083824792 0.08481295 0.077443565 0.074114266 0.097393049 0.079718977 0.11622335 0.11913123 0.083525926 0.12272913 0.096652198 0.075191923 0.068986928 0.070635907 0.083995559 0.071863373 0.080435894 0.083236603 0.078678818 0.079089545 0.066733061 0.047411453 0.094731866 0.046844523 0.085395101
0.046813921 0.09675628 0.09787628 0.072198418 0.038015889 0.05183861 0.10624051 0.049970415 0.10142744 0.054143343 0.071738634 0.05855057 0.077077039 0.09016929 0.08405367 0.094114537 0.096081662 0.094261443 0.10587895 0.087324385 0.059641489 0.11436172 0.08632823 0.065083403 0.11770191 0.079335941 0.058654136 0.071464501 0.099084081 0.071773464 0.11999586 0.082537065 0.061524377 0.088703021 0.047178693 0.065683157 0.072646881 0.097102347 0.083801873 0.072741172 0.11022021 0.11516748 0.068969683 0.081631301 0.074801587 0.10514312 0.056538605 0.063996536 0.085435048 0.10022476 0.096555871 0.042708319 0.087738589 0.06355504 0.048549465 0.11157668
0.095449528 0.066294907 0.088724015 0.096077455 0.052245233 0.073245333 0.06471396 0.069184658 0.061785159 0.058101531 0.1083925 0.080659457 0.055239617 0.050270533 0.070856336 0.072445251 0.061598007 0.1003449 0.039976695 0.085074287 0.094931407 0.067421289 0.070570112 0.11461933 0.095980299 0.085166207 0.063744509 0.063864483 0.10800507 0.067982126 0.09956077 0.080998627 0.05114146 0.072370882 0.10302317 0.10355516 0.097211416 0.061840678 0.07184021 0.062794663 0.09995276 0.087917485 0.084388983 0.097149794 0.10013839 0.082091591 0.080894376 0.050861988 0.046476882 0.064072695 0.10769824 0.074475794 0.11890371 0.052529475 0.061486787 0.073245097
0.050107653 0.080479357 0.041002131 0.095789266 0.045287928 0.044651809 0.085351612 0.10858505 0.076760128 0.059575324 0.059444662 0.10352846 0.075272917 0.071161072 0.059683575 0.086948397 0.15472971 0.072508417 0.075862367 0.080400092 0.102341 0.074823312 0.052953062 0.053876266 0.11381791 0.064900906 0.13992676 0.10084278 0.12493318 0.07139821 0.12527278 0.1108556 0.072272261 0.054819787 0.087676392 0.12064824 0.11443845 0.089248782 0.072735925 0.083449547 0.10914614 0.054335022 0.082804025 0.093632479 0.11490027 0.10122444 0.095747099 0.11089805 0.058993218 0.054264214 0.050742554 0.086522788 0.057142593 0.060431545 0.090531289 0.078031732
0.047498113 0.057327702 0.031544785 0.04957535 0.053158135 0.11873669 0.079159326 0.042495069 0.082142054 0.074373806 0.070872787 0.043471376 0.074121031 0.08717491 0.12157781 0.10513975 0.096607828 0.065972188 0.088262897 0.094866226 0.083687197 0.090546163 0.061285249 0.087431411 0.11900925 0.078640792 0.076000088 0.079654184 0.056850218 0.10767374 0.071187229 0.089010531 0.071293311 0.077633649 0.078772191 0.094076683 0.1005027 0.095794876 0.084477374 0.067888563 0.11351688 0.11467724 0.10569457 0.10726076 0.076205048 0.08765685 0.08970748 0.058063266 0.066626347 0.070690206 0.095751306 0.091203333 0.12769904 0.094532697 0.051558347 0.075083229
0.053240443 0.045002937 0.058608434 0.074370807 0.06241665 0.066577143 0.076113108 0.09369755 0.10096161 0.082904173 0.078264124 0.082127395 0.078777778 0.075693156 0.076060377 0.080456468 0.065125493 0.094814498 0.066316821 0.079270078 0.059191617 0.072332491 0.081892185 0.090009764 0.075228477 0.072307357 0.05976726 0.049125013 0.072382671 0.069350772 0.11598524 0.079166678 0.059523779 0.035840106 0.088817887 0.056494617 0.094906 0.12361985 0.068096488 0.064962134 0.072031648 0.10134939 0.10895199 0.07626313 0.089333686 0.11386338 0.09679712 0.093561294 0.080770288 0.055053316 0.075780249 0.09352767 0.079608191 0.060843099 0.07049139 0.084239102
0.054460484 0.045352611 0.063008595 0.081563181 0.045695496 0.097931306 0.071013762 0.1200416 0.049466967 0.074740675 0.080827068 0.075997314 0.10973503 0.088757488 0.06215584 0.081631679 0.060104352 0.074284567 0.064742996 0.074867635 0.060022011 0.055440833 0.10037618 0.085045788 0.078808864 0.05562275 0.089554563 0.079356723 0.093088235 0.065505451 0.070684509 0.096006905 0.096704038 0.145679 0.10306822 0.072651134 0.060400349 0.10100581 0.056134528 0.095004534 0.076137549 0.091520285 0.061547858 0.077921363 0.087654296 0.057012325 0.11558927 0.078523787 0.069326517 0.077551497 0.096014859 0.10326347 0.09210605 0.085417235 0.063263872 0.07918472
