Data/GIS/C580Y/bfa-mvmt-travel-stock-sq.asc
ncols         173
nrows         126
xllcorner     224227.65281
yllcorner     1039207.04677
cellsize      5000
NODATA_value  -9999
[rows 0 to 24 of 126, columns 56 to 111 of 173]
-9999 -9999 -9999 -9999 -9999 -9999 -9999 -9999 -9999 -9999 -9999 -9999 -9999 -9999 -9999 -9999 -9999 -9999 -9999 -9999 -9999 -9999 -9999 -9999 -9999 -9999 -9999 -9999 -9999 -9999 -9999 -9999 -9999 -9999 -9999 -9999 -9999 -9999 -9999 -9999 -9999 -9999 -9999 -9999 -9999 -9999 -9999 -9999 0.048237477 0.025297554 0.032407361 0.034626014 0.024038461 0.035485316 -9999 -9999
-9999 -9999 -9999 -9999 -9999 -9999 -9999 -9999 -9999 -9999 -9999 -9999 -9999 -9999 -9999 -9999 -9999 -9999 -9999 -9999 -9999 -9999 -9999 -9999 -9999 -9999 -9999 -9999 -9999 -9999 -9999 -9999 -9999 -9999 -9999 -9999 -9999 -9999 -9999 -9999 -9999 -9999 -9999 -9999 -9999 -9999 0.0625 0.053333325 0.024691352 0.046536818 0.027994489 0.033989918 0.039473684 0.053632616 0.042942859 -9999
-9999 -9999 -9999 -9999 -9999 -9999 -9999 -9999 -9999 -9999 -9999 -9999 -9999 -9999 -9999 -9999 -9999 -9999 -9999 -9999 -9999 -9999 -9999 -9999 -9999 -9999 -9999 -9999 -9999 -9999 -9999 -9999 -9999 -9999 -9999 -9999 -9999 -9999 -9999 -9999 -9999 -9999 -9999 -9999 -9999 0.070174758 0.038095229 0.036492941 0.029727682 0.031073441 0.04 0.062402718 0.044681881 0.039532017 0.019819466 0.098214286
-9999 -9999 -9999 -9999 -9999 -9999 -9999 -9999 -9999 -9999 -9999 -9999 -9999 -9999 -9999 -9999 -9999 -9999 -9999 -9999 -9999 -9999 -9999 -9999 -9999 -9999 -9999 -9999 -9999 -9999 -9999 -9999 -9999 -9999 -9999 -9999 -9999 -9999 -9999 -9999 -9999 -9999 -9999 -9999 0.03125 0.17192982 0.094559529 0.035714286 0.038461538 0.021929825 0.041680964 0.035714286 0.021014493 0.072455323 0.025233346 0.025114151
-9999 -9999 -9999 -9999 -9999 -9999 -9999 -9999 -9999 -9999 -9999 -9999 -9999 -9999 -9999 -9999 -9999 -9999 -9999 -9999 -9999 -9999 -9999 -9999 -9999 -9999 -9999 -9999 -9999 -9999 -9999 -9999 -9999 -9999 -9999 -9999 -9999 -9999 -9999 -9999 -9999 -9999 -9999 0.027777778 0.045753179 0.061392899 0.059937652 0.037300256 0.081328716 0.061403553 0.047127994 0.061718703 0.038773194 0.08926961 0.047017837 0.023623514
-9999 -9999 -9999 -9999 -9999 -9999 -9999 -9999 -9999 -9999 -9999 -9999 -9999 -9999 -9999 -9999 -9999 -9999 -9999 -9999 -9999 -9999 -9999 -9999 -9999 -9999 -9999 -9999 -9999 -9999 -9999 -9999 -9999 -9999 -9999 -9999 -9999 -9999 -9999 -9999 -9999 -9999 0.023809524 0.073147841 0.029142229 0.032835821 0.045819127 0.032258089 0.028777773 0.045999462 0.029605263 0.050465761 0.034281004 0.056794663 0.050595238 0.034483479
-9999 -9999 -9999 -9999 -9999 -9999 -9999 -9999 -9999 -9999 -9999 -9999 -9999 -9999 -9999 -9999 -9999 -9999 -9999 -9999 -9999 -9999 -9999 -9999 -9999 -9999 -9999 -9999 -9999 -9999 -9999 -9999 -9999 -9999 -9999 -9999 -9999 -9999 -9999 -9999 0.027255445 0.019230769 0.11279757 0.057261857 0.074985294 0.025640969 0.109 0.021518987 0.03981078 0.053676471 0.019900493 0.087048677 0.030986663 0.072205333 0.015310551 0.040721619
-9999 -9999 -9999 -9999 -9999 -9999 -9999 -9999 -9999 -9999 -9999 -9999 -9999 -9999 -9999 -9999 -9999 -9999 -9999 -9999 -9999 -9999 -9999 -9999 -9999 -9999 -9999 -9999 -9999 -9999 -9999 -9999 -9999 -9999 -9999 -9999 -9999 0.058665532 0.020032047 0.040754717 0.14572597 0.015957447 0.045238143 0.034828044 0.021111108 0.097156986 0.023208551 0.032113243 0.098394008 0.030693099 0.029359535 0.025750802 0.033115571 0.056300204 0.044031514 0.048827313
-9999 -9999 -9999 -9999 -9999 -9999 -9999 -9999 -9999 -9999 -9999 -9999 -9999 -9999 -9999 -9999 -9999 -9999 -9999 -9999 -9999 -9999 -9999 -9999 -9999 -9999 -9999 -9999 -9999 -9999 -9999 -9999 -9999 -9999 -9999 0.026315789 0.032622721 0.039562 0.035658837 0.045918367 0.03089983 0.023474183 0.040519795 0.043831691 0.09179364 0.058656361 0.050090667 0.021153116 0.027732972 0.03824096 0.041888907 0.037962963 0.060820595 0.072603634 0.046465664 0.031363068
-9999 -9999 -9999 -9999 -9999 -9999 -9999 -9999 -9999 -9999 -9999 -9999 -9999 -9999 -9999 -9999 -9999 -9999 -9999 -9999 -9999 -9999 -9999 -9999 -9999 -9999 -9999 -9999 -9999 -9999 -9999 -9999 -9999 0.04902842 0.045522191 0.0535715 0.037735849 0.035432453 0.045 0.040914362 0.054620951 0.026960735 0.04130405 0.062927913 0.020512769 0.035584404 0.029509765 0.043284197 0.037095677 0.05486817 0.03746864 0.038369281 0.023529412 0.028223504 0.06337648 0.063167314
-9999 -9999 -9999 -9999 -9999 -9999 -9999 -9999 -9999 -9999 -9999 -9999 -9999 -9999 -9999 -9999 -9999 -9999 -9999 -9999 -9999 -9999 -9999 -9999 -9999 -9999 -9999 -9999 -9999 -9999 -9999 -9999 0.034365008 0.046862099 0.0567936 0.0412037 0.0266666 0.0238888 0.022339465 0.02833332 0.069707184 0.022664678 0.035466846 0.027691382 0.040625 0.029174234 0.034141953 0.045385168 0.037143729 0.028643216 0.063032933 0.051742504 0.041791045 0.019419972 0.061296294 0.043048282
-9999 -9999 -9999 -9999 -9999 -9999 -9999 -9999 -9999 -9999 -9999 -9999 -9999 -9999 -9999 -9999 -9999 -9999 -9999 -9999 -9999 -9999 -9999 -9999 -9999 -9999 -9999 -9999 -9999 -9999 0.079932041 0.050863372 0.034883721 0.031297012 0.078092399 0.042198511 0.047777216 0.045348837 0.027906977 0.038961039 0.030654064 0.039794474 0.040757841 0.049316499 0.033889844 0.018668928 0.030843217 0.042539 0.027950641 0.0676755 0.11796075 0.051382466 0.0348765 0.023330264 0.072495667 0.044041894
-9999 -9999 -9999 -9999 -9999 -9999 -9999 -9999 -9999 -9999 -9999 -9999 -9999 -9999 -9999 -9999 -9999 -9999 -9999 -9999 -9999 -9999 -9999 -9999 -9999 -9999 -9999 -9999 0.038206047 0.035353545 0.030141915 0.0536666 0.065625 0.026839779 0.0300798 0.028346556 0.0625 0.05952381 0.03129251 0.035973839 0.039626903 0.042540323 0.058788725 0.054251304 0.037521173 0.03003 0.061820152 0.066403566 0.03738063 0.050424684 0.092513282 0.036360594 0.033627255 0.049262634 0.02832746 0.041635609
-9999 -9999 -9999 -9999 -9999 -9999 -9999 -9999 -9999 -9999 -9999 -9999 -9999 -9999 -9999 -9999 -9999 -9999 -9999 -9999 -9999 -9999 0.060280088 0.12412245 0.084193097 -9999 0.048929069 0.037491691 0.0750952 0.0730476 0.035891608 0.057234423 0.045138931 0.040347931 0.044444444 0.035151613 0.043589744 0.050894049 0.046743984 0.10993658 0.020535714 0.047112761 0.043415265 0.034931459 0.06888155 0.071029241 0.036615013 0.039843353 0.089428533 0.042794651 0.051258961 0.061501652 0.0497059 0.032924988 0.023333333 0.046931523
-9999 -9999 -9999 -9999 -9999 -9999 -9999 -9999 -9999 -9999 -9999 -9999 -9999 -9999 -9999 -9999 -9999 -9999 -9999 -9999 -9999 0.044025151 0.091104512 0.07614223 0.039080236 0.016005293 0.086812417 0.052307692 0.048735047 0.058 0.040941986 0.075332055 0.037415 0.057838739 0.03125 0.050651519 0.051899831 0.067966595 0.024879132 0.022851312 0.028071113 0.044049561 0.07977628 0.060824368 0.065368503 0.041869939 0.047125023 0.049799358 0.055023681 0.072171164 0.052831154 0.04362143 0.04399416 0.055406989 0.058120068 0.055934456
-9999 -9999 -9999 -9999 -9999 -9999 -9999 -9999 -9999 -9999 -9999 -9999 -9999 -9999 -9999 -9999 -9999 -9999 -9999 -9999 -9999 0.03882572 0.041666607 0.062904368 0.097177558 0.06746031 0.064971695 0.08396537 0.0573334 0.038738668 0.064861649 0.065263158 0.07486664 0.085579375 0.037767615 0.059412187 0.058392895 0.054632699 0.041158673 0.053078214 0.029937039 0.046666669 0.02836651 0.11095159 0.038740833 0.076973162 0.069048089 0.04951552 0.04019079 0.025449102 0.045531428 0.11509768 0.058997585 0.09665312 0.11131756 0.05192928
-9999 -9999 -9999 -9999 -9999 -9999 -9999 -9999 -9999 -9999 -9999 -9999 -9999 -9999 -9999 -9999 -9999 -9999 -9999 -9999 -9999 0.088288378 0.059553889 0.059966882 0.08822329 0.070940128 0.083624628 0.091254059 0.050589846 0.031176381 0.037595033 0.05005202 0.05949719 0.034979426 0.043315236 0.047473784 0.064864586 0.051576275 0.047321492 0.025871479 0.05262267 0.05615443 0.079389346 0.10130855 0.038580256 0.039679186 0.066641952 0.10242063 0.090563231 0.06285292 0.092913467 0.051906636 0.088824472 0.073460842 0.074430631 0.080603596
-9999 -9999 -9999 -9999 -9999 -9999 -9999 -9999 -9999 -9999 -9999 -9999 -9999 -9999 -9999 -9999 -9999 -9999 -9999 -9999 -9999 0.1303811 0.038194444 0.067929205 0.079871025 0.077102804 0.04219055 0.077221846 0.061314661 0.049799592 0.064211339 0.083295463 0.036842936 0.043642798 0.095002874 0.048553024 0.044710622 0.032942797 0.03417013 0.028962663 0.059816895 0.054950534 0.05808482 0.059727067 0.096005032 0.064774324 0.071387783 0.085451008 0.072996332 0.064736734 0.059186822 0.073414971 0.066316942 0.050460059 0.064169944 0.049098246
-9999 -9999 -9999 -9999 -9999 -9999 -9999 -9999 -9999 -9999 -9999 -9999 -9999 -9999 -9999 -9999 -9999 -9999 -9999 -9999 -9999 0.084965726 0.071023189 0.096214373 0.072927386 0.089282152 0.034438446 0.098001733 0.062554933 0.079781129 0.030320397 0.047144715 0.10057713 0.053286894 0.088108876 0.050044709 0.034533769 0.062048056 0.035547296 0.018444467 0.054947953 0.075502969 0.056421208 0.057198909 0.072371346 0.074344596 0.064727444 0.045514973 0.060843383 0.081697119 0.068022179 0.037179474 0.058653426 0.053671272 0.058237548 0.047077612
-9999 -9999 -9999 -9999 -9999 -9999 -9999 -9999 -9999 -9999 -9999 -9999 -9999 0.096897643 0.025423729 0.0314912 -9999 -9999 -9999 -9999 -9999 0.044057438 0.069184977 0.071948832 0.084429221 0.062787901 0.096545725 0.059900556 0.081589209 0.096096865 0.079663097 0.071615998 0.066447139 0.04293875 0.066269821 0.035685113 0.049593021 0.0290939 0.048372637 0.033056599 0.048855564 0.082546927 0.085074577 0.065574401 0.089167599 0.068419535 0.068394331 0.088256949 0.10110033 0.069313905 0.061500177 0.049609375 0.037912077 0.039441067 0.055729073 0.054414597
-9999 -9999 -9999 -9999 -9999 -9999 -9999 -9999 -9999 -9999 0.070175421 0.045496494 0.033426993 0.026487327 0.037843711 0.022559834 0.029305889 0.049751531 -9999 0.071553543 0.060061181 0.033192076 0.049563319 0.093038237 0.091307985 0.057193231 0.056346758 0.095687751 0.068687817 0.065254584 0.075932157 0.040312987 0.022697074 0.042065559 0.068495279 0.048083797 0.055602545 0.061031184 0.042361111 0.058432221 0.083288351 0.080290993 0.097324429 0.11253134 0.064823962 0.071380266 0.029777552 0.061200025 0.086852948 0.085552073 0.066993436 0.072531832 0.068302037 0.071060563 0.036068374 0.057815181
-9999 -9999 -9999 -9999 -9999 -9999 -9999 0.083333333 0.061325166 0.066155034 0.078745351 0.040203173 0.044452743 0.058669042 0.057960905 0.042122213 0.039126775 0.05109711 0.057772325 0.077328357 0.066900658 0.11013299 0.068902436 0.017686944 0.054441121 0.076330767 0.064369993 0.083066496 0.083520759 0.091188089 0.070212854 0.060655426 0.023973488 0.046712276 0.074412511 0.049029673 0.04880533 0.10147592 0.06957008 0.076847268 0.043836753 0.076739042 0.04907 0.078625638 0.078196553 0.095438964 0.069071535 0.0429293 0.047503986 0.063833333 0.079597558 0.055418152 0.046725159 0.048517145 0.030085809 0.023720757
-9999 -9999 -9999 -9999 -9999 0.11296306 0.053075323 0.064410464 0.033931421 0.094125992 0.043386541 0.11556686 0.0681035 0.044555784 0.052449723 0.066223216 0.033866032 0.049855501 0.076218826 0.099513995 0.068308182 0.063609381 0.036731737 0.05422491 0.1021527 0.059054409 0.041838974 0.075330868 0.097465499 0.065292546 0.10836855 0.04024418 0.089485585 0.093644906 0.071365861 0.11046166 0.081708466 0.046018687 0.059096934 0.049870315 0.091916807 0.040253692 0.021454706 0.067320547 0.05105751 0.10657766 0.048386652 0.077089822 0.099295731 0.047461942 0.054230972 0.041947556 0.073247718 0.059795571 0.045912449 0.028033225
-9999 -9999 -9999 0.054833444 0.028719432 0.059128897 0.039336309 0.042096891 0.063202392 0.079143153 0.064309244 0.083176558 0.073112029 0.047189285 0.083401474 0.062429958 0.050838553 0.022792051 0.025375405 0.037882526 0.039676502 0.038496914 0.044520996 0.050982262 0.041691098 0.068374304 0.063861316 0.08635599 0.058723385 0.0622234 0.10507221 0.075082091 0.071385646 0.088062252 0.035562788 0.070881179 0.082926425 0.039682436 0.077856867 0.11182003 0.035119082 0.03359375 0.098635155 0.036683528 0.050444212 0.052694614 0.082684511 0.070110401 0.083801594 0.074692691 0.046733554 0.11400695 0.040981873 0.1057287 0.12343165 0.086213399
-9999 -9999 -9999 0.059053326 0.074994924 0.03219554 0.035618306 0.037915291 0.042874894 0.063704737 0.061653992 0.1210134 0.079505367 0.047253459 0.07130991 0.056749229 0.062804034 0.10665671 0.047940073 0.046192086 0.064953703 0.019242455 0.036160735 0.056036168 0.088364278 0.11343177 0.12912505 0.089047886 0.085129273 0.11075006 0.1104916 0.043732174 0.072899712 0.080316547 0.081257596 0.051040539 0.032753397 0.037761567 0.019578211 0.033421374 0.055922432 0.036172272 0.10011506 0.047133113 0.092051681 0.039051507 0.068121658 0.076070353 0.038588009 0.069613204 0.052864611 0.039951927 0.047353388 0.058268321 0.035651408 0.064741526
