Data/GIS/C580Y/bfa-mvmt-marshall-tuned-sq.asc
ncols         173
nrows         126
xllcorner     224227.65281
yllcorner     1039207.04677
cellsize      5000
NODATA_value  -9999
[rows 25 to 49 of 126, columns 56 to 111 of 173]
-9999 -9999 0.055654388 0.065941094 0.059564841 0.040726767 0.074269006 0.095723241 0.073036342 0.064675111 0.10196121 0.10041679 0.058162578 0.07036549 0.058586944 0.11262673 0.099808661 0.057594086 0.071248476 0.06177087 0.058495671 0.06233026 0.068414417 0.05210397 0.08295231 0.070974091 0.083960702 0.068333494 0.051776398 0.074464762 0.107913 0.065701789 0.068958603 0.08251417 0.05125363 0.064416604 0.090677552 0.068642557 0.067327214 0.063218266 0.11234839 0.068074151 0.0572807 0.10705966 0.068894791 0.07501526 0.044247074 0.05520313 0.08741381 0.060232126 0.044912263 0.051387009 0.07786431 0.049269698 0.066217633 0.031289033
-9999 -9999 0.075998124 0.11951346 0.089918098 0.042893429 0.040336894 0.0850614 0.071458782 0.059277258 0.094845838 0.064842784 0.097646359 0.11096622 0.10032206 0.04391375 0.064105902 0.063562539 0.071515969 0.077537277 0.08752772 0.047790236 0.068011012 0.075806985 0.09018299 0.075328281 0.062420439 0.041923722 0.089404394 0.069553734 0.070342747 0.076968191 0.063997992 0.081349198 0.10030083 0.073572358 0.080266822 0.092320975 0.10742377 0.05711416 0.10626026 0.13510525 0.070042517 0.08239 0.086776658 0.066825942 0.077315342 0.082281107 0.068157712 0.12173637 0.092710426 0.07431163 0.062123707 0.071037078 0.066819433 0.11951436
-9999 -9999 0.055240531 0.11420954 0.052322091 0.069186553 0.10106471 0.047260274 0.085555529 0.10381303 0.11500016 0.14192513 0.070255551 0.11830996 0.111613 0.053593954 0.058295111 0.06068002 0.05415645 0.082065432 0.079789733 0.047861841 0.091271203 0.089379722 0.084755 0.078232027 0.09487006 0.089998425 0.10837715 0.10143559 0.064649645 0.1006495 0.059683496 0.065963835 0.06393099 0.1081635 0.072563447 0.078397899 0.082482071 0.053811188 0.068010955 0.069187972 0.12709401 0.071202197 0.10070802 0.1078762 0.064811187 0.074944338 0.10100055 0.07263324 0.074038647 0.088435625 0.071383491 0.069699602 0.023959793 0.080687828
-9999 0.055952353 0.043898786 0.064266341 0.052869781 0.082446191 0.028964848 0.091328447 0.058654272 0.05957689 0.069768745 0.10764501 0.086548703 0.1027585 0.096456366 0.1222409 0.052223792 0.083428175 0.034870695 0.083511221 0.11872868 0.089582418 0.054763571 0.063300853 0.040135367 0.061944858 0.068817574 0.098641186 0.074431241 0.040413633 0.087020477 0.12171783 0.04927 0.061961207 0.12147397 0.057825892 0.039838394 0.078382633 0.05401584 0.10787886 0.071983777 0.11014372 0.063981422 0.064216488 0.06385 0.060947348 0.053524478 0.044967773 0.066907698 0.082064335 0.053601624 0.10543638 0.079304882 0.1120463 0.080488705 0.056435582
-9999 0.075857868 0.1045725 0.062933992 0.084616214 0.102548 0.083078 0.11999807 0.046214068 0.088179646 0.11397487 0.10402444 0.14052796 0.069529731 0.097734659 0.058234324 0.062121509 0.087429588 0.050104338 0.10264472 0.080815595 0.094012593 0.093904767 0.075688786 0.077308796 0.072640095 0.077342472 0.092939342 0.1036277 0.09270754 0.13800031 0.098402841 0.11068216 0.080211211 0.073995926 0.061685223 0.050595719 0.0641357 0.086088783 0.058328102 0.11519697 0.042818506 0.078634301 0.048921628 0.074394477 0.067780251 0.070242412 0.068976199 0.07289272 0.12709902 0.069725282 0.069025115 0.076618417 0.066510819 0.083787801 0.07607342
-9999 0.071250179 0.070450172 0.053563723 0.038770305 0.087515149 0.070701034 0.054537294 0.11451406 0.10023271 0.10137643 0.10655085 0.1176099 0.063572543 0.099368629 0.069961206 0.12905233 0.066911752 0.095809137 0.071875 0.06886489 0.068395777 0.11712964 0.097549831 0.062391142 0.07358277 0.08432237 0.088729147 0.09126478 0.095562368 0.073965791 0.066086717 0.047671579 0.066569324 0.075824984 0.061004412 0.049278664 0.091406358 0.079756122 0.084328617 0.16620479 0.085967578 0.080385237 0.090875696 0.083048721 0.092121623 0.070743972 0.092091224 0.061302745 0.094966 0.083132559 0.061262591 0.084067179 0.12208621 0.076014447 0.065160013
-9999 -9999 0.074303243 0.063719214 0.053917902 0.073292866 0.047366113 0.055404205 0.093852811 0.064456955 0.093490171 0.076315249 0.10890912 0.092460116 0.11892166 0.092233633 0.11626991 0.13022302 0.058522228 0.053063289 0.048500074 0.10286816 0.055907475 0.10175607 0.090424613 0.06991595 0.090156746 0.086870025 0.077969642 0.06149032 0.073118401 0.098361519 0.077662331 0.077198392 0.064399459 0.047736504 0.087684191 0.08586881 0.042670759 0.091214528 0.15301322 0.092717417 0.095024333 0.044068172 0.069034988 0.10096125 0.12894352 0.13847716 0.049393193 0.052257658 0.10003553 0.12320613 0.11692413 0.068914245 0.042301059 0.090859628
0.047474697 0.037739425 0.065986254 0.056955926 0.062958373 0.043233957 0.090343454 0.061361502 0.08691917 0.073795159 0.10229846 0.092498156 0.088332064 0.084241863 0.074412853 0.078496074 0.061716014 0.071546672 0.11639513 0.039123573 0.073987879 0.069057221 0.13401239 0.10712604 0.059513931 0.077097216 0.07204702 0.078939008 0.075680089 0.089877048 0.063392725 0.078090565 0.069740548 0.084619508 0.14835932 0.081912729 0.063632977 0.12956886 0.074992756 0.099104971 0.092917212 0.088873982 0.094653057 0.084065305 0.060889763 0.072587327 0.083048495 0.068203431 0.079979486 0.10567279 0.083425053 0.11204831 0.083615781 0.07600575 0.085922547 0.066460981
0.057123653 0.10084418 0.053362544 0.075771057 0.067147144 0.091429079 0.061201867 0.088233303 0.054846963 0.082530299 0.081163008 0.12862559 0.096225725 0.082825484 0.050483974 0.091882065 0.086060163 0.078348144 0.10426531 0.11346087 0.099575318 0.080616508 0.10724712 0.081671319 0.11280455 0.064266208 0.10404569 0.10743895 0.094998968 0.080232814 0.082093315 0.10645179 0.079882458 0.049873797 0.12163837 0.089142423 0.05351969 0.048768939 0.086804392 0.085092719 0.078002951 0.084958893 0.051821193 0.093418296 0.12863396 0.11452453 0.0842761 0.083791861 0.14766172 0.040491097 0.057186791 0.12909095 0.059599486 0.06250779 0.092873717 0.075057301
0.077268001 0.044236083 0.050597161 0.094278582 0.055931963 0.10415367 0.10684298 0.072562278 0.081373224 0.095677504 0.092474724 0.11137075 0.095801096 0.086461512 0.067964873 0.060603942 0.082069208 0.087813654 0.081068022 0.051787981 0.048595133 0.082334596 0.060538296 0.049646935 0.083271224 0.086657854 0.098159613 0.086552465 0.1073291 0.064929597 0.076714146 0.062253798 0.082591385 0.050244328 0.053982265 0.084073749 0.056301103 0.095393448 0.026021858 0.042000398 0.057378003 0.11131235 0.082212023 0.093799473 0.090022353 0.088313323 0.10304444 0.078499861 0.070584047 0.064991542 0.066210214 0.07757182 0.040325625 0.071659728 0.077806997 0.08221485
0.040758526 0.034005153 0.044102275 0.04395475 0.067929048 0.08469867 0.061109231 0.0799788 0.073727701 0.093107039 0.094192192 0.070105102 0.11882707 0.087190295 0.10277913 0.10024172 0.15784592 0.077684341 0.14266957 0.084342644 0.068955282 0.084890778 0.076444942 0.079279086 0.070247055 0.052151474 0.058768374 0.069595563 0.10291421 0.058309307 0.07099162 0.07719344 0.099755887 0.09364246 0.10611367 0.07535853 0.10320133 0.079796355 0.086249018 0.11623776 0.097179029 0.066791538 0.05926662 0.098135382 0.051719053 0.062212075 0.066351817 0.094854799 0.072990679 0.044971474 0.12936932 0.076055145 0.078009672 0.08098507 0.07374646 0.055464846
0.055148377 0.058394554 0.049689697 0.068331529 0.042231465 0.074836406 0.11583392 0.075891695 0.065886222 0.096528761 0.061491933 0.096901283 0.083440538 0.10821119 0.080446513 0.08607199 0.068077804 0.11110507 0.086524471 0.072717546 0.10981601 0.12421879 0.10052975 0.082493115 0.072790578 0.044899418 0.060883463 0.057913246 0.073757512 0.061134175 0.10942536 0.065945826 0.06369921 0.13275135 0.057755414 0.066986717 0.052481013 0.0990067 0.10618013 0.07507915 0.073540254 0.091755148 0.092465355 0.042960574 0.10288647 0.072116217 0.079833112 0.086440326 0.059769196 0.12971628 0.059769084 0.16921225 0.063362115 0.050802576 0.083533054 0.071860585
0.060370091 0.070695138 0.046041687 0.060177836 0.064630621 0.033372844 0.059610353 0.11075647 0.064854898 0.075167 0.12601489 0.083586542 0.10317587 0.12330188 0.0890601 0.10305789 0.089921995 0.089398794 0.10797347 0.087968678 0.078983088 0.10640106 0.089958736 0.10004471 0.10290177 0.058217473 0.10313743 0.062254175 0.087166199 0.11754592 0.09604944 0.065712781 0.079103603 0.1023322 0.12474491 0.037784194 0.058333307 0.092153574 0.066943293 0.13228823 0.085175888 0.08321467 0.074368056 0.079658182 0.063615761 0.090741397 0.086854184 0.10829305 0.047247109 0.066501949 0.085025 0.14232421 0.077010038 0.08862146 0.082815933 0.071245133
0.098825972 0.076500559 0.059441249 0.05450771 0.08503745 0.054941091 0.045602891 0.061689842 0.060999756 0.11572476 0.094184862 0.12433796 0.11718717 0.08336437 0.096222655 0.061149194 0.11835177 0.068151825 0.091243096 0.055571494 0.070137531 0.090972823 0.1340344 0.10768908 0.084751996 0.084026262 0.10544138 0.064438933 0.053041682 0.1080431 0.096654597 0.0772466 0.085978268 0.074426553 0.070180866 0.091061174 0.082438128 0.070458997 0.071423289 0.093232297 0.090535932 0.082047104 0.057877218 0.073256508 0.10943052 0.0637269 0.093411821 0.081909834 0.059015211 0.092741408 0.12521122 0.07647067 0.14246442 0.090021712 0.078459512 0.08263812
0.046610186 0.099644546 0.070700706 0.08356371 0.039672105 0.08265188 0.043633777 0.042289974 0.046390084 0.07227136 0.08355996 0.088490301 0.11154881 0.11509119 0.13935519 0.099309566 0.099948522 0.11084365 0.080063792 0.077145069 0.07931546 0.09292599 0.048086591 0.089668107 0.062763783 0.10219025 0.098761131 0.12772582 0.12072898 0.088799626 0.07260503 0.093710681 0.09371174 0.11120076 0.087327693 0.15492054 0.073249646 0.068060299 0.062316447 0.087129942 0.079772705 0.11146146 0.11541413 0.084283319 0.11501409 0.12262625 0.068702734 0.097824594 0.096670459 0.087922712 0.079335519 0.082711049 0.05631016 0.07280767 0.077969786 0.098431283
0.067795327 0.063324938 0.04354492 0.062612723 0.074941576 0.079634974 0.052289942 0.040888745 0.068435087 0.068844561 0.063836352 0.12560328 0.075080199 0.099764501 0.087381932 0.079202527 0.11321841 0.091501989 0.090303515 0.079867635 0.083289233 0.088833326 0.10673349 0.084890238 0.069941628 0.088991555 0.097485914 0.063204411 0.079840671 0.075327507 0.076905505 0.099413458 0.12297233 0.059605515 0.10052909 0.095391121 0.10571982 0.056951671 0.097249856 0.10045926 0.11078811 0.10891775 0.085671329 0.10920318 0.057357761 0.082427874 0.10564716 0.094068841 0.088746429 0.069796662 0.098772768 0.05331565 0.067130836 0.067910172 0.042993718 0.06238539
0.053880884 0.078527793 0.060662915 0.080531144 0.10357402 0.06335683 0.05666468 0.086546398 0.070955725 0.037448261 0.085922438 0.11152161 0.099174356 0.090200294 0.086728812 0.086587407 0.080046067 0.10122486 0.086441204 0.064888085 0.040592158 0.13016286 0.10537166 0.089259654 0.067760732 0.073728115 0.079916538 0.096828312 0.066665342 0.064806105 0.063208103 0.11622057 0.063467859 0.07064457 0.060651323 0.10416684 0.097985151 0.060350331 0.12449161 0.083248263 0.072680056 0.13354945 0.10279553 0.08116824 0.084153493 0.089939517 0.064420162 0.12766435 0.088101815 0.056283853 0.10303742 0.048661309 0.056094102 0.060123282 0.092961716 0.069008122
0.0326535 0.03325265 0.048962351 0.053987812 0.060574578 0.06846039 0.076122514 0.070749487 0.088821168 0.063038444 0.1063587 0.097858488 0.1014567 0.13021952 0.093201716 0.054198971 0.065077061 0.11044843 0.069185139 0.051056167 0.086822452 0.089803886 0.066777621 0.074631159 0.091357715 0.05298568 0.097186396 0.070701473 0.069360183 0.072373406 0.1016195 0.097863985 0.1143718 0.070516667 0.087682877 0.10162345 0.097907887 0.082670121 0.099424781 0.087506376 0.086855186 0.13338592 0.078767291 0.070757265 0.089096758 0.077821015 0.15040313 0.10570482 0.064743219 0.089292121 0.1055476 0.064886545 0.086703826 0.065213714 0.10467264 0.059097335
0.10146658 0.075205274 0.056563608 0.050219737 0.10445785 0.11833025 0.050000029 0.07082801 0.050321746 0.046221914 0.077004114 0.086626532 0.071539025 0.072914819 0.068792825 0.061609921 0.13132365 0.073834848 0.14745174 0.065539266 0.15781838 0.073965868 0.058654299 0.07093374 0.072615856 0.11987863 0.052856314 0.089211021 0.071047124 0.08641357 0.07672019 0.12952088 0.092632705 0.060099823 0.11646631 0.072118792 0.090857221 0.095169235 0.089790325 0.071743047 0.12780022 0.11130056 0.091902142 0.091428588 0.074534362 0.078988523 0.066159325 0.080299023 0.061807331 0.060520788 0.12036229 0.12527155 0.10423782 0.069198914 0.058939904 0.093227851
0.13946229 0.074030498 0.05529689 0.056998199 0.061544948 0.079153436 0.076740445 0.10016649 0.067403925 0.050531269 0.10785638 0.094598374 0.09276063 0.10810829 0.056414969 0.088705412 0.083328204 0.088127777 0.11691862 0.057489189 0.086202465 0.083689671 0.089955682 0.051037722 0.07527957 0.072398482 0.085305338 0.065385548 0.080250291 0.092061186 0.073385075 0.12303179 0.074959835 0.067168639 0.068026882 0.12954111 0.11162517 0.079415188 0.072494198 0.12019772 0.1091183 0.10123326 0.096138832 0.12195805 0.059633665 0.099863773 0.094456455 0.070943577 0.059545162 0.048513509 0.081010046 0.087677381 0.092781204 0.10732421 0.079773202 0.084370894
0.057579793 0.056589 0.070220777 0.045 0.046631223 0.07552082 0.071753131 0.068767164 0.095198855 0.058303597 0.10326672 0.047122411 0.061462875 0.099600195 0.11234376 0.13058694 0.11259243 0.083644323 0.07247613 0.091195213 0.091034322 0.10517378 0.084202722 0.094405144 0.085736297 0.10406987 0.053249091 0.056557689 0.11078918 0.083333234 0.10312802 0.075450025 0.10104978 0.060042848 0.098864171 0.099709974 0.085406626 0.089602597 0.08696803 0.085145535 0.11349344 0.078916801 0.071670849 0.07154908 0.072563575 0.091616745 0.12343109 0.13301038 0.15567864 0.076395032 0.077488688 0.091447921 0.087421512 0.085069825 0.070847396 0.070660111
0.067182062 0.071981083 0.057252603 0.081689538 0.069147256 0.08940939 0.070903248 0.069586316 0.06066122 0.095139492 0.067441782 0.075425295 0.064376396 0.11031745 0.09730919 0.097794465 0.084676104 0.059560513 0.08968253 0.11569512 0.096138006 0.059306058 0.072754656 0.077483878 0.079686589 0.10214606 0.10505447 0.11470578 0.10868526 0.12897654 0.094567917 0.091255962 0.11759845 0.10960575 0.084873089 0.077240327 0.12421097 0.078249389 0.090105612 0.10142803 0.08556265 0.096995416 0.075215203 0.074090502 0.066660774 0.09265739 0.090766603 0.071629313 0.080737955 0.09379965 0.082390059 0.070371751 0.078343912 0.054171386 0.065196829 0.1148541
0.075382324 0.062403389 0.048798829 0.072527418 0.086293007 0.079934355 0.056222496 0.061782656 0.088164867 0.049611111 0.10685028 0.051348304 0.082904016 0.077790198 0.13624898 0.09521959 0.067216637 0.073216605 0.069297903 0.080187879 0.10715345 0.1024597 0.071990389 0.086229458 0.07090949 0.086437625 0.084122895 0.074677918 0.10324495 0.088628289 0.11251355 0.093724898 0.076733804 0.096119118 0.075335201 0.079809895 0.080227157 0.10911994 0.077626993 0.078216531 0.074051369 0.1223181 0.069200335 0.058574269 0.079757922 0.10846378 0.08416626 0.10141877 0.091446602 0.089751356 0.098351645 0.092704631 0.056949664 0.08949452 0.08859328 0.098572059
0.054208608 0.067843523 0.08166096 0.037246923 0.054125403 0.043620059 0.072871277 0.071559371 0.13980297 0.078002601 0.15932139 0.1083268 0.096138315 0.079317055 0.064916052 0.086414116 0.056514396 0.055176549 0.081533418 0.069915889 0.045042714 0.069262216 0.053386085 0.077107399 0.04519573 0.056167619 0.076808694 0.1134086 0.080388693 0.056547647 0.11821466 0.089330355 0.11643256 0.052889758 0.083009183 0.11662763 0.070029132 0.10078908 0.072288779 0.080833953 0.065896988 0.12122335 0.084609612 0.070804572 0.07272269 0.14433268 0.096909909 0.067735355 0.080596362 0.088010102 0.063390755 0.084236978 0.078678913 0.10604521 0.082745019 0.053250095
0.053486007 0.052571285 0.065216004 0.083418595 0.040365858 0.061375271 0.059472225 0.069939466 0.0806329 0.061440024 0.11979408 0.11201577 0.093420653 0.079988988 0.068496934 0.083186951 0.086812484 0.078771897 0.08624782 0.12129207 0.075957989 0.094278746 0.055878039 0.085357575 0.099066393 0.060027072 0.064295178 0.08698343 0.077649711 0.060382202 0.070970093 0.056901039 0.10456731 0.087447926 0.084910323 0.12667485 0.073400315 0.085864565 0.11705554 0.07031497 0.065953903 0.092964265 0.10961563 0.109296 0.082332332 0.094287383 0.087387449 0.066527566 0.083821709 0.075612585 0.10092572 0.055101072 0.10421056 0.13582126 0.062184624 0.083760088
