Data/GIS/C580Y/bfa-mvmt-marshall-tuned-sq.asc
ncols         173
nrows         126
xllcorner     224227.65281
yllcorner     1039207.04677
cellsize      5000
NODATA_value  -9999
[rows 25 to 49 of 126, columns 112 to 167 of 173]
0.055522661 0.057629944 0.087610068 0.099284832 0.067382888 0.065292265 0.057438495 0.094405645 0.13045034 0.061336778 0.067093307 0.081555051 0.078888437 0.035899804 0.030555536 0.053205115 0.040520238 0.051499033 -9999 -9999 -9999 -9999 -9999 -9999 -9999 -9999 -9999 -9999 -9999 -9999 -9999 -9999 -9999 -9999 -9999 -9999 -9999 -9999 -9999 -9999 -9999 -9999 -9999 -9999 -9999 -9999 -9999 -9999 -9999 -9999 -9999 -9999 -9999 -9999 -9999 -9999
0.067920943 0.063664868 0.061127604 0.052799967 0.068150895 0.052910873 0.10276085 0.04665401 0.077596884 0.066422069 0.072075931 0.043435725 0.056084652 0.034906331 0.056789031 0.057703067 0.02775326 0.045252658 0.029714286 -9999 -9999 -9999 -9999 -9999 -9999 -9999 -9999 -9999 -9999 -9999 -9999 -9999 -9999 -9999 -9999 -9999 -9999 -9999 -9999 -9999 -9999 -9999 -9999 -9999 -9999 -9999 -9999 -9999 -9999 -9999 -9999 -9999 -9999 -9999 -9999 -9999
0.11475336 0.042087199 0.1353385 0.073516391 0.077388592 0.070909658 0.086004501 0.040824916 0.044202894 0.061434093 0.083080576 0.08333998 0.044845316 0.051178418 0.060520953 0.046679462 0.034117659 0.043419298 0.078341306 0.063311688 -9999 -9999 -9999 -9999 -9999 -9999 -9999 -9999 -9999 -9999 -9999 -9999 -9999 -9999 -9999 -9999 -9999 -9999 -9999 -9999 -9999 -9999 -9999 -9999 -9999 -9999 -9999 -9999 -9999 -9999 -9999 -9999 -9999 -9999 -9999 -9999
0.065814377 0.061752682 0.051302081 0.10577706 0.060807713 0.05326131 0.072024308 0.038905325 0.05073287 0.043206226 0.075518391 0.085407223 0.084070555 0.11273316 0.054785743 0.058390391 0.058312759 0.056732698 0.12182562 0.060062037 0.052380952 -9999 -9999 -9999 -9999 -9999 -9999 -9999 -9999 -9999 -9999 -9999 -9999 -9999 -9999 -9999 -9999 -9999 -9999 -9999 -9999 -9999 -9999 -9999 -9999 -9999 -9999 -9999 -9999 -9999 -9999 -9999 -9999 -9999 -9999 -9999
0.041086132 0.065589587 0.090551629 0.10506698 0.052765121 0.060077605 0.084322342 0.069964714 0.039383205 0.063019245 0.048673521 0.060699756 0.085629909 0.092520314 0.058801738 0.065316729 0.059146195 0.055767415 0.058653023 0.048988111 0.038633448 -9999 -9999 -9999 -9999 -9999 -9999 -9999 -9999 -9999 -9999 -9999 -9999 -9999 -9999 -9999 -9999 -9999 -9999 -9999 -9999 -9999 -9999 -9999 -9999 -9999 -9999 -9999 -9999 -9999 -9999 -9999 -9999 -9999 -9999 -9999
0.085275969 0.041513493 0.049872908 0.04758558 0.083684481 0.059559997 0.075039122 0.026276297 0.064138141 0.099437914 0.044603157 0.066072 0.088959135 0.059367652 0.069692581 0.084946237 0.054654649 0.12771949 0.066772822 0.05822826 0.046473041 0.048865247 0.06597987 0.084912316 0.039215716 -9999 -9999 -9999 -9999 -9999 -9999 -9999 -9999 -9999 -9999 -9999 -9999 -9999 -9999 -9999 -9999 -9999 -9999 -9999 -9999 -9999 -9999 -9999 -9999 -9999 -9999 -9999 -9999 -9999 -9999 -9999
0.09861982 0.045864862 0.040565892 0.072064811 0.10292404 0.065341565 0.052274742 0.087266773 0.078744402 0.10950461 0.036325439 0.055232544 0.047916667 0.050304878 0.055774439 0.039343463 0.04752952 0.0626222 0.037242796 0.098346185 0.092654294 0.074107277 0.039083689 0.070719178 0.065977992 -9999 -9999 -9999 -9999 -9999 -9999 -9999 -9999 -9999 -9999 -9999 -9999 -9999 -9999 -9999 -9999 -9999 -9999 -9999 -9999 -9999 -9999 -9999 -9999 -9999 -9999 -9999 -9999 -9999 -9999 -9999
0.059641412 0.065457242 0.067082384 0.049890395 0.059558062 0.088095302 0.060129487 0.067282414 0.051127412 0.073395924 0.085633378 0.06626981 0.058199935 0.043635229 0.058604891 0.06659224 0.046188271 0.046182395 0.082408162 0.035714286 0.050870139 0.075200735 0.063575242 0.043090256 0.048903526 0.039662424 0.09108745 0.047191011 -9999 -9999 -9999 -9999 -9999 -9999 -9999 -9999 -9999 -9999 -9999 -9999 -9999 -9999 -9999 -9999 -9999 -9999 -9999 -9999 -9999 -9999 -9999 -9999 -9999 -9999 -9999 -9999
0.12740727 0.035997888 0.10309344 0.066408801 0.088449612 0.049599106 0.086262377 0.048530089 0.068562874 0.04706787 0.086363636 0.071780341 0.11038421 0.058144988 0.030441031 0.050757917 0.061338389 0.071129042 0.09708282 0.048303371 0.051176488 0.046598636 0.030769223 0.0699 0.039366074 0.056456459 0.079691933 0.039930521 0.068297098 0.071441198 -9999 -9999 -9999 -9999 -9999 -9999 -9999 -9999 -9999 -9999 -9999 -9999 -9999 -9999 -9999 -9999 -9999 -9999 -9999 -9999 -9999 -9999 -9999 -9999 -9999 -9999
0.072097497 0.073261292 0.049831649 0.10538805 0.10603639 0.055881291 0.072362272 0.061682843 0.0761698 0.061352696 0.10543478 0.086666667 0.076124972 0.067286476 0.048749665 0.061217981 0.055072435 0.059705859 0.067355799 0.04768269 0.084663709 0.080489055 0.061449304 0.04311379 0.042638613 0.07542581 0.062208216 0.034090881 0.027173913 0.034645256 -9999 -9999 -9999 -9999 -9999 -9999 -9999 -9999 -9999 -9999 -9999 -9999 -9999 -9999 -9999 -9999 -9999 -9999 -9999 -9999 -9999 -9999 -9999 -9999 -9999 -9999
0.055581605 0.067425219 0.080843273 0.052791573 0.065834381 0.054018674 0.083052083 0.069495974 0.076942353 0.089583333 0.069375025 0.0667428 0.093832069 0.048982029 0.070723095 0.040318603 0.051027397 0.07264027 0.059041182 0.097222139 0.055528372 0.12136087 0.0564815 0.084356957 0.051049882 0.080650785 0.094968437 0.075924018 0.044137337 0.043464141 0.10045116 0.028973192 -9999 -9999 -9999 -9999 -9999 -9999 -9999 -9999 -9999 -9999 -9999 -9999 -9999 -9999 -9999 -9999 -9999 -9999 -9999 -9999 -9999 -9999 -9999 -9999
0.059928454 0.046039391 0.11004369 0.055592031 0.12558039 0.073724183 0.091405114 0.047162968 0.045722531 0.061596031 0.084978092 0.066530082 0.044948929 0.084185415 0.0851734 0.055414013 0.040700937 0.05136695 0.039781756 0.060814433 0.086914599 0.061533053 0.046401494 0.054942966 0.05691645 0.041353383 0.046666645 0.044117631 0.045699774 0.06 0.038247163 0.036318381 0.061838235 -9999 -9999 -9999 -9999 -9999 -9999 -9999 -9999 -9999 -9999 -9999 -9999 -9999 -9999 -9999 -9999 -9999 -9999 -9999 -9999 -9999 -9999 -9999
0.047682143 0.097359363 0.047351429 0.049212934 0.092615658 0.07452263 0.045936965 0.059458868 0.10200442 0.028725054 0.045953186 0.074394594 0.08477672 0.097431252 0.037302169 0.045537527 0.044250659 0.033015401 0.045846224 0.058856089 0.055853734 0.062828261 0.043479542 0.078525564 0.058300038 0.090476111 0.045454528 0.089098742 0.058333286 0.071495327 0.061554622 0.052672925 0.034825871 0.032328441 -9999 0.040609137 -9999 -9999 -9999 -9999 -9999 -9999 -9999 -9999 -9999 -9999 -9999 -9999 -9999 -9999 -9999 -9999 -9999 -9999 -9999 -9999
0.059308861 0.085774652 0.13190087 0.057864324 0.060402279 0.085736886 0.062280684 0.059939759 0.075038153 0.085758683 0.082327568 0.078005272 0.058254894 0.072258084 0.066359415 0.063444128 0.055327844 0.07553478 0.090431872 0.058090722 0.046316413 0.045712459 0.035369193 0.089546623 0.071855483 0.035916347 0.074185462 0.062430363 0.035782684 0.069724734 -9999 -9999 -9999 0.050106134 -9999 -9999 -9999 -9999 -9999 -9999 -9999 -9999 -9999 -9999 -9999 -9999 -9999 -9999 -9999 -9999 -9999 -9999 -9999 -9999 -9999 -9999
0.098681149 0.084313888 0.074741996 0.13841399 0.073176071 0.07534715 0.052932893 0.068653193 0.079697789 0.068031716 0.042397647 0.074047228 0.061480402 0.044062579 0.085092804 0.049750015 0.05570173 0.050493013 0.067128215 0.077338576 0.063812538 0.031798246 0.034282677 0.075587289 0.079317451 0.02809584 0.075459974 0.053684362 0.073057311 0.045065747 -9999 -9999 -9999 -9999 -9999 -9999 -9999 -9999 -9999 -9999 -9999 -9999 -9999 -9999 -9999 -9999 -9999 -9999 -9999 -9999 -9999 -9999 -9999 -9999 -9999 -9999
0.048302077 0.11380397 0.085889034 0.10405465 0.098086532 0.14282926 0.085999818 0.063541894 0.07876996 0.10652905 0.078501313 0.091698713 0.071044981 0.034287841 0.046038197 0.058202311 0.081803935 0.050110119 0.069288613 0.069544691 0.049437095 0.032051282 0.072432844 0.09015748 0.09416781 0.069648581 0.054775073 0.060900488 0.037328892 0.075334583 -9999 -9999 -9999 -9999 -9999 -9999 -9999 -9999 -9999 -9999 -9999 -9999 -9999 -9999 -9999 -9999 -9999 -9999 -9999 -9999 -9999 -9999 -9999 -9999 -9999 -9999
0.08713825 0.062457209 0.092000275 0.074728113 0.09787825 0.082850224 0.068501933 0.089571689 0.044145115 0.066966066 0.10139533 0.10938753 0.10664611 0.043271535 0.056684724 0.068661198 0.081349238 0.066809838 0.049815714 0.06963264 0.056170523 0.061285053 0.062829766 0.073095225 0.094451467 0.064450594 0.05354448 0.052716933 0.039954336 0.059071747 -9999 -9999 -9999 -9999 -9999 -9999 -9999 -9999 -9999 -9999 -9999 -9999 -9999 -9999 -9999 -9999 -9999 -9999 -9999 -9999 -9999 -9999 -9999 -9999 -9999 -9999
0.058286639 0.076838756 0.077982523 0.069939971 0.060199282 0.097734397 0.0583968 0.072895576 0.043029277 0.13158833 0.04146825 0.05051787 0.059445895 0.066213262 0.048351678 0.072081206 0.051507273 0.044428571 0.068607329 0.068501979 0.048815431 0.085382002 0.064262931 0.079711307 0.076034747 0.030142588 0.049603155 0.040816327 0.030724599 0.073504266 -9999 -9999 -9999 -9999 -9999 -9999 -9999 -9999 -9999 -9999 -9999 -9999 -9999 -9999 -9999 -9999 -9999 -9999 -9999 -9999 -9999 -9999 -9999 -9999 -9999 -9999
0.060950129 0.11738202 0.12129104 0.16945782 0.070140407 0.093955691 0.080797985 0.086354744 0.045508343 0.086792753 0.058724832 0.080692574 0.10376158 0.070807148 0.12196536 0.059670864 0.082718119 0.093850806 0.10961517 0.070081967 0.051096143 0.053829852 0.080384074 0.084603706 0.090324367 0.084668304 0.053273786 0.053809486 0.050466598 0.072667727 -9999 -9999 -9999 -9999 -9999 -9999 -9999 -9999 -9999 -9999 -9999 -9999 -9999 -9999 -9999 -9999 -9999 -9999 -9999 -9999 -9999 -9999 -9999 -9999 -9999 -9999
0.097497776 0.1347204 0.051225243 0.073313786 0.11368016 0.040176003 0.061423071 0.14166697 0.049059137 0.09350034 0.078589543 0.084039763 0.076943467 0.080820369 0.084367091 0.12205203 0.051369546 0.089132804 0.052853362 0.069252922 0.04864548 0.070547913 0.058739391 0.052012577 0.07493373 0.10016833 0.050340179 0.053662996 0.068118328 0.052450959 -9999 -9999 -9999 -9999 -9999 -9999 -9999 -9999 -9999 -9999 -9999 -9999 -9999 -9999 -9999 -9999 -9999 -9999 -9999 -9999 -9999 -9999 -9999 -9999 -9999 -9999
0.065428945 0.079518352 0.10813836 0.0868297 0.11377107 0.09449153 0.055193207 0.078314885 0.092436955 0.10453766 0.11509821 0.11496693 0.074042238 0.070266532 0.039544769 0.086034143 0.090196932 0.064136089 0.073155237 0.04690947 0.042501481 0.067208971 0.03495599 0.066165301 0.093705177 0.060429748 0.032388697 0.052077553 0.087315916 0.046466972 -9999 -9999 -9999 -9999 -9999 -9999 -9999 -9999 -9999 -9999 -9999 -9999 -9999 -9999 -9999 -9999 -9999 -9999 -9999 -9999 -9999 -9999 -9999 -9999 -9999 -9999
0.086340145 0.1210711 0.094989355 0.079656486 0.086592196 0.087591429 0.046196504 0.04917571 0.068978593 0.093548293 0.079338157 0.080262779 0.054500942 0.061960432 0.088273684 0.13797411 0.074561404 0.049123908 0.069943672 0.062383318 0.14148571 0.039351852 0.037296216 0.082136048 0.044541871 0.062169306 0.051801797 0.094849528 0.039036797 0.051498799 0.044841252 0.081040442 0.045698925 0.070313521 -9999 -9999 -9999 -9999 -9999 -9999 -9999 -9999 -9999 -9999 -9999 -9999 -9999 -9999 -9999 -9999 -9999 -9999 -9999 -9999 -9999 -9999
0.082351003 0.052615485 0.077637471 0.11455642 0.11220087 0.10802687 0.064424423 0.094518567 0.1331266 0.052543611 0.1770032 0.079031366 0.068528306 0.053114173 0.090055325 0.093888955 0.057142875 0.052812918 0.073905179 0.06924985 0.054817275 0.064814683 0.041666643 0.065149136 0.052244649 0.049080434 0.054560431 0.041170655 0.046542873 0.040038276 0.054307112 0.049122842 0.035008815 0.081732471 0.066611666 -9999 -9999 -9999 -9999 -9999 -9999 -9999 -9999 -9999 -9999 -9999 -9999 -9999 -9999 -9999 -9999 -9999 -9999 -9999 -9999 -9999
0.098209074 0.067327045 0.057334862 0.071710337 0.066213216 0.10350657 0.061935103 0.093747743 0.08634029 0.067961937 0.058047472 0.089350155 0.089048634 0.046724868 0.054511894 0.088292182 0.071595296 0.042522959 0.056726503 0.029556665 0.091307842 0.072586311 0.03708335 0.086006397 0.080856162 0.055283019 0.061167117 0.045703913 0.08979947 0.042534688 0.086174205 0.092322956 0.045622151 0.071845762 0.035536397 0.085537354 -9999 -9999 -9999 -9999 -9999 -9999 -9999 -9999 -9999 -9999 -9999 -9999 -9999 -9999 -9999 -9999 -9999 -9999 -9999 -9999
0.10211439 0.042827064 0.13919668 0.071320827 0.047467452 0.061051909 0.091175953 0.042734313 0.068181218 0.11802986 0.067551777 0.055616386 0.075744934 0.049373432 0.057597487 0.10073513 0.10666665 0.074267418 0.090222112 0.063416567 0.054997489 0.030752402 0.11532546 0.036363655 0.05350379 0.072569479 0.05155552 0.046695371 0.078978427 0.046862859 0.078012383 0.086734694 0.073039216 0.032817093 0.065943039 0.074515648 0.051150435 -9999 -9999 -9999 -9999 -9999 -9999 -9999 -9999 -9999 -9999 -9999 -9999 -9999 -9999 -9999 -9999 -9999 -9999 -9999
