Data/GIS/C580Y/bfa-mvmt-marshall-stock-sq.asc
ncols         173
nrows         126
xllcorner     224227.65281
yllcorner     1039207.04677
cellsize      5000
NODATA_value  -9999
[rows 75 to 99 of 126, columns 56 to 111 of 173]
0.073806147 0.069106622 0.06090275 0.051900553 0.061408357 0.075523968 0.09527436 0.095052062 0.076070964 0.075996765 0.062710949 0.055898876 0.043598192 0.05546593 0.078582681 0.042761784 0.04475989 0.053133331 0.078941198 0.053875272 0.069438325 0.056533642 0.049380409 0.071340386 0.045216007 0.048749782 0.080032654 0.11230905 0.092391954 0.089703964 0.033968532 0.061235955 0.07624523 0.069764301 0.078429358 0.076198235 0.093389 0.05077933 0.047278316 0.085060826 0.055241367 0.077478368 0.068178243 0.10048432 0.086885884 0.079170036 0.14946873 0.069815668 0.059027314 0.058792701 0.06401596 0.087290176 0.047596859 0.060625256 0.081838882 0.086492204
0.082197 0.060369917 0.052827348 0.10169772 0.05854129 0.038031743 0.065422487 0.039029557 0.070947213 0.081046804 0.042127958 0.079984522 0.05408805 0.041899402 0.04463808 0.074420642 0.046502774 0.075469973 0.094312036 0.064586784 0.041988717 0.064658915 0.066214577 0.069775963 0.053948495 0.042744296 0.094427701 0.081455304 0.12460788 0.056456921 0.061648358 0.058383862 0.059515156 0.046052632 0.076388865 0.070304202 0.052783242 0.075121303 0.073587567 0.046581192 0.079053283 0.10024012 0.10526082 0.11334616 0.10718012 0.042469955 0.074939653 0.062454408 0.072364227 0.0796692 0.064177491 0.041409531 0.066871825 0.073037839 0.093324629 0.047904932
0.060976912 0.064102564 0.05270512 0.052314351 0.078115107 0.080135677 0.048257912 0.067041343 0.068720379 0.061341106 0.079890231 0.075366329 0.050090448 0.071676333 0.058103828 0.059651926 0.078905373 0.056132844 0.084220709 0.075875211 0.10243536 0.072085063 0.084278865 0.067912861 0.041348497 0.069509347 0.093547967 0.071999212 0.092404599 0.073609968 0.093726473 0.091023814 0.069527824 0.083609597 0.05039681 0.11445266 0.057137992 0.077187775 0.0581742 0.091963308 0.072325091 0.10491307 0.10044933 0.061136937 0.065684514 0.12970586 0.11550915 0.042333731 0.080038605 0.069796227 0.0736295 0.064318935 0.099268218 0.070597242 0.064370073 0.066748693
0.059671098 0.063781958 0.047318041 0.068007183 0.066565878 0.05900752 0.080781777 0.067190209 0.075520813 0.058108531 0.074242443 0.056635601 0.11827515 0.093693483 0.0793964 0.058091783 0.044987409 0.09657936 0.047744195 0.090637699 0.048220699 0.06381812 0.063448986 0.046970089 0.059620847 0.097175087 0.077380341 0.048822334 0.053915333 0.041531937 0.057608696 0.05958687 0.069501701 0.053527773 0.087793813 0.066495865 0.089126792 0.066704444 0.078240285 0.079102826 0.094504078 0.055143517 0.044569306 0.096819103 0.04826672 0.061135468 0.070248976 0.062166196 0.069534851 0.053822661 0.065347719 0.090277762 0.11101094 0.082724009 0.10664151 0.076430254
0.04662786 0.052338018 0.068613823 0.080832118 0.098655351 0.077978378 0.068335665 0.056199021 0.043072194 0.073582368 0.08265722 0.073383492 0.064370561 0.071360175 0.095280088 0.048983331 0.068272998 0.090236916 0.097261644 0.04543029 0.060431303 0.049720528 0.10651477 0.042460282 0.067883327 0.12427393 0.067519598 0.050099392 0.055318243 0.10469307 0.056561164 0.070115551 0.056617647 0.081074959 0.049601594 0.068699912 0.043470843 0.08679958 0.085557824 0.076910897 0.084156435 0.071645621 0.066546292 0.051707841 0.090503335 0.081317495 0.048684293 0.0514754 0.060677094 0.089577418 0.087059299 0.046917168 0.06930977 0.088589507 0.090186608 0.08798861
0.043446439 0.054402716 0.066567944 0.065028313 0.045470096 0.081971832 0.071179209 0.078162374 0.054635157 0.04689441 0.036530589 0.06921212 0.068237797 0.052473541 0.052014686 0.069177224 0.074649443 0.066395503 0.050405852 0.088436004 0.069126462 0.11849722 0.09468958 0.08013151 0.065607217 0.056829163 0.080090843 0.061371056 0.050960247 0.073445242 0.08504789 0.071086066 0.093113036 0.078598636 0.046542553 0.072427331 0.076916405 0.067901111 0.057418598 0.096666548 0.046996145 0.075587967 0.048657953 0.075265035 0.0571043 0.0626474 0.078210128 0.098999517 0.047980903 0.077892059 0.054532578 0.087722653 0.068741297 0.079065301 0.042174046 0.069600187
0.084711638 0.057703703 0.077776467 0.12352107 0.08821567 0.062742162 0.037903201 0.057979474 0.075677847 0.080948525 0.073896878 0.036752137 0.056361441 0.065152298 0.06633043 0.085310681 0.062146105 0.10475421 0.11205371 0.067024291 0.047438498 0.040127857 0.068700814 0.048443 0.10060101 0.081411614 0.065805669 0.042913835 0.071169594 0.06207486 0.047289049 0.065609678 0.072514701 0.040879558 0.048484324 0.066350598 0.093190586 0.056331878 0.083333319 0.049911778 0.094749638 0.045495846 0.051813472 0.072365355 0.069047637 0.081919136 0.067856239 0.096634049 0.058238809 0.077582221 0.071313131 0.06120096 0.051977596 0.074932118 0.097445656 0.059033746
0.073685352 0.054855312 0.067159571 0.063669108 0.056770497 0.065872858 0.078616658 0.085921744 0.049696122 0.084751618 0.054454121 0.053145204 0.077377273 0.061633227 0.047684326 0.067260335 0.062032975 0.047520991 0.074072607 0.046330358 0.064078578 0.060461091 0.091866407 0.092238379 0.089778483 0.052017338 0.051829429 0.072711554 0.096724904 0.073007598 0.09274732 0.057377398 0.061810991 0.03932132 0.060056244 0.058978704 0.091821297 0.09762103 0.045055904 0.0753955 0.059112317 0.060309459 0.05134886 0.08757764 0.11206382 0.031231845 0.10684151 0.067192877 0.089580535 0.048138298 0.058480919 0.059970674 0.078625783 0.073701177 0.077367997 0.083584686
0.065766774 0.10635567 0.063037642 0.053860747 0.053160139 0.027166791 0.077308445 0.089136073 0.049003911 0.066926352 0.057799139 0.070591881 0.095841735 0.081716107 0.11922148 0.057559977 0.09779241 0.10269461 0.061548346 0.047435534 0.068810772 0.084739817 0.044855973 0.048436592 0.055311171 0.038996948 0.060816044 0.071278706 0.10666116 0.06139934 0.099841896 0.061438241 0.061019084 0.071674121 0.11638975 0.066683718 0.064198781 0.035762345 0.096113043 0.056010929 0.037878806 0.058871326 0.05147061 0.061193978 0.042703151 0.048033685 0.066450886 0.064759827 0.089537712 0.049127548 0.06678363 0.085157969 0.081974234 0.045494405 0.10196859 0.094200854
0.04872373 0.101857 0.056767948 0.074268387 0.05634554 0.071450976 0.047885383 0.097700582 0.073843974 0.060949076 0.086120032 0.056630487 0.055952376 0.06480188 0.10316184 0.083478078 0.078873536 0.099383696 0.05293092 0.052740841 0.072798831 0.041422004 0.079929569 0.081752415 0.077648049 0.057210928 0.090114719 0.049728315 0.061869508 0.078420017 0.04415385 0.084559961 0.04923372 0.045563561 0.064788648 0.068568354 0.12393172 0.076907631 0.063069066 0.081531529 0.053002986 0.053680982 0.034661833 0.053865457 0.039517799 0.044927516 0.060878473 0.063952373 0.039624684 0.067369692 0.079419632 0.092750596 0.084122655 0.11571865 0.089450042 0.036943165
0.059084464 0.1070009 0.064867386 0.040827718 0.06946748 0.096442711 0.046320341 0.081744204 0.064821959 0.049512518 0.088196915 0.14434524 0.047808278 0.061954607 0.077165647 0.0645552 0.063208587 0.055359649 0.049891299 0.071564612 0.06246015 0.05989921 0.094830967 0.073201231 0.063627412 0.06388448 0.05074429 0.10657113 0.071526026 0.043529689 0.090661398 0.05641283 0.045162815 0.049031297 0.068569256 0.08258198 0.062639485 0.034772672 0.052200254 0.080750427 0.10922818 0.066834745 0.089950878 0.079391018 0.071084398 0.058954537 0.1693902 0.070963516 0.048477548 0.12397185 0.1167498 0.067726055 0.054627825 0.070807669 0.083795967 0.10560277
0.04416183 0.05845665 0.049231702 0.047293419 0.084391488 0.06029785 0.058563107 0.063772665 0.10372781 0.047941536 0.060418173 0.087076114 0.033178981 0.095800551 0.070779221 0.066223457 0.056825255 0.060918996 0.06861385 0.063842163 0.089157538 0.076427222 0.043685758 0.060665236 0.048600181 0.038222184 0.085115262 0.061881981 0.052728742 0.047527458 0.039169461 0.044425815 0.085196835 0.066848305 0.044207549 0.051500744 0.061842105 0.068193397 0.065968979 0.11499425 0.068899144 0.055527894 0.1051283 0.10109635 0.062067608 0.038621795 0.059467109 0.047160752 0.052886 0.085114504 0.090915457 0.089946908 0.10059761 0.04981562 0.062794215 0.074225452
0.075656543 0.068161356 0.068950761 0.054200569 0.080687823 0.095884296 0.058641457 0.058818307 0.048252477 0.044956138 0.066071019 0.077921097 0.050034372 0.05331386 0.063164266 0.066304364 0.072153316 0.053203058 0.055213267 0.12828461 0.067066939 0.061719048 0.057915723 0.067757692 0.043750013 0.081681518 0.056331173 0.052802848 0.064649464 0.060742367 0.053321514 0.062382471 0.085289591 0.06028517 0.047927461 0.051089346 0.062574055 0.064054726 0.061084126 0.086056747 0.083261197 0.11189943 0.044463275 0.07462987 0.063431797 0.077980266 0.062090336 0.055227312 0.068316832 0.046710696 0.058807545 0.089259302 0.091609919 0.1061244 0.084033826 0.061071073
0.050797973 0.065694767 0.093181818 0.067164179 0.067599532 0.087598096 0.072558903 0.060750763 0.081193146 0.055961095 0.054519486 0.052918581 0.083622516 0.051413234 0.048351222 0.048073451 0.093708748 0.063479822 0.060596231 0.06420217 0.053421601 0.04024379 0.04677231 0.088932681 0.056953455 0.06768432 0.078629755 0.050599105 0.037240979 0.079294581 0.074128149 0.039111102 0.034863615 0.036805556 0.069572631 0.044562037 0.047619076 0.077944865 0.085388103 0.045271038 0.041455696 0.04753398 0.071451234 0.07686738 0.094808214 0.090185124 0.10344248 0.10253772 0.084907203 0.13611289 0.087896836 0.061911418 0.083627667 0.098458437 0.081270143 -9999
0.086916159 0.075130496 0.062895133 0.059920619 0.063701754 0.051735562 0.089525466 0.11988484 0.033635399 0.086544736 0.066103873 0.09348698 0.035596458 0.032789837 0.057407427 0.064559443 0.062304655 0.041391779 0.062499295 0.04464039 0.054377411 0.057797647 0.061823918 0.072762365 0.066851746 0.091697289 0.056464167 0.090388228 0.06191538 0.085653409 0.073018654 0.049101838 0.051484892 0.046925568 0.066020698 0.062536186 0.11417083 0.063121362 0.038461567 0.049599659 0.043170103 0.054794611 0.084696135 0.078749367 0.10421243 0.096639539 0.087666834 0.089620459 0.10759892 0.064766652 0.061046512 0.10161758 0.10040623 0.095843157 0.13734382 -9999
0.050551123 0.077424437 0.04924087 0.079077993 0.067281231 0.084139806 0.041552514 0.086437067 0.054376145 0.097346652 0.0760376 0.039880952 0.08177026 0.053996565 0.08311958 0.065449885 0.097692218 0.068910846 0.052217342 0.084726641 0.092125169 0.086389 0.036268365 0.071228692 0.090338164 0.085604011 0.080629973 0.059473691 0.064135462 0.09628815 -9999 -9999 -9999 -9999 0.058660168 0.04433495 0.066921069 0.068888886 0.086930432 0.074852071 -9999 -9999 0.081528662 0.14409739 0.089059499 0.085613285 -9999 0.062659381 0.054796953 0.056732599 0.084722243 0.052170104 0.048962948 0.093459458 -9999 -9999
0.15865453 0.13707073 0.0484375 -9999 -9999 -9999 -9999 -9999 -9999 -9999 -9999 -9999 -9999 -9999 -9999 -9999 -9999 -9999 -9999 -9999 -9999 -9999 -9999 -9999 -9999 -9999 -9999 -9999 -9999 -9999 -9999 -9999 -9999 -9999 -9999 -9999 -9999 -9999 -9999 -9999 -9999 -9999 -9999 -9999 -9999 -9999 -9999 -9999 -9999 -9999 0.05379743 0.055076592 -9999 -9999 -9999 -9999
0.085214831 0.11129323 0.1206793 -9999 -9999 -9999 -9999 -9999 -9999 -9999 -9999 -9999 -9999 -9999 -9999 -9999 -9999 -9999 -9999 -9999 -9999 -9999 -9999 -9999 -9999 -9999 -9999 -9999 -9999 -9999 -9999 -9999 -9999 -9999 -9999 -9999 -9999 -9999 -9999 -9999 -9999 -9999 -9999 -9999 -9999 -9999 -9999 -9999 -9999 -9999 -9999 0.059174004 -9999 -9999 -9999 -9999
0.11961533 0.079759845 -9999 -9999 -9999 -9999 -9999 -9999 -9999 -9999 -9999 -9999 -9999 -9999 -9999 -9999 -9999 -9999 -9999 -9999 -9999 -9999 -9999 -9999 -9999 -9999 -9999 -9999 -9999 -9999 -9999 -9999 -9999 -9999 -9999 -9999 -9999 -9999 -9999 -9999 -9999 -9999 -9999 -9999 -9999 -9999 -9999 -9999 -9999 -9999 -9999 -9999 -9999 -9999 -9999 -9999
0.086802077 0.053180402 -9999 -9999 -9999 -9999 -9999 -9999 -9999 -9999 -9999 -9999 -9999 -9999 -9999 -9999 -9999 -9999 -9999 -9999 -9999 -9999 -9999 -9999 -9999 -9999 -9999 -9999 -9999 -9999 -9999 -9999 -9999 -9999 -9999 -9999 -9999 -9999 -9999 -9999 -9999 -9999 -9999 -9999 -9999 -9999 -9999 -9999 -9999 -9999 -9999 -9999 -9999 -9999 -9999 -9999
0.09468071 0.093636844 -9999 -9999 -9999 -9999 -9999 -9999 -9999 -9999 -9999 -9999 -9999 -9999 -9999 -9999 -9999 -9999 -9999 -9999 -9999 -9999 -9999 -9999 -9999 -9999 -9999 -9999 -9999 -9999 -9999 -9999 -9999 -9999 -9999 -9999 -9999 -9999 -9999 -9999 -9999 -9999 -9999 -9999 -9999 -9999 -9999 -9999 -9999 -9999 -9999 -9999 -9999 -9999 -9999 -9999
0.09175 -9999 -9999 -9999 -9999 -9999 -9999 -9999 -9999 -9999 -9999 -9999 -9999 -9999 -9999 -9999 -9999 -9999 -9999 -9999 -9999 -9999 -9999 -9999 -9999 -9999 -9999 -9999 -9999 -9999 -9999 -9999 -9999 -9999 -9999 -9999 -9999 -9999 -9999 -9999 -9999 -9999 -9999 -9999 -9999 -9999 -9999 -9999 -9999 -9999 -9999 -9999 -9999 -9999 -9999 -9999
0.075740132 -9999 -9999 -9999 -9999 -9999 -9999 -9999 -9999 -9999 -9999 -9999 -9999 -9999 -9999 -9999 -9999 -9999 -9999 -9999 -9999 -9999 -9999 -9999 -9999 -9999 -9999 -9999 -9999 -9999 -9999 -9999 -9999 -9999 -9999 -9999 -9999 -9999 -9999 -9999 -9999 -9999 -9999 -9999 -9999 -9999 -9999 -9999 -9999 -9999 -9999 -9999 -9999 -9999 -9999 -9999
-9999 -9999 -9999 -9999 -9999 -9999 -9999 -9999 -9999 -9999 -9999 -9999 -9999 -9999 -9999 -9999 -9999 -9999 -9999 -9999 -9999 -9999 -9999 -9999 -9999 -9999 -9999 -9999 -9999 -9999 -9999 -9999 -9999 -9999 -9999 -9999 -9999 -9999 -9999 -9999 -9999 -9999 -9999 -9999 -9999 -9999 -9999 -9999 -9999 -9999 -9999 -9999 -9999 -9999 -9999 -9999
0.06250002 -9999 -9999 -9999 -9999 -9999 -9999 -9999 -9999 -9999 -9999 -9999 -9999 -9999 -9999 -9999 -9999 -9999 -9999 -9999 -9999 -9999 -9999 -9999 -9999 -9999 -9999 -9999 -9999 -9999 -9999 -9999 -9999 -9999 -9999 -9999 -9999 -9999 -9999 -9999 -9999 -9999 -9999 -9999 -9999 -9999 -9999 -9999 -9999 -9999 -9999 -9999 -9999 -9999 -9999 -9999
