Data/GIS/C580Y/bfa-mvmt-travel-tail-sq.asc
ncols         173
nrows         126
xllcorner     224227.65281
yllcorner     1039207.04677
cellsize      5000
NODATA_value  -9999
[rows 0 to 24 of 126, columns 56 to 111 of 173]
-9999 -9999 -9999 -9999 -9999 -9999 -9999 -9999 -9999 -9999 -9999 -9999 -9999 -9999 -9999 -9999 -9999 -9999 -9999 -9999 -9999 -9999 -9999 -9999 -9999 -9999 -9999 -9999 -9999 -9999 -9999 -9999 -9999 -9999 -9999 -9999 -9999 -9999 -9999 -9999 -9999 -9999 -9999 -9999 -9999 -9999 -9999 -9999 0.040244387 0.045361346 0.078026559 0.051724138 0.048611104 0.050781759 -9999 -9999
-9999 -9999 -9999 -9999 -9999 -9999 -9999 -9999 -9999 -9999 -9999 -9999 -9999 -9999 -9999 -9999 -9999 -9999 -9999 -9999 -9999 -9999 -9999 -9999 -9999 -9999 -9999 -9999 -9999 -9999 -9999 -9999 -9999 -9999 -9999 -9999 -9999 -9999 -9999 -9999 -9999 -9999 -9999 -9999 -9999 -9999 0.094907368 0.060824337 0.021758767 0.062841475 0.028412503 0.029032461 0.033963529 0.033730183 0.088050189 -9999
-9999 -9999 -9999 -9999 -9999 -9999 -9999 -9999 -9999 -9999 -9999 -9999 -9999 -9999 -9999 -9999 -9999 -9999 -9999 -9999 -9999 -9999 -9999 -9999 -9999 -9999 -9999 -9999 -9999 -9999 -9999 -9999 -9999 -9999 -9999 -9999 -9999 -9999 -9999 -9999 -9999 -9999 -9999 -9999 -9999 0.029069767 0.032091087 0.023329698 0.15692463 0.04137931 0.075740098 0.026167476 0.025211864 0.020833333 0.081268053 0.034090909
-9999 -9999 -9999 -9999 -9999 -9999 -9999 -9999 -9999 -9999 -9999 -9999 -9999 -9999 -9999 -9999 -9999 -9999 -9999 -9999 -9999 -9999 -9999 -9999 -9999 -9999 -9999 -9999 -9999 -9999 -9999 -9999 -9999 -9999 -9999 -9999 -9999 -9999 -9999 -9999 -9999 -9999 -9999 -9999 0.033796296 0.024182974 0.036972987 0.034474672 0.063278168 0.019927528 0.034068397 0.02 0.029440869 0.042146195 0.044217679 0.040476171
-9999 -9999 -9999 -9999 -9999 -9999 -9999 -9999 -9999 -9999 -9999 -9999 -9999 -9999 -9999 -9999 -9999 -9999 -9999 -9999 -9999 -9999 -9999 -9999 -9999 -9999 -9999 -9999 -9999 -9999 -9999 -9999 -9999 -9999 -9999 -9999 -9999 -9999 -9999 -9999 -9999 -9999 -9999 0.059624003 0.028248525 0.020833338 0.021520144 0.037654315 0.031452234 0.020248824 0.042708287 0.032267972 0.048224443 0.061208626 0.047328154 0.017910448
-9999 -9999 -9999 -9999 -9999 -9999 -9999 -9999 -9999 -9999 -9999 -9999 -9999 -9999 -9999 -9999 -9999 -9999 -9999 -9999 -9999 -9999 -9999 -9999 -9999 -9999 -9999 -9999 -9999 -9999 -9999 -9999 -9999 -9999 -9999 -9999 -9999 -9999 -9999 -9999 -9999 -9999 0.033420362 0.045641909 0.02463626 0.028329166 0.048266612 0.048199973 0.05481655 0.020833333 0.065051749 0.029761857 0.038564139 0.025510204 0.03375 0.026666667
-9999 -9999 -9999 -9999 -9999 -9999 -9999 -9999 -9999 -9999 -9999 -9999 -9999 -9999 -9999 -9999 -9999 -9999 -9999 -9999 -9999 -9999 -9999 -9999 -9999 -9999 -9999 -9999 -9999 -9999 -9999 -9999 -9999 -9999 -9999 -9999 -9999 -9999 -9999 -9999 0.06668156 0.022857886 0.019230769 0.043509548 0.091074656 0.080662449 0.016856061 0.039655172 0.016489025 0.025221423 0.024904172 0.024561223 0.04830913 0.041680783 0.044431719 0.040596351
-9999 -9999 -9999 -9999 -9999 -9999 -9999 -9999 -9999 -9999 -9999 -9999 -9999 -9999 -9999 -9999 -9999 -9999 -9999 -9999 -9999 -9999 -9999 -9999 -9999 -9999 -9999 -9999 -9999 -9999 -9999 -9999 -9999 -9999 -9999 -9999 -9999 0.061127534 0.052325581 0.046505371 0.022035313 0.082811915 0.044550634 0.038723324 0.040505922 0.028985507 0.037396508 0.056869611 0.045703208 0.052982972 0.044763837 0.03079713 0.037016339 0.035087669 0.036973178 0.045974439
-9999 -9999 -9999 -9999 -9999 -9999 -9999 -9999 -9999 -9999 -9999 -9999 -9999 -9999 -9999 -9999 -9999 -9999 -9999 -9999 -9999 -9999 -9999 -9999 -9999 -9999 -9999 -9999 -9999 -9999 -9999 -9999 -9999 -9999 -9999 0.080489428 0.032795695 0.055604066 0.034143519 0.034482759 0.014925373 0.13019731 0.062418325 0.033145445 0.086909584 0.071969788 0.041496633 0.039179509 0.08415838 0.017241379 0.026408153 0.047057033 0.034789157 0.0575 0.046223817 0.052015351
-9999 -9999 -9999 -9999 -9999 -9999 -9999 -9999 -9999 -9999 -9999 -9999 -9999 -9999 -9999 -9999 -9999 -9999 -9999 -9999 -9999 -9999 -9999 -9999 -9999 -9999 -9999 -9999 -9999 -9999 -9999 -9999 -9999 0.049426689 0.074193548 0.074156667 0.037280789 0.082329589 0.04532033 0.023809531 0.026651612 0.062979118 0.040123457 0.022598932 0.10380046 0.043182426 0.042503011 0.053731366 0.055892289 0.037619048 0.047539128 0.035853767 0.081873 0.056007332 0.051649205 0.079138444
-9999 -9999 -9999 -9999 -9999 -9999 -9999 -9999 -9999 -9999 -9999 -9999 -9999 -9999 -9999 -9999 -9999 -9999 -9999 -9999 -9999 -9999 -9999 -9999 -9999 -9999 -9999 -9999 -9999 -9999 -9999 -9999 0.021212109 0.055844117 0.039766053 0.044258158 0.024390244 0.074074167 0.041239316 0.045247323 0.055758251 0.053214177 0.041898194 0.058658995 0.036743086 0.066407204 0.057807748 0.027727306 0.041879058 0.10082795 0.050838553 0.082911009 0.035002654 0.038406364 0.058272685 0.044826159
-9999 -9999 -9999 -9999 -9999 -9999 -9999 -9999 -9999 -9999 -9999 -9999 -9999 -9999 -9999 -9999 -9999 -9999 -9999 -9999 -9999 -9999 -9999 -9999 -9999 -9999 -9999 -9999 -9999 -9999 0.025 0.025833333 0.046092352 0.043023221 0.074860521 0.078601186 0.033598805 0.042686119 0.060810811 0.052279172 0.081467761 0.038935452 0.05608605 0.040937199 0.082516324 0.056560403 0.064686436 0.025522936 0.090509804 0.033970892 0.039039009 0.047507025 0.061653089 0.074919653 0.040123481 0.024378054
-9999 -9999 -9999 -9999 -9999 -9999 -9999 -9999 -9999 -9999 -9999 -9999 -9999 -9999 -9999 -9999 -9999 -9999 -9999 -9999 -9999 -9999 -9999 -9999 -9999 -9999 -9999 -9999 0.054171575 0.03125 0.046869243 0.030681818 0.031420464 0.026666667 0.072485822 0.041666575 0.028273804 0.030391494 0.055592744 0.052389535 0.039096154 0.046923312 0.046790432 0.035463609 0.044741308 0.026477829 0.11620152 0.043028366 0.035276074 0.01914709 0.042452832 0.026558233 0.038888886 0.066666635 0.070422535 0.085506938
-9999 -9999 -9999 -9999 -9999 -9999 -9999 -9999 -9999 -9999 -9999 -9999 -9999 -9999 -9999 -9999 -9999 -9999 -9999 -9999 -9999 -9999 0.11289081 0.06525974 0.06756754 -9999 0.059848485 0.04329736 0.025252576 0.040540541 0.045823382 0.05679 0.049558042 0.037878788 0.085883051 0.033 0.062007025 0.031094423 0.038281153 0.0357981 0.068413099 0.082025459 0.048278159 0.062420524 0.019560462 0.096104299 0.069332985 0.11695456 0.081170625 0.081437584 0.073302407 0.041703224 0.023224041 0.037986183 0.029970268 0.033274623
-9999 -9999 -9999 -9999 -9999 -9999 -9999 -9999 -9999 -9999 -9999 -9999 -9999 -9999 -9999 -9999 -9999 -9999 -9999 -9999 -9999 0.038014085 0.06810745 0.10033667 0.058888883 0.065004903 0.15665864 0.06875 0.061827952 0.036859038 0.073954568 0.03558514 0.023555556 0.041218634 0.055073067 0.042488211 0.030378728 0.05642162 0.054857418 0.053884427 0.037131295 0.042584307 0.033978173 0.057976484 0.046011368 0.076830713 0.10122292 0.069258146 0.087008738 0.037905575 0.064988347 0.042337612 0.072032853 0.069800321 0.069696883 0.071682
-9999 -9999 -9999 -9999 -9999 -9999 -9999 -9999 -9999 -9999 -9999 -9999 -9999 -9999 -9999 -9999 -9999 -9999 -9999 -9999 -9999 0.046504492 0.064009221 0.042712246 0.089771628 0.038841746 0.042372102 0.037818639 0.044068236 0.036672146 0.069826857 0.045121951 0.03383088 0.063812804 0.10964141 0.081726353 0.081644157 0.072878786 0.0620794 0.08027466 0.046978905 0.067430253 0.04424603 0.09374499 0.048541687 0.044882182 0.02452344 0.049831166 0.041327711 0.046088418 0.044795272 0.052683333 0.054065153 0.037843867 0.057941946 0.053039676
-9999 -9999 -9999 -9999 -9999 -9999 -9999 -9999 -9999 -9999 -9999 -9999 -9999 -9999 -9999 -9999 -9999 -9999 -9999 -9999 -9999 0.05021359 0.052786103 0.084659091 0.058405053 0.041767486 0.08245607 0.030002669 0.060182532 0.027350385 0.041462456 0.14119188 0.090877429 0.11080443 0.052046842 0.048111625 0.046175259 0.063838363 0.035021076 0.038299717 0.08078601 0.052382941 0.071136934 0.12749965 0.056313682 0.082473789 0.042080247 0.044854414 0.075228013 0.082688237 0.060546071 0.042795964 0.066064356 0.089386158 0.10323915 0.084754697
-9999 -9999 -9999 -9999 -9999 -9999 -9999 -9999 -9999 -9999 -9999 -9999 -9999 -9999 -9999 -9999 -9999 -9999 -9999 -9999 -9999 0.039377277 0.049664648 0.050124411 0.05053336 0.057838983 0.050559282 0.10705104 0.047756 0.056716634 0.090010818 0.062646117 0.058855173 0.046060239 0.030216397 0.041667914 0.028728468 0.044798868 0.036817316 0.037220319 0.086081019 0.075325991 0.082909524 0.097367251 0.083758266 0.10249015 0.070338157 0.08075688 0.078661866 0.070406976 0.07138607 0.056143792 0.10641657 0.060342012 0.080548493 0.0468681
-9999 -9999 -9999 -9999 -9999 -9999 -9999 -9999 -9999 -9999 -9999 -9999 -9999 -9999 -9999 -9999 -9999 -9999 -9999 -9999 -9999 0.056090706 0.065703852 0.074891185 0.080468237 0.038442981 0.091026087 0.043354909 0.058068066 0.039349708 0.042451997 0.069885352 0.062635123 0.072691075 0.047084894 0.10303165 0.033595131 0.043963723 0.05761551 0.036985399 0.10035125 0.068570979 0.060589437 0.091855459 0.10500331 0.073817984 0.092869221 0.051779193 0.084697787 0.093383275 0.075848489 0.04404375 0.046466653 0.044094081 0.069986752 0.065868939
-9999 -9999 -9999 -9999 -9999 -9999 -9999 -9999 -9999 -9999 -9999 -9999 -9999 0.10555569 0.0433334 0.03166266 -9999 -9999 -9999 -9999 -9999 0.053491911 0.094953343 0.079785117 0.078427124 0.070694715 0.057816186 0.096576344 0.070225623 0.060307406 0.072851624 0.10276945 0.046047638 0.089064065 0.053872463 0.042256585 0.075186225 0.068718599 0.060500942 0.050244186 0.036572386 0.062476681 0.071892442 0.031740148 0.074094169 0.097578556 0.068694577 0.07519544 0.10148501 0.074005 0.082118408 0.046683284 0.071338547 0.040963568 0.025878572 0.035702423
-9999 -9999 -9999 -9999 -9999 -9999 -9999 -9999 -9999 -9999 0.083333333 0.025018117 0.030636876 0.031901617 0.042952244 0.033292197 0.030300442 0.071313891 -9999 0.081715176 0.059465965 0.058779634 0.04447708 0.078153571 0.068900115 0.051557148 0.064975512 0.10566534 0.064240596 0.075321229 0.08080723 0.062507473 0.037176575 0.058284561 0.066793095 0.080885233 0.053197766 0.048634702 0.076534111 0.092651387 0.097857191 0.060890353 0.067871702 0.10635236 0.05890657 0.089819935 0.062301373 0.095826736 0.10105683 0.045464255 0.10625584 0.084414096 0.055474104 0.047716909 0.044548182 0.04751985
-9999 -9999 -9999 -9999 -9999 -9999 -9999 0.11904736 0.041333482 0.047571967 0.074513182 0.053014046 0.072403713 0.073075211 0.055375577 0.062509698 0.022358885 0.052082871 0.091487834 0.041891658 0.060831009 0.11335357 0.058046238 0.063842353 0.077901685 0.086371782 0.10611324 0.076757541 0.099208742 0.10153893 0.064207496 0.089478115 0.039774924 0.088422269 0.071268722 0.081460549 0.092344938 0.055096884 0.089655965 0.0612556 0.10439023 0.095200858 0.061258625 0.04944427 0.040902156 0.056388055 0.054794734 0.10055903 0.082049814 0.11426519 0.061032908 0.069142496 0.088401994 0.050125596 0.047891538 0.060365005
-9999 -9999 -9999 -9999 -9999 0.082837232 0.044534032 0.0245614 0.060049039 0.065421143 0.064901281 0.060261124 0.066634263 0.044098049 0.041408147 0.058616 0.069816417 0.046157021 0.085596242 0.055195282 0.086295103 0.043447308 0.074493062 0.063479016 0.049497236 0.10130918 0.06550482 0.077977005 0.13600517 0.10628741 0.12993096 0.070750452 0.11453597 0.093237335 0.10098678 0.086718672 0.095995376 0.031057097 0.075528421 0.067736166 0.074930785 0.055680542 0.037987889 0.041094126 0.054268686 0.063725339 0.038020398 0.11872265 0.076369881 0.084149385 0.042990427 0.06613873 0.065474167 0.025865991 0.03872683 0.049424647
-9999 -9999 -9999 0.071645 0.045845 0.063527012 0.057887214 0.03262307 0.039524657 0.052310148 0.034114013 0.049971993 0.058686191 0.062284151 0.049353321 0.055228739 0.10969005 0.039688519 0.041672311 0.041429761 0.089997566 0.034992074 0.076182059 0.058967656 0.11011891 0.068167524 0.087488485 0.11303674 0.11217451 0.083010161 0.084625046 0.05735153 0.079346386 0.090598013 0.062802837 0.066449939 0.085557892 0.028510964 0.035080213 0.046593059 0.041489374 0.0443581 0.086831242 0.099854337 0.053447158 0.034978004 0.028216925 0.095244122 0.064212484 0.06469565 0.084125214 0.04276615 0.031824105 0.055775338 0.06872849 0.11509227
-9999 -9999 -9999 0.088792073 0.041232487 0.047699222 0.03998586 0.047781364 0.088092148 0.07229537 0.088455063 0.092448778 0.068441343 0.082130627 0.11051618 0.097054543 0.028255311 0.069089192 0.050234352 0.052439932 0.061677959 0.057154348 0.13992776 0.079747908 0.070045245 0.050054478 0.074805425 0.061777704 0.090355458 0.10079458 0.04415603 0.084284523 0.08801117 0.083820163 0.068846364 0.079669782 0.08972221 0.057596172 0.025875444 0.025320408 0.040595886 0.040573046 0.041376418 0.074621212 0.047899465 0.050717498 0.10899579 0.047184734 0.11450074 0.095397435 0.072475113 0.032501955 0.10118146 0.048499547 0.073229788 0.062318997
