Data/GIS/C580Y/bfa-mvmt-marshall-tail-sq.asc
ncols         173
nrows         126
xllcorner     224227.65281
yllcorner     1039207.04677
cellsize      5000
NODATA_value  -9999
[rows 25 to 49 of 126, columns 56 to 111 of 173]
-9999 -9999 0.076066452 0.074696257 0.087629572 0.082075325 0.045 0.048940033 0.053466748 0.065716827 0.10458356 0.04381534 0.086392279 0.091648343 0.075307121 0.095767127 0.11274333 0.046133511 0.087276779 0.034220987 0.098571379 0.078282784 0.0441954 0.080619601 0.10873793 0.074616 0.065432448 0.07473714 0.066159024 0.071585193 0.068053956 0.056209599 0.059750439 0.052073598 0.087346411 0.10369722 0.042895092 0.049793402 0.050287959 0.085287511 0.0435643 0.071193794 0.074304438 0.053577113 0.099282253 0.11584004 0.043419154 0.081300803 0.10564565 0.059762724 0.05062427 0.10126761 0.063681775 0.060218387 0.057524851 0.048758851
-9999 -9999 0.054851896 0.070917815 0.088600393 0.10905603 0.057697848 0.054408627 0.058246073 0.084882833 0.12235891 0.14307821 0.096769191 0.13451809 0.11907001 0.071206295 0.057101924 0.063613415 0.070533349 0.062466505 0.095697615 0.092200329 0.055452146 0.086602696 0.071363041 0.093553586 0.050982464 0.089508558 0.0661575 0.093109204 0.061409451 0.094895844 0.075108714 0.052169481 0.10584616 0.098728726 0.066292698 0.063208794 0.051400755 0.065808963 0.046639918 0.056402432 0.052173925 0.060418359 0.042921154 0.043947792 0.050092893 0.05752075 0.073740335 0.044678848 0.054311791 0.065395424 0.033736073 0.083474828 0.069150638 0.059090887
-9999 -9999 0.098461737 0.069999985 0.046971438 0.076584341 0.055758419 0.077710582 0.080041859 0.047225589 0.079910895 0.11890966 0.079666555 0.077903258 0.1190483 0.088873241 0.045563657 0.045168945 0.056734143 0.079341275 0.060905011 0.060101293 0.07318511 0.066843361 0.097834746 0.056590476 0.076414892 0.11692093 0.096174916 0.065132909 0.060824284 0.074501525 0.085908894 0.079512363 0.11657669 0.10042209 0.11323638 0.066269898 0.0730917 0.07060308 0.052193515 0.062655203 0.06637158 0.055904471 0.080921549 0.063937025 0.069745302 0.068070269 0.05833332 0.044764478 0.07888396 0.06683832 0.084329545 0.07287364 0.068624584 0.048039231
-9999 0.060234092 0.046551724 0.0539925 0.077005705 0.047249845 0.07926212 0.06211536 0.079938661 0.065213273 0.063557813 0.0616271 0.091547267 0.12331369 0.085187845 0.078651776 0.13762735 0.068747164 0.10930991 0.065630715 0.15128492 0.10633097 0.057374898 0.089426906 0.064419778 0.081725394 0.10653148 0.080436934 0.051950301 0.055773184 0.05640834 0.078511192 0.05430106 0.048446735 0.070183042 0.053373925 0.066522948 0.038569361 0.086621498 0.072037626 0.090723126 0.081574612 0.098481767 0.10310833 0.050676059 0.072955044 0.044898773 0.10149069 0.077008798 0.056553642 0.087212736 0.051482391 0.068909062 0.04915189 0.053739279 0.042725161
-9999 0.054494382 0.11529671 0.048958393 0.079986104 0.081803757 0.06175525 0.087473969 0.033205339 0.074799187 0.093109478 0.071847157 0.098631225 0.074431129 0.11602308 0.063149038 0.065895723 0.090269246 0.10999199 0.11480186 0.089476286 0.088868205 0.08809683 0.055297904 0.066468274 0.096129628 0.064693771 0.065624342 0.098221051 0.081752338 0.072966971 0.068872033 0.11311424 0.09040502 0.070447073 0.086104928 0.10479898 0.087132563 0.080227705 0.093692549 0.079306825 0.1127471 0.093178482 0.06653634 0.053474924 0.079790805 0.087487018 0.060888044 0.071364967 0.083735384 0.04638256 0.10096422 0.087038896 0.079211888 0.075352487 0.070092852
-9999 0.066277433 0.058073636 0.07488888 0.062105617 0.084805212 0.055360442 0.090099231 0.054875699 0.063157439 0.092255939 0.089922671 0.069343402 0.061270701 0.11800846 0.053611964 0.080003293 0.12651724 0.1057589 0.07240107 0.085406457 0.096435668 0.14016086 0.069710083 0.090399225 0.12683353 0.079979974 0.056083656 0.073457481 0.076880472 0.11307083 0.12771669 0.065532438 0.1627064 0.090285317 0.036701446 0.063176867 0.080116633 0.10576205 0.10023876 0.096492595 0.094550659 0.046159521 0.11693124 0.068931936 0.060964971 0.074604811 0.059393948 0.060162314 0.0748082 0.068205459 0.040476267 0.08004415 0.075382538 0.051503759 0.055686465
-9999 -9999 0.044115643 0.06245924 0.040912389 0.09014209 0.088574827 0.052133973 0.066797221 0.060328429 0.082067174 0.086248667 0.1162294 0.10337599 0.1108088 0.073905639 0.093143964 0.11050701 0.10278554 0.058935689 0.099068125 0.08205805 0.091547106 0.052513495 0.074987126 0.072398339 0.10040855 0.085793508 0.088297578 0.066522097 0.10176297 0.13322651 0.063413946 0.095944767 0.10967331 0.071825381 0.11881377 0.080185521 0.063042861 0.086384611 0.072810992 0.091207788 0.088893055 0.087866121 0.074709589 0.05347532 0.10420893 0.094375679 0.080372233 0.12323968 0.067832747 0.077487959 0.084764262 0.041246483 0.038735488 0.082792754
0.055097543 0.056693585 0.029747801 0.11705655 0.10919228 0.096571704 0.0430609 0.065031895 0.077799952 0.10048321 0.13867257 0.091893461 0.095867118 0.09866084 0.079918214 0.09930817 0.094657806 0.064995245 0.11296387 0.063875 0.055111326 0.095859795 0.06819713 0.073373827 0.080226973 0.12407945 0.098195238 0.12634398 0.085705556 0.07299362 0.082127335 0.063639961 0.097078839 0.09576569 0.0637421 0.099060361 0.11411004 0.073363125 0.049511699 0.14167216 0.093324095 0.089875333 0.070648024 0.067549583 0.076391832 0.087440911 0.11044474 0.04221106 0.077909401 0.12354539 0.10950169 0.055767195 0.10563511 0.073590042 0.080089291 0.063733478
0.073300971 0.058645 0.055531677 0.035907813 0.054208486 0.050977419 0.078432181 0.062299185 0.061639568 0.11227894 0.086300281 0.1141142 0.12381349 0.091486855 0.075857001 0.073424629 0.083994243 0.10387652 0.13138201 0.053206728 0.040729558 0.069410477 0.077114487 0.12357524 0.083416515 0.095625412 0.085764686 0.04987255 0.10678062 0.14379263 0.11305452 0.072435423 0.091785745 0.061711453 0.088434918 0.1144354 0.1221288 0.081738154 0.06337788 0.093898045 0.053362778 0.069547734 0.066862451 0.067007353 0.072826333 0.053268868 0.13170578 0.078137114 0.067040395 0.054559682 0.087457852 0.076294651 0.073590073 0.058028846 0.11253296 0.066240956
0.033950593 0.051497661 0.041994724 0.05808026 0.054393114 0.12215852 0.11002015 0.086542757 0.089098373 0.073408816 0.091975541 0.10193753 0.092155039 0.088916631 0.097390508 0.1108883 0.05941617 0.12376253 0.11018839 0.075902285 0.076162365 0.069806303 0.079074444 0.068665893 0.075518363 0.087502508 0.058139713 0.073045081 0.094645845 0.11175513 0.083328216 0.059917045 0.089379844 0.10264237 0.082070378 0.089545393 0.077934846 0.054617388 0.10074768 0.075407472 0.042494742 0.070391811 0.11995956 0.057904699 0.062665188 0.079862987 0.063183519 0.057026589 0.093277005 0.069456382 0.04768755 0.059123738 0.09116518 0.071925928 0.13021838 0.1001953
0.038492079 0.054301091 0.042820497 0.056998701 0.056024429 0.057183313 0.042441625 0.088028411 0.052390127 0.073151856 0.087846738 0.0973864 0.12509766 0.095512668 0.088626119 0.1140519 0.067459571 0.088835273 0.084334548 0.081163282 0.084811028 0.063555867 0.13653362 0.096432168 0.065000091 0.0980185 0.056164926 0.068127869 0.09358255 0.088890333 0.10166339 0.12557857 0.084648031 0.092903591 0.084448673 0.084217583 0.057514882 0.11025227 0.06354286 0.073548135 0.11314014 0.074301797 0.062389334 0.073215872 0.054900173 0.06618921 0.063910711 0.092437937 0.069931405 0.055180543 0.072436985 0.0892864 0.065197282 0.072691704 0.047091179 0.094738845
0.029894183 0.038797136 0.07885634 0.057115468 0.094610476 0.047586865 0.079498175 0.072106272 0.13571174 0.12685721 0.05079365 0.10179854 0.12378821 0.075271912 0.12964989 0.074159693 0.11547858 0.11519669 0.076871606 0.083570907 0.082676595 0.10171851 0.098955702 0.090277078 0.099483918 0.1738857 0.051964266 0.084140133 0.10918314 0.11347794 0.083775398 0.11882438 0.067025727 0.087774469 0.10166204 0.094222353 0.05740738 0.046404743 0.09799418 0.078854331 0.086181255 0.070937561 0.091540119 0.091338225 0.053181183 0.04535631 0.09520908 0.039853814 0.073226765 0.05149143 0.035871586 0.058869283 0.084559718 0.09034751 0.10449298 0.081327158
0.059874129 0.076551659 0.064573939 0.048637174 0.05143239 0.053678631 0.05945691 0.083006591 0.098554493 0.089879732 0.12477059 0.10064159 0.13396667 0.12297231 0.071596968 0.043817585 0.069849239 0.11914559 0.084264733 0.053541983 0.06545647 0.080545958 0.067758856 0.060450984 0.053517621 0.070139668 0.068821954 0.14073715 0.13389192 0.12871783 0.10790605 0.077022529 0.076699909 0.063875244 0.10750012 0.042154018 0.072970859 0.065249496 0.099953684 0.08406778 0.085836043 0.068298226 0.073268882 0.043776787 0.054266921 0.063059536 0.085004519 0.12362572 0.061380735 0.068384095 0.067820134 0.078449437 0.13447225 0.083747964 0.068305689 0.062802449
0.10263563 0.073956219 0.089025961 0.058953458 0.077702992 0.06345603 0.056242479 0.051108243 0.066949763 0.068904758 0.097310256 0.093235947 0.0898301 0.089698919 0.12197789 0.077901443 0.058885698 0.14913861 0.11327822 0.068168863 0.06492879 0.059497681 0.11587499 0.11470917 0.10985076 0.10120874 0.081161653 0.088175997 0.070700048 0.11569667 0.10140401 0.12750924 0.10368238 0.041989742 0.13684773 0.050536749 0.06934802 0.071581167 0.088509481 0.064516726 0.10218622 0.12898921 0.051103225 0.097075522 0.064367316 0.074698027 0.057704973 0.06689305 0.066214553 0.069084929 0.054819734 0.089708832 0.072222325 0.07802927 0.096483658 0.071524786
0.077523184 0.046014786 0.079275096 0.056590572 0.055880079 0.071825976 0.058634977 0.071994411 0.096602865 0.063617066 0.082352842 0.053536344 0.071555136 0.082242553 0.10287041 0.096232808 0.075318686 0.058331539 0.071410035 0.081625753 0.060445553 0.060603622 0.10590101 0.097048091 0.05974932 0.11361492 0.10314613 0.085875992 0.081363834 0.048449623 0.083522989 0.10926753 0.077361045 0.12472705 0.080195938 0.061213081 0.05978 0.048895495 0.072661226 0.098825164 0.11333299 0.075370096 0.050000861 0.070302452 0.06459902 0.11180026 0.09276051 0.080704107 0.052112058 0.12180463 0.082366241 0.063302267 0.10584897 0.084862336 0.051023052 0.10749439
0.055599225 0.096576792 0.043284279 0.030032518 0.037503182 0.086293294 0.070461527 0.046639155 0.070202723 0.0686212 0.086080765 0.072784652 0.099071895 0.092158377 0.06835606 0.098142776 0.10590684 0.12378447 0.078771314 0.062657295 0.091389783 0.099170327 0.087134953 0.097888953 0.10109702 0.065310465 0.090476136 0.083456272 0.15463068 0.095787143 0.093277371 0.05334689 0.059123867 0.076670083 0.057086357 0.11540234 0.13349084 0.069221259 0.061974379 0.09497842 0.10392644 0.11413329 0.080596908 0.08559202 0.074540213 0.07730552 0.091490007 0.12546665 0.11282746 0.11552226 0.080961045 0.07888673 0.058070162 0.10673874 0.13821225 0.06740583
0.061471818 0.049483217 0.052668171 0.066232221 0.064937395 0.068319112 0.048519852 0.058766943 0.067954258 0.086086531 0.11020426 0.095739563 0.082060944 0.073632683 0.080078061 0.092950651 0.091290305 0.071005234 0.076687224 0.071887056 0.055370801 0.11014809 0.081993446 0.13385684 0.08427602 0.089160825 0.079697049 0.1303098 0.10493184 0.10294496 0.092032801 0.058059019 0.10015629 0.13861229 0.070857888 0.090748971 0.099841083 0.078303022 0.072074142 0.065978731 0.11352653 0.062402556 0.050211148 0.10159787 0.071863332 0.058636141 0.062932187 0.07419744 0.060613143 0.076323674 0.046270845 0.10022885 0.051434931 0.071925638 0.087355328 0.043587532
0.047869317 0.059454852 0.085498681 0.075225696 0.050550833 0.064705882 0.055379832 0.08111397 0.062301512 0.11645618 0.087107501 0.077971989 0.072764307 0.12181494 0.068213765 0.073230814 0.06714297 0.13418448 0.1249499 0.057326079 0.06473495 0.12749844 0.10838034 0.053590977 0.054296061 0.066049858 0.058580945 0.058032718 0.10916454 0.11089228 0.13273942 0.088475122 0.15640941 0.13488137 0.075786704 0.095246192 0.079880033 0.081410166 0.095952885 0.073780875 0.079862046 0.074621355 0.10394788 0.062687775 0.085949438 0.12492579 0.08310309 0.064506651 0.080128902 0.073914784 0.093116786 0.073216712 0.085608972 0.088893013 0.0742864 0.063019714
0.040138631 0.043685771 0.060255566 0.069269983 0.060602492 0.045887748 0.088651868 0.063370474 0.057984751 0.056736411 0.066412348 0.052252387 0.08254492 0.10409314 0.12680702 0.054811022 0.096521029 0.13386396 0.081405085 0.065429296 0.10142014 0.07343223 0.10360448 0.076603731 0.095998778 0.10841666 0.080240147 0.080904912 0.075549869 0.088621087 0.090206115 0.14480683 0.063489855 0.063803788 0.10227406 0.073479632 0.089159971 0.091418483 0.07725765 0.10421673 0.092214111 0.10543685 0.10050936 0.11240315 0.086840798 0.094839803 0.06618726 0.056476093 0.089735177 0.048809522 0.077071277 0.16510753 0.129701 0.099888357 0.077423298 0.095167659
0.070260585 0.0753536 0.068341996 0.045433291 0.049335106 0.082763538 0.066983551 0.085537163 0.1036628 0.03219329 0.068699263 0.057113133 0.067795279 0.070773478 0.10208374 0.1097021 0.084761781 0.079145697 0.063319959 0.069239775 0.081886745 0.070547692 0.090832119 0.053391141 0.13764996 0.093940806 0.067077542 0.066280516 0.089396261 0.077016483 0.092075591 0.06570866 0.082292463 0.095187863 0.11414788 0.084196465 0.060412148 0.062185442 0.093426202 0.079141175 0.088508666 0.1178057 0.10679837 0.048562137 0.10841512 0.057807665 0.079426565 0.078825788 0.068406117 0.061686668 0.094338135 0.085154457 0.073613051 0.12508018 0.080927745 0.076930231
0.04651064 0.06898855 0.072651768 0.032594414 0.051862947 0.063417193 0.066812238 0.038140048 0.05060652 0.08561785 0.089848164 0.070557584 0.05724437 0.081028474 0.091059086 0.088191773 0.13025388 0.12801146 0.15342981 0.089665092 0.096961492 0.099030659 0.085992564 0.064391933 0.060805742 0.094884342 0.11471427 0.10444702 0.11385431 0.091400948 0.09532629 0.098286689 0.1194 0.057958601 0.11527342 0.11313777 0.10584466 0.1022428 0.11361778 0.090290186 0.081799332 0.11295298 0.080658655 0.06760722 0.082965323 0.081453687 0.091446122 0.080314588 0.055708063 0.078558019 0.081629351 0.096456677 0.091461783 0.086506061 0.046917119 0.068305207
0.052539714 0.057767438 0.042575458 0.033882524 0.064715493 0.045173022 0.06297869 0.056270808 0.048044445 0.099389957 0.098712021 0.078843438 0.11466867 0.064795358 0.065150075 0.082438258 0.061293438 0.087648131 0.12514414 0.090170407 0.13487545 0.095780129 0.093607133 0.085293478 0.07143067 0.12399737 0.090642455 0.097856234 0.11718329 0.062898838 0.092355884 0.073260073 0.062748936 0.071189285 0.083205558 0.088191156 0.10512572 0.06050642 0.094950646 0.097859481 0.095097035 0.062445975 0.069704624 0.075141794 0.085430722 0.099790629 0.10457146 0.071569966 0.085121149 0.089700964 0.046497059 0.049092901 0.08455814 0.062802277 0.091688096 0.083673884
0.035027085 0.042898912 0.077777877 0.078607853 0.077680872 0.050173522 0.096055994 0.048212408 0.066860535 0.087033643 0.077852752 0.09456779 0.069457436 0.053713396 0.11743294 0.12219818 0.077302635 0.07605266 0.085279408 0.073083979 0.072031374 0.052923599 0.087290169 0.085360668 0.05889031 0.056831296 0.095785081 0.066503567 0.09639875 0.10820581 0.070573736 0.065978378 0.09594324 0.077173913 0.0748771 0.10429363 0.068421132 0.071767728 0.070125786 0.074807225 0.093668289 0.10906503 0.058158283 0.099506322 0.084221573 0.088173686 0.10250918 0.070325294 0.10755999 0.10711712 0.079643573 0.12667404 0.10082646 0.070873966 0.093523194 0.078877156
0.075504038 0.067791355 0.075142734 0.040283429 0.057224335 0.068311163 0.09302468 0.04196023 0.066859003 0.12044159 0.083619635 0.10196284 0.068466445 0.061713624 0.057728773 0.088335673 0.099194976 0.080233315 0.088835032 0.087467113 0.07493746 0.049394184 0.068541743 0.074503502 0.10639891 0.063632529 0.046054473 0.081670971 0.064304564 0.11019767 0.1113663 0.097172359 0.092862134 0.051734389 0.1016116 0.13549491 0.13827872 0.087423989 0.10973648 0.10448109 0.085754665 0.10831233 0.086190441 0.087554798 0.0762136 0.10960342 0.088894506 0.085740665 0.088145558 0.074401658 0.063729216 0.05241812 0.083881452 0.066736282 0.08812415 0.07396852
0.069247098 0.074634481 0.030963782 0.060670732 0.055148163 0.060953635 0.080937479 0.089666628 0.059986218 0.054365822 0.072992062 0.14188609 0.0810815 0.11207195 0.061553534 0.063341194 0.082308912 0.11806131 0.089626879 0.068961985 0.083884258 0.070640625 0.075011719 0.12794201 0.079151313 0.073106202 0.10008129 0.083191229 0.11591358 0.090948186 0.085440592 0.079837953 0.085856426 0.088617162 0.074796611 0.071059811 0.085169972 0.056828294 0.11116622 0.080472537 0.097418483 0.07733871 0.14185461 0.086699397 0.088886617 0.062716134 0.089749771 0.06036699 0.10267075 0.14570366 0.086156101 0.061768698 0.11374405 0.079745541 0.058567753 0.075735552
