Data/GIS/C580Y/bfa-mvmt-travel-tuned-sq.asc
ncols         173
nrows         126
xllcorner     224227.65281
yllcorner     1039207.04677
cellsize      5000
NODATA_value  -9999
[rows 100 to 124 of 126, columns 0 to 55 of 173]
-9999 0.056787391 0.070144074 0.10942437 0.067221326 0.034761758 0.07645046 0.060054386 0.059048267 0.076167567 0.080767436 0.050430609 0.084740527 0.054253895 0.080212743 0.059897684 0.075285589 0.10497839 0.090034563 0.068283706 0.046421058 0.10184067 0.040178601 0.040830264 0.071254802 0.059105516 0.06023853 0.029446806 0.094307655 0.070748191 0.084965124 0.068977258 0.082638345 0.065694887 0.030485595 0.063859553 0.051119031 0.030669619 0.030591451 0.035407601 0.053341996 0.013497665 0.052837478 0.033595195 0.050233786 0.072075877 0.04500595 0.10194887 0.05418035 0.052669527 0.064537085 0.06587097 0.056817358 0.084574088 0.11558546 0.021948863
-9999 0.083206899 0.052405732 0.080695519 0.05110947 0.05068699 0.051888828 0.04883332 0.08795158 0.076190379 0.072257373 0.087240438 0.078246015 0.059301916 0.043788674 0.086796046 0.10166656 0.070216987 0.067875875 0.069472878 0.077073972 0.049228864 0.031677631 0.033448661 0.054647327 0.027885641 0.052622753 0.056042318 0.061004123 0.040130358 0.096349194 0.082722491 0.077613769 0.082450622 0.040534259 0.036852099 0.05204375 0.068297357 0.040091353 0.057165648 0.06417438 0.037323964 0.058283177 0.043480481 0.048190806 0.026595723 0.050374754 0.04844847 0.055242006 0.080888408 0.09374064 0.05536571 0.041044327 0.055489012 0.083363131 0.045921799
0.071510312 0.099026572 0.042185039 0.083214949 0.087628341 0.050122901 0.063963894 0.066586217 0.072287518 0.051072397 0.038642151 0.057949032 0.06521963 0.040136059 0.063683401 0.11093527 0.083579923 0.055868523 0.050373333 0.06491434 0.084441351 0.038431866 0.027222221 0.091830003 0.057818676 0.054977423 0.10173125 0.053406 0.053598598 0.031674197 0.045430702 0.026567618 0.08907625 0.10349949 0.046416626 0.10354036 0.10313283 0.086905819 0.088670539 0.063961039 0.0365556 0.040523458 0.063515266 0.031450681 0.025323987 0.046064798 0.055006817 0.056526084 0.050554608 0.040462058 0.056671923 0.050432389 0.061960918 0.05884779 0.054053621 0.11693661
0.060863688 0.077421766 0.085051254 0.063639053 0.088685726 0.087845342 0.074712491 0.048667946 0.087722343 0.050236967 0.055327224 0.072529959 0.077636255 0.13488936 0.055963848 0.065820133 0.11210669 0.090085558 0.037514474 0.055849008 0.045886186 0.08403378 0.031051319 0.048150115 0.046165333 0.085080846 0.05900479 0.039089458 0.031880972 0.041617533 0.031826392 0.058970625 0.087376393 0.11986743 0.081350383 0.080553381 0.12761167 0.091095888 0.05979632 0.053150896 0.057696757 0.032227761 0.12169738 0.03744331 0.050061026 0.051056884 0.070907815 0.091864824 0.02463181 0.078128908 0.044013109 0.086785041 0.08624887 0.048611017 0.04113367 0.07213433
-9999 0.052799466 0.057143511 0.037712467 0.041804912 0.086534887 0.070390372 0.046214534 0.029026236 0.071023731 0.051371802 0.075382457 0.066944548 0.054258873 0.050338357 0.063279253 0.1002755 0.026162791 0.089671865 0.048609086 0.061860657 0.074514861 0.050221595 0.034664118 0.099900502 0.044723589 0.026340336 0.0421875 0.033088161 0.08888164 0.054197775 0.047305448 0.11319343 0.063747287 0.054416573 0.050229328 0.10180898 0.086983862 0.078506557 0.067340946 0.07622457 0.038801512 0.040403141 0.062434728 0.065736678 0.040036588 0.037903721 0.046551863 0.054745825 0.090475467 0.070075885 0.10665296 0.081891853 0.077929163 0.056744069 0.03080785
-9999 -9999 0.048379658 0.058832902 0.032298862 0.028548475 0.059685864 0.068877571 0.036110736 0.018388561 0.046781605 0.046189779 0.10964229 0.073647693 0.077953575 0.089697845 0.081619271 0.071998714 0.052611581 0.028571429 0.054891922 0.040852537 0.060072335 0.023188794 0.02830103 0.034889548 0.037146384 0.034204973 0.074684228 0.022862966 0.068459848 0.062518663 0.066802703 0.049632613 0.038675658 0.042992883 0.056174901 0.071303676 0.11631225 0.092852351 0.098829774 0.10758288 0.051311277 0.071569316 0.082442794 0.067836967 0.044266523 0.08884944 0.046637199 0.086411684 0.072909159 0.10256724 0.090428011 0.05657867 0.040610007 0.041303881
-9999 -9999 -9999 -9999 -9999 -9999 -9999 -9999 -9999 0.034857599 0.063936767 0.055811622 0.081557982 0.09513446 0.055540638 0.037311646 0.061111076 0.048871388 0.042467477 0.030378248 0.023851484 0.027704384 0.026156461 0.022247963 0.049820814 0.03921963 0.052701032 0.022126448 0.039388489 0.071198294 0.089140477 0.043342246 0.085832307 0.02962157 0.064041946 0.084534428 0.049876186 0.075820608 0.097982304 0.10607618 0.059939413 0.09164752 0.040110388 0.0688734 0.090884215 0.062971368 0.057717222 0.04580292 0.066452347 0.16771571 0.10468487 0.080830912 0.085929835 0.080910618 0.072069079 0.088546378
-9999 -9999 -9999 -9999 -9999 -9999 -9999 -9999 -9999 0.05036008 0.023881419 0.045268964 0.091279956 0.057337318 0.087294025 0.077656885 0.070754958 0.05403973 0.04973545 0.032042709 0.033289817 0.029930268 0.024049242 0.070816399 0.077133756 0.035169621 0.029079303 0.066329176 0.036264199 0.040507013 0.046716427 0.046727111 0.062255519 0.021954602 0.08043697 0.056390839 0.053102235 0.038193705 0.047784192 0.090537215 0.052444421 0.097825134 0.092854212 0.080444801 0.084052539 0.067610261 0.029715302 0.067237072 0.069114972 0.1125257 0.03329624 0.10127982 0.060416576 0.05686456 0.036989269 0.049032518
-9999 -9999 -9999 -9999 -9999 -9999 -9999 -9999 -9999 0.042054247 0.071178198 0.065396303 0.099868756 0.055498208 0.036930392 0.040078182 0.040625 0.035978261 0.073374728 0.035561977 0.061073723 0.021621622 0.085084924 0.037887576 0.050743446 0.031822165 0.021826753 0.041796342 0.0676112 0.065968082 0.060583655 0.092221264 0.043248165 0.024664613 0.10839991 0.047355369 0.066881416 0.072356132 0.031207449 0.040424663 0.051121827 0.082670757 0.039835617 0.042074225 0.051111978 0.061717768 0.11297789 0.068176483 0.064065884 0.053739167 0.028628287 0.06034399 0.062756781 0.060036224 0.041988696 0.047982373
-9999 -9999 -9999 -9999 -9999 -9999 -9999 -9999 -9999 -9999 0.079489773 0.04721845 0.041970484 0.034003851 0.046508577 0.046630697 0.030305928 0.036047241 0.059682471 0.086063158 0.057952417 0.052877969 0.01635019 0.023536014 0.051752143 0.027352083 0.025041034 0.034722237 0.0195679 0.065644281 0.10993068 0.056046141 0.04290424 0.044569247 0.063375191 0.061748166 0.051094433 0.07396486 0.03348105 0.021644027 0.028899414 0.02927213 0.10710754 0.02857893 0.055220906 0.10198413 0.08303058 0.028630342 0.053376051 0.035544759 0.051162362 0.062525901 0.13976211 0.042761886 0.059687033 0.030112218
-9999 -9999 -9999 -9999 -9999 -9999 -9999 -9999 -9999 -9999 0.059967353 0.045400406 0.037403084 0.046267734 0.071623039 0.054448311 0.072763679 0.043953488 0.037226667 0.026615718 0.043444467 0.077507243 0.028508804 0.065667184 0.05136816 0.029483496 0.061293757 0.027064993 0.015530303 0.10598958 0.019528636 0.032645261 0.070787736 0.037291215 0.053114244 0.073293612 0.042140964 0.044054939 0.031361394 0.08849746 0.035566547 0.05004422 0.069615332 0.053189043 0.071797843 0.076835552 0.038281217 0.050452151 0.049757282 0.036237896 0.053272292 0.044918149 0.038770016 0.024894494 0.026978766 0.059360509
-9999 -9999 -9999 -9999 -9999 -9999 -9999 -9999 -9999 -9999 -9999 -9999 0.055731538 0.053376696 0.027051429 0.025815217 0.038207561 0.051907114 0.017948733 0.019130173 0.04655052 0.040904226 0.01878786 0.029455446 0.044956053 0.034287275 0.052322878 0.029908662 0.054261368 0.051821862 0.025594021 0.020558862 0.034591362 0.043240995 0.035146631 0.051927462 0.061510345 0.041762064 0.055511186 0.044566514 0.039546411 0.052307004 0.041641 0.069568776 0.072170824 0.047484289 0.061368254 0.073749547 0.05547397 0.030365792 0.031724382 0.042269096 0.086127581 0.033434957 0.0212454 0.060559006
-9999 -9999 -9999 -9999 -9999 -9999 -9999 -9999 -9999 -9999 -9999 -9999 0.083274427 0.026360521 0.053061583 0.025343624 0.047807 0.049013586 0.032051264 0.05727346 0.024999986 0.068006698 0.047619048 0.062686939 0.034384528 0.12191017 0.016706681 0.064344325 0.026776949 0.051889825 0.0264643 0.045354293 0.026394333 0.026981102 0.05103381 0.059377505 0.026722959 0.068111822 0.041131484 0.065263681 0.067253066 0.042351153 0.038355166 0.083169636 0.02566983 0.084190733 0.072683325 0.040599493 0.071192186 0.041602342 0.056916235 0.022518004 0.047848169 0.061982549 0.055022808 0.023706219
-9999 -9999 -9999 -9999 -9999 -9999 -9999 -9999 -9999 -9999 -9999 -9999 0.099061849 0.060035211 0.019453667 0.044666672 0.047515695 0.04648519 0.050273968 0.030879863 0.066112607 0.024392273 0.032206476 0.052537214 0.042821748 0.036987932 0.028389302 0.047167143 0.076075845 0.051774238 0.016656219 0.042116965 0.046747119 0.013945774 0.035836101 0.031255608 0.063779963 0.043551397 0.048051276 0.019911976 0.04986222 0.047542818 0.019091521 0.067386975 0.049971438 0.047145322 0.053413824 0.018227507 0.023071907 0.044413683 0.051492502 0.071830532 0.032196942 0.026434107 0.066303766 0.025070563
-9999 -9999 -9999 -9999 -9999 -9999 -9999 -9999 -9999 -9999 -9999 -9999 0.033192343 0.027536937 0.018150259 0.011294261 0.038363759 0.039472922 0.02753221 0.054891247 0.037453184 0.080571056 0.096767849 0.060700796 0.059065674 0.046916092 0.052462888 0.03533957 0.024570097 0.029572257 0.020747197 0.03104729 0.026866521 0.016718162 0.019360812 0.020637882 0.039307435 0.035003122 -9999 -9999 -9999 -9999 -9999 -9999 -9999 0.092617198 0.051126113 0.032587716 0.044549988 0.024943525 -9999 0.03001892 0.09500913 0.03210641 0.044510967 0.056994915
-9999 -9999 -9999 -9999 -9999 -9999 -9999 -9999 -9999 -9999 -9999 -9999 -9999 -9999 0.028350474 0.027338954 0.017264006 0.03630333 0.036827984 0.032094568 0.026968191 0.059300792 0.036220362 0.035021434 0.039608116 0.021997538 0.02052 0.044623137 0.058890805 0.036754368 0.02857139 0.028363899 0.0277732 0.035001826 0.025498132 -9999 -9999 -9999 -9999 -9999 -9999 -9999 -9999 -9999 -9999 -9999 -9999 -9999 0.026442308 0.04703703 -9999 0.047693247 0.054165764 0.031176607 0.048764267 0.025337009
-9999 -9999 -9999 -9999 -9999 -9999 -9999 -9999 -9999 -9999 -9999 -9999 -9999 -9999 -9999 -9999 0.027585345 0.027573529 0.045043678 0.039564163 0.03650412 0.031196143 0.027654937 0.06123562 0.10757913 0.037209708 0.043095417 0.024684983 0.066815803 0.014251208 -9999 0.01321592 -9999 -9999 -9999 -9999 -9999 -9999 -9999 -9999 -9999 -9999 -9999 -9999 -9999 -9999 -9999 -9999 -9999 -9999 -9999 -9999 -9999 0.057555714 0.031289174 0.031744408
-9999 -9999 -9999 -9999 -9999 -9999 -9999 -9999 -9999 -9999 -9999 -9999 -9999 -9999 -9999 0.031141765 0.044670308 0.022585815 0.031105003 0.064627059 0.059174531 0.087748468 0.025188538 0.041990162 0.065445046 0.024078386 0.049238925 0.041981875 0.032862607 -9999 -9999 -9999 -9999 -9999 -9999 -9999 -9999 -9999 -9999 -9999 -9999 -9999 -9999 -9999 -9999 -9999 -9999 -9999 -9999 -9999 -9999 -9999 -9999 0.039912831 0.096863385 0.03416078
-9999 -9999 -9999 -9999 -9999 -9999 -9999 -9999 -9999 -9999 -9999 -9999 -9999 -9999 -9999 -9999 -9999 0.054386 0.01739839 0.022257539 0.031039109 -9999 0.042323624 0.034149379 0.033684937 0.025718913 0.094659882 -9999 -9999 -9999 -9999 -9999 -9999 -9999 -9999 -9999 -9999 -9999 -9999 -9999 -9999 -9999 -9999 -9999 -9999 -9999 -9999 -9999 -9999 -9999 -9999 -9999 -9999 0.076942705 0.027505458 0.053613267
-9999 -9999 -9999 -9999 -9999 -9999 -9999 -9999 -9999 -9999 -9999 -9999 -9999 -9999 -9999 -9999 -9999 -9999 0.033169413 -9999 0.021283842 -9999 0.013250517 0.018457357 0.04414138 0.031467006 0.045341287 -9999 -9999 -9999 -9999 -9999 -9999 -9999 -9999 -9999 -9999 -9999 -9999 -9999 -9999 -9999 -9999 -9999 -9999 -9999 -9999 -9999 -9999 -9999 -9999 -9999 -9999 -9999 -9999 0.025588284
-9999 -9999 -9999 -9999 -9999 -9999 -9999 -9999 -9999 -9999 -9999 -9999 -9999 -9999 -9999 -9999 -9999 -9999 -9999 -9999 -9999 -9999 -9999 -9999 0.032979818 0.019811307 0.11509236 -9999 -9999 -9999 -9999 -9999 -9999 -9999 -9999 -9999 -9999 -9999 -9999 -9999 -9999 -9999 -9999 -9999 -9999 -9999 -9999 -9999 -9999 -9999 -9999 -9999 -9999 -9999 -9999 -9999
-9999 -9999 -9999 -9999 -9999 -9999 -9999 -9999 -9999 -9999 -9999 -9999 -9999 -9999 -9999 -9999 -9999 -9999 -9999 -9999 -9999 -9999 -9999 -9999 0.041621397 -9999 -9999 -9999 -9999 -9999 -9999 -9999 -9999 -9999 -9999 -9999 -9999 -9999 -9999 -9999 -9999 -9999 -9999 -9999 -9999 -9999 -9999 -9999 -9999 -9999 -9999 -9999 -9999 -9999 -9999 -9999
-9999 -9999 -9999 -9999 -9999 -9999 -9999 -9999 -9999 -9999 -9999 -9999 -9999 -9999 -9999 -9999 -9999 -9999 -9999 -9999 -9999 -9999 -9999 -9999 -9999 -9999 -9999 -9999 -9999 -9999 -9999 -9999 -9999 -9999 -9999 -9999 -9999 -9999 -9999 -9999 -9999 -9999 -9999 -9999 -9999 -9999 -9999 -9999 -9999 -9999 -9999 -9999 -9999 -9999 -9999 -9999
-9999 -9999 -9999 -9999 -9999 -9999 -9999 -9999 -9999 -9999 -9999 -9999 -9999 -9999 -9999 -9999 -9999 -9999 -9999 -9999 -9999 -9999 -9999 -9999 -9999 -9999 -9999 -9999 -9999 -9999 -9999 -9999 -9999 -9999 -9999 -9999 -9999 -9999 -9999 -9999 -9999 -9999 -9999 -9999 -9999 -9999 -9999 -9999 -9999 -9999 -9999 -9999 -9999 -9999 -9999 -9999
-9999 -9999 -9999 -9999 -9999 -9999 -9999 -9999 -9999 -9999 -9999 -9999 -9999 -9999 -9999 -9999 -9999 -9999 -9999 -9999 -9999 -9999 -9999 -9999 -9999 -9999 -9999 -9999 -9999 -9999 -9999 -9999 -9999 -9999 -9999 -9999 -9999 -9999 -9999 -9999 -9999 -9999 -9999 -9999 -9999 -9999 -9999 -9999 -9999 -9999 -9999 -9999 -9999 -9999 -9999 -9999
