Data/GIS/C580Y/bfa-mvmt-travel-tuned-sq.asc
ncols         173
nrows         126
xllcorner     224227.65281
yllcorner     1039207.04677
cellsize      5000
NODATA_value  -9999
[rows 50 to 74 of 126, columns 56 to 111 of 173]
0.088821246 0.076717214 0.07603832 0.040863789 0.047600851 0.052083345 0.062755092 0.042292282 0.053189864 0.058631299 0.044233921 0.079228168 0.1029753 0.086343374 0.0657684 0.070034342 0.077878952 0.077408907 0.076959478 0.097384168 0.076941384 0.12455687 0.070675153 0.05988664 0.090916421 0.098498787 0.13402095 0.10504119 0.12934743 0.072699648 0.10776573 0.063386769 0.069013105 0.055712783 0.10087598 0.10624152 0.1014889 0.073902885 0.10806701 0.098602684 0.082920948 0.092078118 0.096913976 0.099119848 0.091058087 0.11187357 0.091481489 0.058354062 0.087621629 0.08237145 0.04954963 0.12259738 0.074243405 0.10437684 0.092218831 0.092918088
0.088349187 0.067040494 0.043361827 0.044992043 0.034553818 0.084141564 0.022537097 0.047147997 0.09692674 0.055367955 0.063150098 0.07749802 0.069653061 0.12523554 0.096089826 0.050119279 0.10553933 0.10270881 0.088049174 0.096569155 0.063521934 0.10071997 0.081843259 0.087337438 0.073028396 0.043062827 0.084676767 0.068203488 0.080916444 0.085090971 0.07251257 0.13270595 0.08361404 0.072544625 0.067843511 0.072398232 0.10705793 0.12109877 0.087282459 0.085804453 0.10110611 0.056529366 0.07944818 0.071048582 0.068992853 0.13348203 0.080757267 0.059520487 0.088245577 0.064013537 0.074872429 0.084960696 0.11155381 0.060936504 0.093676238 0.100961
0.079732749 0.077142697 0.12179303 0.13725055 0.060159478 0.041694296 0.11272742 0.055170224 0.058665664 0.07423115 0.057120654 0.05970301 0.069517729 0.10925734 0.0958 0.068549424 0.10627091 0.090122631 0.057942098 0.051335176 0.092015181 0.086365286 0.093444628 0.096140569 0.066117578 0.07653141 0.075811789 0.089082145 0.062017264 0.068938163 0.071130028 0.12270524 0.068039963 0.071109211 0.1025062 0.094185226 0.089173145 0.087911025 0.058935939 0.066960891 0.05254844 0.10121543 0.045118243 0.028274092 0.0446995 0.050361767 0.053338119 0.094581506 0.067386679 0.060606871 0.12798428 0.10191867 0.10514767 0.097149721 0.086941186 0.10271465
0.024034349 0.067586077 0.074664869 0.044577134 0.076647818 0.072053315 0.11270518 0.053659545 0.076932851 0.036237005 0.068283784 0.12775595 0.065199844 0.059377529 0.074790979 0.062039265 0.094488602 0.065571824 0.056895338 0.058602292 0.098918326 0.073910099 0.071993773 0.091839993 0.083196214 0.084071939 0.090014051 0.068899274 0.064894355 0.079517821 0.087009984 0.12222879 0.082353034 0.098835334 0.078417964 0.10948826 0.10357853 0.11827273 0.10616863 0.10169711 0.1081156 0.082843557 0.083624079 0.052696861 0.05506865 0.10831559 0.054301394 0.042295833 0.067674255 0.11325994 0.092877643 0.09011164 0.070277916 0.050941856 0.091076181 0.092611486
0.052961204 0.041574439 0.065017668 0.069596486 0.042877342 0.063793244 0.055758897 0.083952244 0.061574902 0.098445905 0.12971911 0.048031702 0.092940499 0.058418836 0.088240306 0.063759364 0.05282247 0.072110948 0.10796923 0.10482707 0.088551369 0.069380719 0.076871767 0.12692546 0.093655129 0.086323129 0.078987141 0.12634575 0.074426288 0.10175011 0.071562114 0.097189909 0.079688692 0.10033303 0.089580597 0.10057362 0.10880124 0.092929989 0.09513835 0.10592465 0.077792408 0.088514452 0.093209973 0.072487662 0.042397544 0.069506133 0.055684767 0.071219409 0.050291417 0.092313897 0.06114615 0.098769335 0.12506282 0.11511888 0.07207933 0.099890929
0.043272037 0.077085389 0.086007674 0.048803828 0.023784117 0.06048319 0.061374141 0.078761964 0.050448244 0.052646773 0.059193503 0.077880979 0.067154277 0.076004304 0.089333861 0.054261978 0.073397344 0.079926272 0.080319341 0.052556652 0.093536084 0.092367315 0.089167594 0.11238319 0.094608728 0.079003844 0.11369649 0.079797939 0.065864074 0.1099622 0.12189693 0.12343989 0.073063144 0.11211134 0.096686253 0.10502963 0.107074 0.11472564 0.092028863 0.10568899 0.084384286 0.099620321 0.081515021 0.059244792 0.041666667 0.048314024 0.06106879 0.045572891 0.11196866 0.11148126 0.049608826 0.064135056 0.074359556 0.10626776 0.068439346 0.072819687
0.030297171 0.081549408 0.037435931 0.035357297 0.056068068 0.052264971 0.067092926 0.11454614 0.05266882 0.039433811 0.089360268 0.063361756 0.08584531 0.06213303 0.066131325 0.073735995 0.065913433 0.09303141 0.064823422 0.083619297 0.071792056 0.073137543 0.1004224 0.093442385 0.074918687 0.11580983 0.12112859 0.059115983 0.093939227 0.088409247 0.09842418 0.060448649 0.11063345 0.10429969 0.092043915 0.10767845 0.12404889 0.078428115 0.082797061 0.078645234 0.06474209 0.077009646 0.075381981 0.041510625 0.059607125 0.03728341 0.089230195 0.059305135 0.078624719 0.090399575 0.099825462 0.083544012 0.064506449 0.097375066 0.090667246 0.078799911
0.046900193 0.048867639 0.096744986 0.051626531 0.11073482 0.066159645 0.087154969 0.11622976 0.067081948 0.098988263 0.089814966 0.056996015 0.12633441 0.071968996 0.10196582 0.065912442 0.090640782 0.061562083 0.10903657 0.05269241 0.05044736 0.089976959 0.057034919 0.060143866 0.085314952 0.096230123 0.08297249 0.080777947 0.077470233 0.10000001 0.093209627 0.095007349 0.099578327 0.094910505 0.13016407 0.090343196 0.079185877 0.080704897 0.1209961 0.10148033 0.12007069 0.10198324 0.061041477 0.051994444 0.098151841 0.045122884 0.053391842 0.10591627 0.067381404 0.066259798 0.055027182 0.06082478 0.070573484 0.10172893 0.08733845 0.10343114
0.053727143 0.031361989 0.048924762 0.046927857 0.080336373 0.065486 0.075921124 0.10558901 0.068057268 0.072968919 0.067418487 0.063837024 0.065625451 0.084521265 0.10922013 0.067482479 0.082857207 0.0511538 0.074570927 0.06701266 0.10174499 0.085406345 0.072786401 0.086632704 0.089626342 0.081980309 0.083026106 0.089641522 0.098477347 0.10799398 0.11073132 0.11047062 0.11681241 0.11730212 0.10036569 0.065123091 0.074364907 0.069813806 0.07374129 0.098084763 0.084621609 0.093004902 0.11216427 0.051650943 0.060598256 0.092945905 0.11538598 0.068238659 0.083093409 0.061916009 0.07388497 0.080332382 0.063046497 0.14633344 0.082359339 0.057744987
0.043232484 0.021494722 0.061383594 0.051879678 0.08091317 0.084056511 0.092853572 0.038953633 0.071404555 0.10355983 0.068247005 0.085787688 0.077415219 0.10371156 0.09275298 0.075249135 0.074594105 0.045418972 0.078764891 0.081421773 0.071173178 0.082289635 0.13636981 0.063678706 0.10243825 0.11633258 0.093344524 0.060363233 0.099110803 0.11295248 0.10428296 0.1110998 0.11304141 0.11416933 0.09245753 0.10331746 0.07825571 0.13326796 0.07276439 0.099372075 0.096768571 0.12224148 0.086111204 0.099024398 0.08948254 0.051659926 0.13545963 0.06332592 0.056299664 0.083767483 0.093254012 0.11616092 0.069828235 0.070988267 0.085703199 0.10850269
0.059838131 0.065937097 0.026285274 0.064641864 0.10727802 0.053678326 0.17251984 0.08313923 0.097066706 0.07085805 0.097813951 0.090301115 0.099685341 0.086312841 0.10934783 0.1044228 0.070132804 0.062985261 0.11322544 0.086921054 0.070010347 0.060773666 0.12573112 0.063872043 0.072138878 0.068208883 0.068587536 0.072354837 0.11041072 0.10617045 0.11046688 0.10969482 0.10676235 0.10614076 0.10107538 0.1229771 0.088288378 0.081745833 0.071149437 0.06234782 0.082052819 0.08872303 0.051808863 0.042992003 0.076524447 0.070923749 0.053534013 0.050427404 0.048925774 0.092067228 0.11918016 0.10224204 0.066756972 0.072986188 0.070839002 0.10573213
0.052947333 0.075643514 0.045078571 0.078753994 0.031042547 0.066642815 0.091158037 0.086077491 0.080388393 0.10619041 0.12749706 0.10110123 0.1010513 0.074069619 0.1032316 0.097477596 0.097285403 0.075392264 0.069931122 0.08659525 0.076813715 0.083854266 0.039327494 0.059798099 0.10049007 0.055838636 0.11558087 0.089997952 0.093934468 0.11019532 0.1086967 0.10842366 0.11300759 0.11812866 0.086972227 0.086166901 0.084635388 0.075183512 0.049255853 0.050814813 0.059239212 0.066136932 0.058634357 0.13457553 0.083027807 0.051855014 0.072931702 0.074781996 0.1593256 0.09347803 0.10810665 0.085942336 0.070819775 0.076528299 0.093165923 0.10158084
0.063155781 0.063945746 0.027839204 0.093195053 0.041566074 0.073763336 0.063566319 0.13071431 0.074723245 0.076237701 0.10740132 0.088622275 0.11423214 0.12082107 0.10832798 0.10295652 0.11146425 0.09774459 0.052657755 0.074646446 0.048720207 0.064658554 0.083709677 0.076385575 0.14418279 0.062645596 0.088612732 0.09522264 0.078863545 0.096935236 0.10712415 0.11612808 0.11196375 0.11514932 0.089545851 0.094666749 0.032862322 0.055895597 0.025757576 0.056307088 0.070778643 0.10447332 0.078504351 0.048290306 0.074136177 0.074887585 0.10591705 0.083162407 0.059848545 0.06582546 0.12661385 0.10575444 0.080062513 0.075748558 0.098897571 0.10126278
0.089788506 0.072456877 0.040472817 0.10098867 0.048271716 0.029137483 0.069789474 0.055344951 0.082732084 0.074804647 0.084458821 0.068486527 0.12547918 0.12100521 0.094485779 0.094610206 0.074615648 0.078473082 0.11187216 0.07066614 0.10623024 0.10340483 0.1248778 0.092109841 0.098945849 0.0929466 0.087697471 0.076798028 0.047606849 0.13267145 0.1085788 0.11326622 0.080139973 0.13520226 0.080038476 0.10377586 0.075270643 0.064223045 0.051087123 0.065414399 0.068581921 0.040291551 0.10032793 0.053732509 0.067863862 0.096216508 0.10592825 0.16640479 0.096351885 0.12610812 0.054864592 0.094253769 0.099861672 0.11739302 0.096241529 0.090274862
0.085639754 0.034226208 0.052224576 0.087455605 0.073112215 0.084200465 0.064447908 0.071410447 0.089985205 0.12452586 0.065847704 0.097759487 0.099764391 0.10986445 0.093606488 0.11176763 0.049085608 0.089401952 0.076651604 0.096474612 0.10068646 0.093129216 0.13201082 0.075763959 0.084586554 0.064548012 0.069665769 0.090806886 0.106315 0.089397292 0.11211033 0.12411609 0.09241715 0.10916688 0.11253577 0.064958032 0.067766525 0.12172233 0.047300468 0.068463509 0.058205647 0.051926014 0.067668465 0.096876444 0.066867476 0.098117304 0.057216832 0.057298455 0.063925838 0.071575057 0.10683573 0.1021501 0.13570065 0.077617579 0.089020945 0.092995997
0.041889519 0.078160699 0.03782581 0.084121124 0.081125294 0.051552795 0.1082403 0.080161258 0.04957468 0.096831692 0.07558688 0.04901598 0.062206257 0.07794527 0.063306181 0.1084228 0.086740737 0.10991535 0.08050127 0.094272388 0.078076641 0.082939428 0.072854078 0.062476497 0.076917085 0.060260019 0.048069564 0.10633257 0.066755979 0.10123645 0.083408381 0.072458683 0.12276641 0.11052707 0.077764956 0.093556436 0.08046374 0.043732475 0.055458962 0.077036029 0.046494648 0.063607883 0.037445468 0.070915953 0.077371568 0.074249865 0.07692386 0.062346998 0.059710152 0.063848723 0.087959005 0.10368162 0.091686204 0.081122729 0.073953829 0.10241628
0.04050524 0.06654386 0.028934653 0.085665289 0.043716838 0.082426571 0.049241604 0.069563374 0.047014267 0.0500719 0.040829129 0.080332884 0.069158249 0.074059249 0.073143731 0.10144097 0.080512981 0.07762338 0.086624919 0.068914136 0.061919861 0.059517832 0.063862327 0.067535532 0.058823305 0.065992811 0.061407285 0.087949793 0.10209894 0.085937596 0.084633797 0.067986987 0.11529771 0.070576395 0.077941601 0.11568804 0.085993984 0.06961976 0.068780633 0.054137903 0.070548096 0.097831183 0.045954043 0.080876299 0.082067749 0.09180064 0.058887742 0.069828824 0.046249964 0.05831294 0.073434697 0.11458428 0.082783291 0.052038862 0.037564444 0.071355514
0.038451792 0.042152297 0.032723106 0.036316307 0.10821562 0.080195123 0.052556823 0.093020378 0.07265 0.084188053 0.047317069 0.084948795 0.10270322 0.084509411 0.053565853 0.076959726 0.11893207 0.090619049 0.088353485 0.068211018 0.064232113 0.083507307 0.059385894 0.061614371 0.085850319 0.043978719 0.070406858 0.062027965 0.094754993 0.088467697 0.11947124 0.057124196 0.066315475 0.07437097 0.079594296 0.11021245 0.073752987 0.081614337 0.058500955 0.061858957 0.052108434 0.029202201 0.044991696 0.082244059 0.060617432 0.10524192 0.061136419 0.072918188 0.050831285 0.083676502 0.075912839 0.090273279 0.050585795 0.062821401 0.082357176 0.075074635
0.054993665 0.050036245 0.032192212 0.12475885 0.044498364 0.067694958 0.034447433 0.066348713 0.062450809 0.050547596 0.08422608 0.12454159 0.066195022 0.085187619 0.085002387 0.1003921 0.10346261 0.10558131 0.11609533 0.11804369 0.052129936 0.10979643 0.037721755 0.092345323 0.064651831 0.08799236 0.036177246 0.071808043 0.10294312 0.07179268 0.089022843 0.069746035 0.10057434 0.072512067 0.058519366 0.074767473 0.088598658 0.078713569 0.063878749 0.069373679 0.0842723 0.085049841 0.055491998 0.098717241 0.03795793 0.076601115 0.053289246 0.079918743 0.079655589 0.087110934 0.090465634 0.049030399 0.052857194 0.04607828 0.045557804 0.096498124
0.042571719 0.049305072 0.036732681 0.035320066 0.053836552 0.098632103 0.031034483 0.044112736 0.088028867 0.072189501 0.046174617 0.058270834 0.076614298 0.11378468 0.065413845 0.10922113 0.075726176 0.10427965 0.067411222 0.036004274 0.044244028 0.058802005 0.040249397 0.082783867 0.055259538 0.048439063 0.068340167 0.091928386 0.046478 0.053027857 0.071977675 0.1150968 0.058066406 0.063904462 0.066603969 0.058616202 0.073108134 0.057158901 0.057366667 0.058174263 0.055271659 0.056949512 0.052666666 0.057619047 0.076022709 0.045412304 0.10137507 0.066486857 0.11774761 0.085536371 0.052072656 0.056362154 0.09538573 0.093782906 0.083841059 0.073420444
0.040750409 0.061084438 0.076497527 0.044078947 0.028795629 0.070827809 0.10049189 0.090900322 0.08033708 0.10036435 0.062896851 0.080841935 0.067904012 0.051831811 0.058679448 0.070376179 0.1003081 0.061658648 0.061716332 0.060390512 0.081450783 0.050522445 0.08287461 0.047807566 0.066598809 0.041620778 0.095232535 0.052584668 0.079391993 0.058420467 0.062203448 0.073866612 0.056106766 0.097750173 0.084780323 0.075214455 0.070789661 0.04583646 0.071943774 0.072864173 0.092142265 0.072086928 0.062302409 0.069169963 0.070783266 0.10548705 0.077835078 0.05181514 0.071148964 0.050091708 0.05581956 0.064378697 0.06274257 0.08735505 0.045186565 0.11246239
0.07028806 0.048876159 0.04227969 0.10139821 0.071223984 0.089351667 0.069303762 0.094492874 0.06279559 0.097658387 0.045800186 0.05183552 0.072475587 0.081845436 0.037557158 0.064174037 0.12088132 0.051832478 0.09003468 0.12905506 0.032672096 0.062825 0.081877427 0.032654593 0.061492727 0.075330078 0.059936067 0.034782039 0.052981437 0.053121852 0.11418906 0.10994695 0.039857268 0.068831768 0.075349397 0.062101365 0.059622121 0.097670669 0.1045201 0.072372737 0.066385136 0.068901648 0.081368178 0.080199663 0.058971131 0.038299656 0.048797934 0.080863411 0.079851373 0.085154126 0.071854102 0.05553135 0.079457073 0.12110661 0.059345395 0.078557132
0.05460182 0.061709751 0.072390958 0.068199289 0.065122394 0.039409164 0.093550518 0.099659553 0.065653807 0.044954128 0.033947788 0.04382716 0.042286446 0.062774744 0.061150807 0.071188994 0.083496778 0.053033073 0.072507869 0.053636692 0.078605193 0.057465895 0.0772591 0.069745232 0.055098406 0.051403993 0.094303418 0.068861193 0.053269947 0.032321053 0.071462008 0.08443704 0.051339313 0.051499081 0.074642405 0.063028868 0.069908073 0.11892501 0.11532616 0.056014524 0.045387146 0.059591878 0.062190237 0.064756439 0.049149174 0.081672474 0.092922466 0.088079313 0.090839968 0.092490445 0.081168004 0.079534188 0.10416158 0.0826725 0.083230031 0.12426366
0.047710307 0.078938928 0.071420929 0.068259649 0.067615446 0.081080833 0.0586291 0.053135297 0.062819354 0.036474742 0.040109782 0.029182598 0.044378698 0.04681375 0.022104043 0.028395488 0.052546278 0.086946375 0.070394036 0.058212796 0.065020688 0.05484129 0.1153023 0.059269229 0.065837269 0.055004634 0.098720593 0.056993642 0.041065302 0.076719943 0.06962965 0.054012346 0.018970163 0.066666667 0.047756639 0.053587951 0.085172355 0.072842261 0.043847438 0.069393238 0.06420479 0.073835575 0.074702515 0.068986732 0.06880446 0.074270254 0.055593931 0.079914266 0.12475647 0.082078876 0.06923646 0.098118687 0.077440585 0.093535597 0.087797446 0.086889648
0.073234551 0.056605136 0.051739946 0.068719652 0.080066421 0.048174274 0.049232434 0.047013175 0.0869428 0.069790311 0.044183443 0.07982349 0.047448134 0.028289474 0.030294696 0.078788417 0.049298247 0.06369828 0.063257564 0.059134361 0.060670619 0.087392897 0.088873939 0.056104564 0.070730172 0.048878332 0.0580555 0.063230987 0.040346243 0.085912145 0.083895331 0.05219918 0.02571393 0.057777753 0.046816461 0.047606836 0.040085869 0.09062527 0.066250802 0.087042276 0.1134257 0.066612875 0.054947805 0.096706898 0.075755354 0.091605826 0.05587757 0.065589348 0.083402335 0.058070459 0.064870134 0.073425097 0.096133423 0.096737385 0.070528053 0.088012107
