Data/GIS/C580Y/bfa-mvmt-marshall-tail-sq.asc
ncols         173
nrows         126
xllcorner     224227.65281
yllcorner     1039207.04677
cellsize      5000
NODATA_value  -9999
[rows 75 to 99 of 126, columns 0 to 55 of 173]
-9999 -9999 -9999 -9999 -9999 -9999 0.04608782 0.072144497 0.062557105 0.051029634 0.058201302 0.054569074 0.052598532 0.053395318 0.032235633 0.12126657 0.033094465 0.058621519 0.048127602 0.07067445 0.043015714 0.13770215 0.057865878 0.078087165 0.080829763 0.059185455 0.045542829 0.037431126 0.060656233 0.094855991 0.074308521 0.088636288 0.04953073 0.059005692 0.06666665 0.06349 0.048086077 0.029974272 0.072424081 0.04413003 0.092060622 0.038759689 0.058018209 0.089119981 0.067192259 0.089184909 0.028404336 0.07133481 0.069596223 0.063913609 0.031991525 0.057016397 0.071822422 0.084172758 0.034560698 0.047110987
-9999 -9999 -9999 -9999 -9999 0.08910534 0.055714793 0.038060207 0.051688072 0.048151502 0.043922409 0.06263718 0.086924567 0.063095372 0.045536371 0.056368555 0.072381177 0.061791663 0.052754838 0.053351462 0.100127 0.099237392 0.079206014 0.095572707 0.062463702 0.065639597 0.052495133 0.071938444 0.054635258 0.076886792 0.049413754 0.11866804 0.064892766 0.056096324 0.043670857 0.045524144 0.087487117 0.064541277 0.042356709 0.067105338 0.084171933 0.055854351 0.073415703 0.056462153 0.077409156 0.058806819 0.067716932 0.031924104 0.05625633 0.042490587 0.04702137 0.1035475 0.066418826 0.055555578 0.047181375 0.072997364
-9999 -9999 -9999 -9999 -9999 -9999 -9999 0.059660745 0.040476188 0.042667251 0.051322104 0.026412952 0.056430953 0.096895106 0.039816984 0.059631341 0.047402063 0.03761434 0.082652191 0.056609187 0.070645291 0.095457338 0.054604369 0.053459228 0.031341979 0.042542401 0.074098989 0.086331608 0.040595891 0.074074072 0.06963529 0.046055954 0.053614458 0.056073799 0.056835605 0.045034 0.043188767 0.086812619 0.06094127 0.046588531 0.074531037 0.070434407 0.048770781 0.088125909 0.091939781 0.13466332 0.084038629 0.085740545 0.037787365 0.090015345 0.071155444 0.06347925 0.060370516 0.063492024 0.062956833 0.07323165
-9999 -9999 -9999 -9999 -9999 -9999 -9999 0.057063231 0.036427725 0.068354733 0.065874121 0.063238408 0.07470376 0.040194506 0.041255347 0.048952333 0.058364737 0.030891676 0.053659583 0.047869325 0.069163041 0.079999783 0.04071621 0.049459555 0.073822082 0.075963204 0.044946494 0.070937513 0.060519068 0.091117721 0.059305583 0.045807126 0.056897943 0.049670909 0.05684 0.09240863 0.089655556 0.036135437 0.072592421 0.085907659 0.061015215 0.057042096 0.088417735 0.060189409 0.046442471 0.055451706 0.051629204 0.064526255 0.071538105 0.076744579 0.092205717 0.072844639 0.038539703 0.084674345 0.04161 0.065162919
-9999 -9999 -9999 -9999 -9999 -9999 -9999 0.037438095 0.058645458 0.068450525 0.050231898 0.057206616 0.076787579 0.067042969 0.027290758 0.083807144 0.065829121 0.034290373 0.050052508 0.059139788 0.060154891 0.030181388 0.051004097 0.078601491 0.11311729 0.068010138 0.063663796 0.035321069 0.082383693 0.058176711 0.037461771 0.10536256 0.040404005 0.040319461 0.048832512 0.087282112 0.052509067 0.078938387 0.075714858 0.05629845 0.1617232 0.065926588 0.070817098 0.089401253 0.088802271 0.071082827 0.084156695 0.07763348 0.075548683 0.046185321 0.077610393 0.064929804 0.06643573 0.033175234 0.050502795 0.066085773
-9999 -9999 -9999 -9999 -9999 -9999 -9999 0.099420936 0.038931456 0.05913493 0.064368391 0.09183301 0.064873435 0.053800408 0.047763935 0.044593746 0.042515955 0.099837185 0.083680973 0.057623132 0.078275815 0.039625862 0.074171442 0.078878719 0.11574544 0.070796317 0.057148252 0.10173789 0.046623565 0.077811556 0.072662626 0.094328018 0.063408231 0.047627858 0.068918935 0.04052028 0.10264037 0.08478442 0.044032919 0.056094443 0.078177983 0.048145645 0.075856142 0.099192137 0.061799283 0.07830975 0.088384788 0.056562136 0.074560976 0.082399854 0.11811522 0.040629464 0.050621104 0.035021644 0.06369863 0.080598718
-9999 -9999 -9999 -9999 -9999 -9999 -9999 0.054415814 0.054439329 0.048470385 0.043120123 0.070924419 0.027252386 0.071480472 0.049637524 0.057809242 0.075475522 0.034875677 0.040840178 0.06555578 0.060220082 0.03897163 0.065294672 0.04548804 0.064005048 0.064270991 0.060267702 0.070218913 0.095779284 0.071233316 0.082715127 0.089272826 0.07127267 0.092638432 0.05094086 0.060168377 0.097298916 0.070420717 0.09574964 0.052121271 0.070439403 0.045823064 0.08686985 0.03863972 0.06227861 0.093677919 0.070014433 0.06394722 0.1038647 0.082137063 0.059090909 0.060539086 0.09034482 0.074660452 0.054530504 0.05631055
-9999 -9999 -9999 -9999 -9999 -9999 0.049923489 0.058725572 0.057905228 0.042707062 0.052772857 0.041983122 0.046225043 0.063128468 0.079722253 0.048793452 0.10161173 0.071765294 0.044812923 0.063115059 0.055641343 0.051452831 0.086809558 0.079565208 0.054071444 0.09167139 0.083183539 0.039269078 0.066434958 0.11237058 0.081845611 0.048607686 0.068079113 0.081516588 0.050710915 0.086297209 0.027126448 0.048472448 0.052572718 0.12894331 0.070629167 0.060218582 0.12122899 0.089441656 0.065052941 0.082779308 0.075158815 0.080217052 0.059224836 0.068638901 0.067102376 0.052447552 0.096887431 0.088277973 0.04251112 0.037249518
-9999 -9999 -9999 -9999 -9999 -9999 0.038991217 0.050625004 0.047156398 0.067037962 0.047077098 0.045860533 0.069410972 0.047104631 0.073283045 0.090851447 0.079934922 0.041549354 0.054971245 0.074535037 0.058585859 0.09231687 0.079852072 0.06325888 0.064136442 0.072939228 0.054691102 0.087944294 0.072659033 0.085578809 0.094988162 0.10298569 0.069332576 0.058445439 0.045539906 0.10518387 0.063246294 0.046230153 0.075738019 0.077634815 0.099171587 0.053465593 0.097555838 0.043167036 0.037112208 0.036381335 0.059845116 0.073933763 0.046315929 0.035507238 0.052794118 0.074375679 0.073891814 0.12546132 0.059129229 0.062075367
-9999 -9999 -9999 -9999 -9999 -9999 0.06329497 0.039039054 0.031496946 0.068979328 0.060874752 0.11916268 0.078057136 0.054168642 0.084638053 0.065677709 0.072911182 0.044473212 0.083174905 0.0652183 0.058822743 0.051801762 0.10537861 0.0809819 0.1101345 0.088183064 0.082191598 0.09153559 0.099522496 0.10385233 0.098322453 0.090206438 0.044368496 0.075645581 0.036179567 0.073324325 0.107632 0.049890958 0.083599988 0.081229768 0.069700659 0.049244947 0.055920721 0.070799049 0.081567417 0.060169716 0.059560375 0.038465795 0.052578754 0.099759934 0.078542786 0.046429536 0.058460905 0.10002311 0.046334982 0.11663158
-9999 -9999 -9999 -9999 -9999 0.067700233 0.034914342 0.030968201 0.074870256 0.042179087 0.053564633 0.07361924 0.041871936 0.079986563 0.065887447 0.097757149 0.067933636 0.057142559 0.049099112 0.069185977 0.056239835 0.070958613 0.12038978 0.093847235 0.085858733 0.095828875 0.11055413 0.096587574 0.10019804 0.13218066 0.076109092 0.076259141 0.058317877 0.092001983 0.082148517 0.067181927 0.079463261 0.10099558 0.060213624 0.062746032 0.13677234 0.086250527 0.056207826 0.054447067 0.066566886 0.11014053 0.062733004 0.041951825 0.11464676 0.064497311 0.032897297 0.070882077 0.066531045 0.070750564 0.097568268 0.047352753
-9999 -9999 -9999 -9999 0.042882936 0.040229883 0.055295532 0.043065399 0.038429606 0.036170169 0.077200708 0.066464746 0.06023012 0.08870128 0.073024959 0.059429735 0.030771026 0.024281016 0.063027905 0.071782724 0.068343691 0.13699315 0.096420207 0.085587283 0.11252589 0.10264652 0.10100972 0.099398018 0.10735401 0.080504227 0.089240241 0.087651265 0.14045568 0.075069444 0.063966293 0.068015413 0.0581419 0.12657505 0.05912701 0.055600651 0.050636512 0.050682843 0.063189627 0.040920072 0.091948235 0.079604306 0.079921339 0.051689328 0.067711104 0.057294467 0.078809181 0.03159516 0.082189607 0.055987892 0.09344217 0.1040206
-9999 -9999 -9999 -9999 0.049185755 0.1171593 0.05358625 0.13301218 0.091572819 0.037735849 0.077172333 0.075770878 0.06577837 0.049958468 0.040120757 0.031084635 0.046331718 0.046969679 0.043462265 0.08804731 0.038337802 0.081674223 0.12088525 0.10528803 0.093883947 0.093838274 0.10870018 0.10155363 0.10226407 0.088643359 0.089670753 0.081724642 0.057191316 0.038740932 0.04743083 0.078165244 0.079291055 0.046473552 0.04375 0.064739884 0.0546875 0.090356415 0.047987736 0.060617579 0.085168258 0.071788338 0.060660584 0.074142589 0.054159102 0.063218483 0.088673011 0.08566126 0.078184229 0.10642329 0.079105979 0.10710553
-9999 -9999 0.020221417 0.065699269 0.069897937 0.038292965 0.076895142 0.083446537 0.030253624 0.034190087 0.04224191 0.052583953 0.048050262 0.065006933 0.09970796 0.038198305 0.080807773 0.048182678 0.06616344 0.045523243 0.06183327 0.07409313 0.1302784 0.074686725 0.09146281 0.12466243 0.10677602 0.076752041 0.088115398 0.043734948 0.066633455 0.11169676 0.053575067 0.054414341 0.039423685 0.077216226 0.084378129 0.063384717 0.046688395 0.057581901 0.072934021 0.056660375 0.03938383 0.076467645 0.05014204 0.06335678 0.076848281 0.054641438 0.078202923 0.085215713 0.091005553 0.05675448 0.075783577 0.080585376 0.071155653 0.092896308
-9999 0.027341418 0.061139454 0.06607087 0.030300442 0.058076234 0.090625523 0.038041778 0.046803853 0.049711457 0.035053191 0.04105319 0.058517088 0.057341467 0.076374112 0.032861261 0.099464498 0.048842593 0.042760181 0.047434131 0.054610084 0.073277079 0.068079817 0.063436033 0.083192813 0.075223834 0.082033242 0.088219042 0.10320491 0.087520499 0.080863764 0.072370427 0.068448076 0.082132533 0.07611001 0.043694751 0.099378759 0.10005276 0.029491536 0.066869183 0.043952007 0.055167393 0.068779816 0.060618884 0.055701263 0.09808588 0.07796891 0.047012566 0.073071003 0.059292647 0.062605053 0.051508158 0.10350018 0.065082765 0.051406573 0.042905084
-9999 0.082850167 0.08361244 0.055507867 0.0788624 0.048487547 0.089812857 0.040482326 0.082997765 0.06188233 0.057257419 0.057312737 0.068322545 0.086809908 0.039737708 0.049922362 0.042148321 0.039039054 0.040542201 0.074081654 0.066625682 0.060421471 0.08264824 0.062704082 0.072839915 0.10688887 0.086761815 0.050478283 0.052513837 0.068704602 0.1238129 0.068091208 0.068796974 0.065256402 0.075153764 0.0668026 0.058545637 0.095596523 0.050455711 0.068240752 0.079400633 0.049137917 0.033445916 0.04809203 0.055636156 0.036166657 0.063183807 0.058974748 0.074759303 0.10075358 0.082965072 0.083289553 0.081163568 0.093318009 0.096890157 0.058259048
-9999 0.038142412 0.091142593 0.046576059 0.045833219 0.032147902 0.05727741 0.09416532 0.060271631 0.057517539 0.04784832 0.079754321 0.048156522 0.071044835 0.044410434 0.062922203 0.059705 0.082992812 0.048445462 0.058184198 0.055214568 0.042572902 0.10057816 0.085488496 0.060367967 0.060435172 0.072167228 0.057206372 0.080004735 0.060008527 0.057758822 0.091003589 0.048786575 0.092277783 0.049738926 0.084122485 0.074165884 0.071820762 0.061815279 0.065461324 0.04567405 0.054995408 0.064590521 0.04539475 0.036147904 0.071550143 0.051683321 0.081799667 0.052374212 0.098870576 0.11579421 0.049932958 0.084384389 0.063959745 0.13415023 0.13357828
-9999 0.096564939 0.044700429 0.066433375 0.035793372 0.050092881 0.054903332 0.077533982 0.061421888 0.053458027 0.04140032 0.1013909 0.040918461 0.071843332 0.0679635 0.046792176 0.039518902 0.048419818 0.070520818 0.0413075 0.073547453 0.040431022 0.057162702 0.053468285 0.076774581 0.076660036 0.058130381 0.052150032 0.039147545 0.031968375 0.07116931 0.07453586 0.078437764 0.033641391 0.04977031 0.036375 0.079277525 0.1279973 0.046057393 0.071476192 0.081898931 0.06813411 0.10499175 0.084080843 0.10429683 0.055229707 0.054451545 0.08914259 0.089519532 0.098803721 0.042690762 0.050674026 0.057466832 0.073755418 0.055735529 0.11066812
-9999 -9999 0.034014375 0.082647461 0.025297603 0.064000175 0.048651217 0.039971737 0.053691275 0.048969103 0.062080743 0.060455103 0.04859435 0.056835761 0.067886076 0.088122211 0.062574688 0.044640549 0.097531131 0.034241546 0.060639796 0.07602824 0.10779254 0.035573853 0.048868572 0.070428667 0.081858993 0.071405327 0.056616479 0.045109542 0.053107698 0.061297421 0.06107774 0.068414595 0.032242048 0.093845996 0.078616689 0.039841065 0.064875315 0.067565343 0.063144278 0.080402957 0.044753074 0.073470039 0.064030483 0.072824895 0.042202785 0.064972886 0.065004294 0.045133814 0.063815789 0.056674922 0.045899872 0.077306544 0.069766353 0.082918769
-9999 -9999 0.064463396 0.085615275 0.051787604 0.065211061 0.042979202 0.10910276 0.059451238 0.074662162 0.0851528 0.075971611 0.052571205 0.054229868 0.090033915 0.084841413 0.06689217 0.046956078 0.059389683 0.075354293 0.056230167 0.13006334 0.068567979 0.091917293 0.1157423 0.070142377 0.065799927 0.081244389 0.099428784 0.067583064 0.066830996 0.091665117 0.055428677 0.062277414 0.10336566 0.070893671 0.095218485 0.046807468 0.052977031 0.073384773 0.051298656 0.080308597 0.070936787 0.087188291 0.042814707 0.059941487 0.033093888 0.047909968 0.05368122 0.04484478 0.056790986 0.095444626 0.068787864 0.050179842 0.05872898 0.07006374
-9999 -9999 0.067914846 0.082933932 0.11382595 0.051426429 0.070429529 0.092701188 0.16501236 0.083223521 0.17670701 0.081275597 0.043705205 0.071846035 0.067156796 0.064881609 0.069207317 0.12519494 0.064081419 0.077063468 0.048529412 0.048854553 0.083955015 0.081911226 0.09158022 0.025478615 0.12245228 0.094680258 0.082657212 0.055235242 0.035349008 0.057042693 0.051795544 0.04629107 0.049437617 0.050776692 0.048689853 0.045411942 0.091569074 0.10723359 0.040994908 0.029671954 0.088903072 0.057041343 0.12170851 0.083023496 0.088969479 0.033379501 0.074768232 0.044795792 0.15804922 0.043095214 0.079393939 0.071954593 0.033385899 0.068179546
-9999 0.030739364 0.038441429 0.063219329 0.074135244 0.051162828 0.041307176 0.046728158 0.040251772 0.06755179 0.060443721 0.05999222 0.10453043 0.059980834 0.033552081 0.094781241 0.075038817 0.077034873 0.10198534 0.054388471 0.083018455 0.051445698 0.070689961 0.046337423 0.090089915 0.078980965 0.087069362 0.080030571 0.0357129 0.1297732 0.08442245 0.13494896 0.06732954 0.053628204 0.060513913 0.055041426 0.085664482 0.063331516 0.085582959 0.083011873 0.049953328 0.10281658 0.11082493 0.056795767 0.067014366 0.040451295 0.066212195 0.063697143 0.044828109 0.041542289 0.078618049 0.072892701 0.035548525 0.044928219 0.11784782 0.036170213
-9999 0.035794693 0.047023786 0.060653987 0.13071763 0.069755085 0.078045374 0.077658303 0.056272712 0.057095353 0.10307854 0.069111067 0.053386454 0.078743468 0.075838535 0.11111991 0.07102923 0.092171263 0.05748963 0.061935035 0.037761667 0.066612772 0.040955453 0.071565939 0.042067303 0.084391883 0.064092487 0.089491969 0.054414876 0.067618279 0.032344759 0.031165176 0.085313064 0.10036003 0.064259671 0.060462333 0.072706621 0.055885794 0.062442627 0.066109118 0.10578606 0.057945688 0.04769431 0.16471446 0.11899216 0.068791266 0.052296914 0.11077521 0.06211414 0.088601724 0.1185547 0.075385908 0.034868421 0.066146938 0.042916134 0.11940743
-9999 0.068706871 0.074293354 0.09396 0.05629369 0.046707342 0.066218296 0.061398099 0.048917749 0.084710542 0.048076236 0.082564646 0.055657491 0.047578371 0.076497644 0.12697919 0.1267358 0.11607007 0.10301427 0.075648408 0.089950702 0.10165202 0.078324957 0.070641673 0.050429813 0.079134194 0.066203716 0.075158788 0.094853197 0.09895758 0.074366858 0.056167202 0.043715392 0.026961826 0.090034363 0.049708516 0.089227525 0.059481636 0.043991041 0.074780596 0.029764332 0.036705538 0.057291038 0.055237923 0.047987624 0.050686951 0.066871793 0.068564534 0.08309339 0.10257104 0.076041077 0.094681345 0.11805008 0.081984443 0.046182615 0.091344943
-9999 0.055151533 0.048071471 0.12492847 0.074296718 0.04964569 0.092551769 0.072200867 0.08465382 0.082517521 0.062855945 0.079725052 0.049733063 0.10533866 0.074110372 0.1136854 0.097557556 0.077116394 0.065181636 0.059506642 0.040277504 0.04009045 0.052273325 0.088620152 0.0788814 0.05221789 0.050097158 0.067212487 0.076158694 0.084051806 0.03233854 0.050069407 0.064855483 0.069278143 0.065207358 0.091431422 0.046615345 0.059105548 0.041379414 0.06260932 0.05880598 0.053713394 0.069889126 0.081737572 0.080333461 0.067696436 0.078166298 0.038525323 0.065597101 0.070228921 0.07469403 0.043740235 0.056348986 0.058713601 0.074745483 0.081129614
