Data/GIS/C580Y/bfa-mvmt-travel-tail-sq.asc
ncols         173
nrows         126
xllcorner     224227.65281
yllcorner     1039207.04677
cellsize      5000
NODATA_value  -9999
[rows 75 to 99 of 126, columns 0 to 55 of 173]
-9999 -9999 -9999 -9999 -9999 -9999 0.041751457 0.0388243 0.027227209 0.071504251 0.034616952 0.042481737 0.036404834 0.055410949 0.047965839 0.079194907 0.032751937 0.06021619 0.049226642 0.058969763 0.063032741 0.082145 0.056110574 0.043707401 0.02090013 0.078655603 0.044253535 0.08983625 0.060638661 0.046245059 0.029710145 0.037581667 0.029876126 0.046297868 0.050365615 0.058049932 0.072913407 0.053695432 0.052614106 0.0489524 0.053280422 0.037653263 0.058166387 0.082979799 0.056021 0.095975699 0.10683574 0.061907109 0.051135231 0.030274644 0.040865266 0.076600223 0.055721362 0.051429916 0.068224568 0.047849068
-9999 -9999 -9999 -9999 -9999 0.056093603 0.047203305 0.030813247 0.01376623 0.027834478 0.023570381 0.046689603 0.024760325 0.080982051 0.056266387 0.045544954 0.039838399 0.08676751 0.10176367 0.11763238 0.059373029 0.069491702 0.035705309 0.035097134 0.02115681 0.056248835 0.066175103 0.022796469 0.04775705 0.022264656 0.034768212 0.048286636 0.068688321 0.057349404 0.072641405 0.073078332 0.066485982 0.029960298 0.037514495 0.064780164 0.077405783 0.045383559 0.050694435 0.090178002 0.064601607 0.066102922 0.050216794 0.067751672 0.071480915 0.053545079 0.056925448 0.048809549 0.058044645 0.058280633 0.040555525 0.050311821
-9999 -9999 -9999 -9999 -9999 -9999 -9999 0.052694253 0.027392384 0.022323271 0.022612012 0.028766263 0.033618127 0.03299563 0.030969266 0.046286268 0.043553642 0.056610466 0.040306864 0.11324771 0.059321749 0.080532884 0.058411813 0.034176018 0.062263009 0.045240436 0.043427676 0.078821031 0.048587893 0.042839578 0.039325843 0.037234043 0.092343289 0.093591946 0.045403048 0.082094539 0.039428568 0.061215912 0.075490042 0.058081345 0.073659161 0.057795177 0.087689794 0.060978084 0.064375036 0.057940811 0.073295433 0.092673348 0.043852026 0.044744106 0.061097757 0.045435474 0.04128224 0.039083585 0.067450568 0.05775
-9999 -9999 -9999 -9999 -9999 -9999 -9999 0.073444835 0.030108808 0.030048765 0.044429262 0.059697623 0.071327855 0.061005013 0.055513077 0.035872483 0.059025763 0.043544697 0.028340081 0.03237887 0.040572913 0.11475478 0.067338649 0.096237936 0.045748249 0.067992186 0.049941116 0.053744744 0.04520835 0.075060803 0.040519872 0.05240962 0.078749733 0.057432558 0.058685423 0.048757764 0.081937682 0.038535137 0.044193386 0.055305389 0.053393507 0.096153148 0.065230567 0.059105362 0.10937263 0.11738844 0.094747065 0.087916324 0.063164242 0.083483529 0.065284249 0.051501699 0.044075508 0.10617562 0.11586304 0.035787319
-9999 -9999 -9999 -9999 -9999 -9999 -9999 0.036030861 0.053524972 0.02238726 0.010193133 0.020970687 0.053218752 0.02636497 0.092133234 0.030767434 0.039452102 0.069802497 0.08034305 0.06363091 0.10912647 0.0749193 0.095158921 0.034230842 0.09594512 0.043096567 0.081151702 0.064215741 0.03562189 0.076835862 0.036283876 0.032458846 0.056478605 0.086436063 0.057812438 0.044137712 0.057513403 0.069019047 0.083129943 0.041737219 0.085310553 0.089928235 0.081321246 0.10344315 0.11337607 0.10565377 0.083616626 0.063072516 0.096979514 0.04358361 0.043893607 0.049614538 0.061941478 0.065146243 0.049544383 0.076590863
-9999 -9999 -9999 -9999 -9999 -9999 -9999 0.041321046 0.045155778 0.036678166 0.028924877 0.060123206 0.021762207 0.021678841 0.06033872 0.043851524 0.029791656 0.050715119 0.044323021 0.082593974 0.059960911 0.054289016 0.071867736 0.11617023 0.092267105 0.042480181 0.04457246 0.054197167 0.043775336 0.034653077 0.031670479 0.060695012 0.086524559 0.082266652 0.051309257 0.059146793 0.044811165 0.078351976 0.065965019 0.057528193 0.085345351 0.062932521 0.082585814 0.10655071 0.074484015 0.036516459 0.045247395 0.097150868 0.052019401 0.043233122 0.10433151 0.081947724 0.085213008 0.10191924 0.049683156 0.061611677
-9999 -9999 -9999 -9999 -9999 -9999 -9999 0.018769552 0.028669725 0.063305976 0.044657702 0.027891143 0.026188897 0.082958297 0.052529781 0.041195405 0.10448606 0.030410246 0.050271781 0.04199888 0.042962433 0.0754645 0.10261796 0.06379282 0.1017442 0.065717224 0.060452318 0.087540047 0.064302032 0.091437054 0.073731681 0.065537523 0.07945181 0.07570622 0.12521855 0.041323951 0.064366277 0.053236157 0.063470546 0.05388889 0.067578344 0.089932692 0.048100568 0.10233418 0.057474957 0.04240506 0.099370435 0.10701852 0.034809074 0.040082838 0.082840954 0.070366741 0.044973499 0.071358428 0.055689518 0.091189517
-9999 -9999 -9999 -9999 -9999 -9999 0.087512669 0.028699716 0.063573775 0.071503958 0.044965787 0.096514367 0.035931599 0.032300949 0.098137232 0.045401229 0.075033541 0.031965551 0.03668299 0.057542312 0.035613711 0.085725498 0.063418501 0.085417024 0.096516586 0.095674514 0.059850971 0.091670009 0.066811673 0.079218524 0.079844291 0.11176015 0.046262119 0.06641791 0.065432 0.030273438 0.052226224 0.068096759 0.085926136 0.06635508 0.05310227 0.085215386 0.10090836 0.053180011 0.04159662 0.086249904 0.042333807 0.057983498 0.066833325 0.072807974 0.076723147 0.051961313 0.074250454 0.036309399 0.069384673 0.060727222
-9999 -9999 -9999 -9999 -9999 -9999 0.026335517 0.034908229 0.046398263 0.026426496 0.051987864 0.034226495 0.086822387 0.023798767 0.044456685 0.068610007 0.069519116 0.031340115 0.039248353 0.085527914 0.038677655 0.093650952 0.086003169 0.10415186 0.069096798 0.075863518 0.090219024 0.059540604 0.077981501 0.10205024 0.090242197 0.071642159 0.081211784 0.049145282 0.06043271 0.051532932 0.056413194 0.058730441 0.060385771 0.072418786 0.049482694 0.073142907 0.045793785 0.055397153 0.082400485 0.061745027 0.088709264 0.05382495 0.14196176 0.10168242 0.10557055 0.052147994 0.05403558 0.048029947 0.080472582 0.08403531
-9999 -9999 -9999 -9999 -9999 -9999 0.066920767 0.058569138 0.046309422 0.073282917 0.023876157 0.021866323 0.095896506 0.032094501 0.081160859 0.039631615 0.075760931 0.05070196 0.055029878 0.074401567 0.066160802 0.064432768 0.072747548 0.088718002 0.057260164 0.095110463 0.094688778 0.11847262 0.10419866 0.10629784 0.059657599 0.062823595 0.083297338 0.061825573 0.085629776 0.067562592 0.049871429 0.059586809 0.056564061 0.052803291 0.070812028 0.052499043 0.065054002 0.055976764 0.071188055 0.043566176 0.067227416 0.041476821 0.066807566 0.041952723 0.079101732 0.086062097 0.10862442 0.070502542 0.095067991 0.064196788
-9999 -9999 -9999 -9999 -9999 0.045467033 0.0258748 0.047026807 0.045261471 0.057072715 0.036633663 0.046969697 0.056831087 0.039932536 0.0621121 0.034939955 0.056324111 0.035384938 0.039275 0.072830331 0.061681694 0.072268192 0.10633724 0.094352829 0.093734106 0.08928126 0.094241973 0.092708236 0.10029495 0.086664653 0.085449377 0.069312129 0.080316881 0.046966898 0.045343125 0.083986549 0.091975481 0.08255971 0.068304649 0.079917052 0.080010653 0.067131948 0.064946166 0.05618795 0.044008352 0.13056873 0.042744267 0.047370222 0.04092827 0.046210963 0.028932908 0.078131692 0.083092864 0.054497994 0.065083444 0.056619084
-9999 -9999 -9999 -9999 0.064056421 0.027138067 0.029835664 0.080713383 0.036266875 0.072019583 0.033509683 0.029454984 0.09540035 0.068044543 0.039427423 0.039539375 0.068799101 0.04479526 0.05604829 0.050958717 0.094362551 0.093996009 0.078050528 0.083698738 0.12456693 0.1100743 0.11395676 0.10525831 0.098117421 0.076678838 0.085253588 0.095134464 0.099472258 0.09031561 0.058493151 0.038101669 0.070315752 0.067673602 0.069126746 0.050474518 0.038341127 0.085053445 0.078091383 0.065226327 0.069736593 0.068139945 0.049573481 0.054190423 0.07805919 0.06520078 0.060622989 0.047733395 0.062437125 0.07262414 0.04344231 0.050619367
-9999 -9999 -9999 -9999 0.041354706 0.044666687 0.042107566 0.095588235 0.052496715 0.027947611 0.026911084 0.031554945 0.061881033 0.066363467 0.027534671 0.059492189 0.064586433 0.0557143 0.062105226 0.064486089 0.034079308 0.11370763 0.095094917 0.089080661 0.11043529 0.099195396 0.10169095 0.095948805 0.087873967 0.10485298 0.11889799 0.096366078 0.10140204 0.046964296 0.080819898 0.066328013 0.070471401 0.04606188 0.061686419 0.056227581 0.041068122 0.060963434 0.080709714 0.060297107 0.040209781 0.048651771 0.051582203 0.084565801 0.050518789 0.048637893 0.072665681 0.077187547 0.041559177 0.078588694 0.079567961 0.068846141
-9999 -9999 0.051017685 0.017348468 0.05483238 0.074598503 0.027881041 0.03802521 0.054300379 0.025117267 0.032926829 0.041263468 0.092486319 0.060672669 0.026933332 0.026799222 0.069082006 0.046276748 0.048211781 0.050577791 0.075343183 0.080231518 0.10411092 0.084603328 0.080416047 0.077537188 0.11601455 0.090482504 0.075610914 0.079057837 0.074336704 0.1175702 0.047213355 0.069387244 0.063168995 0.04142675 0.084253895 0.055988576 0.03319415 0.048452974 0.05136051 0.030959302 0.027664975 0.031708978 0.062406299 0.068686883 0.038982812 0.069123873 0.066060992 0.099874933 0.09176423 0.087897744 0.065993905 0.063619995 0.10011906 0.059164499
-9999 0.023468225 0.039338233 0.06614557 0.037412188 0.054937613 0.070273716 0.044338518 0.06781036 0.093644578 0.058012657 0.042727423 0.11555547 0.066453836 0.032592609 0.051098901 0.059496163 0.043240039 0.050601381 0.10436954 0.046296925 0.033341879 0.1008583 0.087244189 0.09469257 0.087463155 0.099848022 0.070004906 0.06794335 0.059634176 0.07906359 0.072614632 0.073032712 0.12848506 0.085694605 0.035087733 0.045906421 0.034279685 0.075333598 0.074206349 0.063362902 0.033291813 0.082173913 0.020833333 0.067931114 0.060155328 0.045665323 0.094084291 0.035714286 0.065430811 0.085707521 0.13598574 0.041179608 0.086477708 0.057209654 0.080966221
-9999 0.049851168 0.075605251 0.052197802 0.058843953 0.042424392 0.06326986 0.044067783 0.042767729 0.049025679 0.058707403 0.062562885 0.048183913 0.071759389 0.051002833 0.055292 0.069657198 0.067905132 0.043877551 0.063718771 0.051665674 0.077009032 0.058648701 0.078421455 0.092983732 0.075910093 0.10559148 0.061232159 0.055024195 0.064805907 0.026973134 0.06148053 0.12503854 0.091443057 0.13223197 0.039332078 0.033737163 0.059772247 0.053978387 0.056996753 0.07988548 0.043777767 0.047573401 0.036079646 0.057162527 0.048635369 0.10153939 0.045436598 0.044325177 0.050937221 0.09883643 0.051296825 0.09580885 0.071648487 0.081256268 0.079781167
-9999 0.035679597 0.022921006 0.063685385 0.087087953 0.069208249 0.074224947 0.04864981 0.054193175 0.086416185 0.034925764 0.056261761 0.063085273 0.12318512 0.049381366 0.056368857 0.028869048 0.077066399 0.035592349 0.026776949 0.046502099 0.049203502 0.060165398 0.10124426 0.075421 0.071022195 0.079091115 0.054101766 0.031098006 0.071717546 0.0304524 0.071036702 0.099457275 0.075360353 0.053533755 0.068392181 0.053623213 0.083728617 0.045817927 0.055978998 0.060877073 0.030416463 0.050138875 0.061172477 0.049418148 0.054902317 0.066951175 0.064851087 0.12129966 0.076128836 0.13506906 0.071324479 0.089716113 0.062329143 0.078766455 0.092118578
-9999 0.050529127 0.030678761 0.034044866 0.06723565 0.086328199 0.084004035 0.10274194 0.047731272 0.064546109 0.034740573 0.095985683 0.058422453 0.058380658 0.074894385 0.10597213 0.037739206 0.08989707 0.087671581 0.040659357 0.063481365 0.065549429 0.061430946 0.077560697 0.041466422 0.094380594 0.065609153 0.030024795 0.037196968 0.047222222 0.049929467 0.038068107 0.044483294 0.032228726 0.068296505 0.063110861 0.083743051 0.047628244 0.088401197 0.048030674 0.07302236 0.075353911 0.041601079 0.065127904 0.13106787 0.057945593 0.061282781 0.081097318 0.053239051 0.10227834 0.081053396 0.047719438 0.08963871 0.064500303 0.06523171 0.14631351
-9999 -9999 0.077693898 0.054144888 0.051168206 0.048239023 0.023550707 0.045985393 0.057637578 0.10008073 0.045590253 0.059651 0.10776811 0.041170815 0.060861224 0.080562698 0.036347302 0.087740909 0.048867925 0.050475117 0.081337205 0.05089944 0.050806022 0.062103655 0.055859429 0.056024254 0.03879549 0.087924667 0.0622319 0.033166003 0.042343332 0.087088613 0.1091709 0.088005625 0.065326852 0.066813165 0.044365257 0.09508345 0.030080493 0.047069593 0.054283247 0.044275279 0.08318764 0.069512705 0.08924662 0.037066546 0.042793142 0.050516805 0.065670764 0.12754036 0.069968475 0.033108345 0.032382615 0.09923429 0.058154304 0.054549724
-9999 -9999 0.03002323 0.036848254 0.076322278 0.1084434 0.076756336 0.048695393 0.032261857 0.031107703 0.06028491 0.066641896 0.068192016 0.054576391 0.077999336 0.14098823 0.083390644 0.081530474 0.085937944 0.083407536 0.050773495 0.095826446 0.033373014 0.059633402 0.06845541 0.078361203 0.043412527 0.070378624 0.081065411 0.05172404 0.10257944 0.090532729 0.047066783 0.092783506 0.056217266 0.073729568 0.0821143 0.048220315 0.068746667 0.035322678 0.039032586 0.038461553 0.058708321 0.031530403 0.048991418 0.036938535 0.054498718 0.058209184 0.04138885 0.069504333 0.082057821 0.056993403 0.053240722 0.081379079 0.03943038 0.053292535
-9999 -9999 0.046810694 0.035749237 0.076375814 0.053408364 0.055148608 0.053712858 0.10146196 0.047823608 0.086462069 0.07210715 0.089317435 0.092785977 0.040968791 0.068371912 0.071003224 0.11865785 0.092581126 0.079910786 0.063368208 0.069468346 0.0484 0.044774781 0.046127546 0.080047384 0.058038739 0.087829286 0.035128439 0.068835777 0.043174528 0.097707368 0.063592642 0.025238724 0.040934844 0.061098312 0.049833145 0.037059883 0.053005451 0.036001836 0.037216314 0.059915096 0.033125499 0.05057094 0.065344476 0.076227968 0.047155962 0.083539495 0.06050226 0.086884077 0.082811812 0.075693203 0.093305984 0.043539328 0.053311859 0.07713612
-9999 0.042042324 0.05443038 0.027479086 0.055467854 0.06139223 0.067294634 0.053685882 0.033280355 0.054383617 0.061120733 0.075821549 0.060639032 0.043584436 0.049053662 0.075081848 0.057966102 0.095183713 0.064182474 0.0442 0.063398708 0.091129252 0.070829274 0.06285988 0.062775186 0.088260005 0.051026147 0.10777359 0.084668766 0.10224444 0.078582633 0.062242302 0.065050417 0.057782096 0.054628906 0.048477425 0.032121966 0.049034749 0.055574582 0.062821473 0.082861396 0.083260799 0.05764462 0.09957207 0.066752447 0.049423548 0.077428956 0.054897931 0.040509208 0.077800954 0.0442063 0.034813535 0.035834315 0.031300723 0.047918559 0.0625587
-9999 0.044496915 0.061660386 0.043031028 0.040451257 0.07771421 0.039788774 0.071082156 0.067213311 0.058313273 0.091450749 0.085188424 0.069915267 0.063177829 0.12458453 0.083737378 0.079865464 0.1108141 0.096131739 0.08447924 0.057255634 0.038078758 0.099596142 0.074692118 0.11499259 0.067132115 0.12388992 0.10594035 0.068894311 0.10992016 0.031526652 0.044305605 0.067502872 0.076872033 0.099887061 0.038318735 0.047785225 0.044510346 0.076806788 0.059070439 0.049762597 0.1123377 0.041645269 0.091832951 0.038994918 0.048381474 0.051557258 0.076212817 0.031394151 0.056207059 0.055458515 0.10107757 0.035910943 0.041584072 0.036105805 0.032538412
-9999 0.033077678 0.051913006 0.045016923 0.063877998 0.042628192 0.074847304 0.092835779 0.10485846 0.0846818 0.064321798 0.062018739 0.068421053 0.10371132 0.063884499 0.10504016 0.12302772 0.12901136 0.10080451 0.11698891 0.062442701 0.094794828 0.062830671 0.080343977 0.11351654 0.073453456 0.082461752 0.064613575 0.094105847 0.059194497 0.076230235 0.078778024 0.028694969 0.081652366 0.02140101 0.050186534 0.022193684 0.059237968 0.067915732 0.058532913 0.033099404 0.1032611 0.072920751 0.038616151 0.096640284 0.028598885 0.076984181 0.083513952 0.050368304 0.086374569 0.091766045 0.084914778 0.064691786 0.054249672 0.04009769 0.060469557
-9999 0.048406838 0.052807779 0.044892208 0.088812731 0.056572854 0.049485294 0.063331583 0.055605573 0.10061756 0.061375641 0.055862814 0.071254894 0.073513832 0.081009887 0.047393101 0.087636499 0.09602235 0.075755665 0.091772589 0.071991577 0.10557525 0.059273719 0.10781389 0.096984188 0.10650326 0.062121617 0.089461036 0.11957451 0.069529371 0.10328014 0.042836021 0.084913569 0.080709633 0.032870761 0.045843263 0.059068615 0.043367324 0.088536297 0.061225882 0.037228261 0.027944528 0.029482947 0.063318163 0.063831007 0.045042171 0.052058817 0.044014085 0.043379391 0.066103614 0.076215312 0.033797491 0.048531264 0.041952055 0.041239949 0.041819725
