Data/GIS/C580Y/bfa-mvmt-travel-stock-sq.asc
ncols         173
nrows         126
xllcorner     224227.65281
yllcorner     1039207.04677
cellsize      5000
NODATA_value  -9999
[rows 25 to 49 of 126, columns 112 to 167 of 173]
0.078018091 0.059352798 0.03835518 0.037859244 0.045715809 0.040250465 0.044705675 0.067627614 0.068816553 0.084508655 0.04523321 0.053189321 0.028200911 0.077151536 0.035958005 0.073124783 0.030243346 0.058578009 -9999 -9999 -9999 -9999 -9999 -9999 -9999 -9999 -9999 -9999 -9999 -9999 -9999 -9999 -9999 -9999 -9999 -9999 -9999 -9999 -9999 -9999 -9999 -9999 -9999 -9999 -9999 -9999 -9999 -9999 -9999 -9999 -9999 -9999 -9999 -9999 -9999 -9999
0.029489949 0.067822065 0.036879592 0.030384735 0.087102635 0.045947295 0.053104201 0.061543038 0.048258706 0.063555841 0.08222 0.049825 0.059086549 0.038768116 0.028418472 0.035106383 0.13195737 0.036701579 0.026074076 -9999 -9999 -9999 -9999 -9999 -9999 -9999 -9999 -9999 -9999 -9999 -9999 -9999 -9999 -9999 -9999 -9999 -9999 -9999 -9999 -9999 -9999 -9999 -9999 -9999 -9999 -9999 -9999 -9999 -9999 -9999 -9999 -9999 -9999 -9999 -9999 -9999
0.030639732 0.093070253 0.083756159 0.060204294 0.04762295 0.048622085 0.067599369 0.031512072 0.042942336 0.053864145 0.065513343 0.065655191 0.076028424 0.046703297 0.036853188 0.029738755 0.050156446 0.047552929 0.028966134 0.045345746 -9999 -9999 -9999 -9999 -9999 -9999 -9999 -9999 -9999 -9999 -9999 -9999 -9999 -9999 -9999 -9999 -9999 -9999 -9999 -9999 -9999 -9999 -9999 -9999 -9999 -9999 -9999 -9999 -9999 -9999 -9999 -9999 -9999 -9999 -9999 -9999
0.05006648 0.025054466 0.037582848 0.058826117 0.059426596 0.079586885 0.10794148 0.03947605 0.031503255 0.045878172 0.053825798 0.038073929 0.041836186 0.045943695 0.054790806 0.091432584 0.043147666 0.066895897 0.053760513 0.038097554 0.05200858 -9999 -9999 -9999 -9999 -9999 -9999 -9999 -9999 -9999 -9999 -9999 -9999 -9999 -9999 -9999 -9999 -9999 -9999 -9999 -9999 -9999 -9999 -9999 -9999 -9999 -9999 -9999 -9999 -9999 -9999 -9999 -9999 -9999 -9999 -9999
0.043233664 0.056608362 0.060146953 0.062412206 0.10828646 0.051320078 0.10319837 0.042039098 0.046405447 0.019051404 0.050344941 0.027556627 0.055126889 0.078154904 0.045512542 0.076355964 0.030389431 0.04477827 0.049236624 0.056340543 0.037074725 -9999 -9999 -9999 -9999 -9999 -9999 -9999 -9999 -9999 -9999 -9999 -9999 -9999 -9999 -9999 -9999 -9999 -9999 -9999 -9999 -9999 -9999 -9999 -9999 -9999 -9999 -9999 -9999 -9999 -9999 -9999 -9999 -9999 -9999 -9999
0.066690128 0.023870605 0.079546828 0.058612783 0.026531414 0.048321531 0.032437649 0.048660141 0.036769748 0.056271443 0.042800589 0.05142535 0.043583432 0.080504722 0.059618556 0.033183131 0.034994663 0.022222209 0.071898111 0.033547006 0.11585896 0.042391143 0.042500204 0.039094605 0.054356023 -9999 -9999 -9999 -9999 -9999 -9999 -9999 -9999 -9999 -9999 -9999 -9999 -9999 -9999 -9999 -9999 -9999 -9999 -9999 -9999 -9999 -9999 -9999 -9999 -9999 -9999 -9999 -9999 -9999 -9999 -9999
0.0366546 0.031702669 0.038919645 0.06183261 0.077538956 0.065537665 0.02425468 0.026865712 0.068371042 0.031209415 0.073333333 0.054040386 0.029569892 0.071652436 0.036269446 0.035861991 0.082655825 0.041664311 0.093699387 0.065333336 0.049295363 0.064509404 0.042389191 0.057347688 0.025520813 -9999 -9999 -9999 -9999 -9999 -9999 -9999 -9999 -9999 -9999 -9999 -9999 -9999 -9999 -9999 -9999 -9999 -9999 -9999 -9999 -9999 -9999 -9999 -9999 -9999 -9999 -9999 -9999 -9999 -9999 -9999
0.078524259 0.11866789 0.051554224 0.082752289 0.026734121 0.033628655 0.039656134 0.01653115 0.041163108 0.05332834 0.065779756 0.068830096 0.022846907 0.045562792 0.035091989 0.046496815 0.035939163 0.077186748 0.055793889 0.05188982 0.047971513 0.063406592 0.04150795 0.045319301 0.061657596 0.038742632 0.048477551 0.057854368 -9999 -9999 -9999 -9999 -9999 -9999 -9999 -9999 -9999 -9999 -9999 -9999 -9999 -9999 -9999 -9999 -9999 -9999 -9999 -9999 -9999 -9999 -9999 -9999 -9999 -9999 -9999 -9999
0.066138235 0.077105458 0.093340266 0.082540316 0.055699461 0.048524444 0.048824315 0.070663805 0.0390625 0.036458304 0.038235294 0.028037383 0.071274736 0.031137448 0.024768687 0.027399195 0.046094634 0.055383512 0.04986658 0.094303947 0.086628058 0.0730555 0.051461397 0.088535032 0.034155714 0.027568925 0.016623682 0.028481013 0.040507143 0.051605169 -9999 -9999 -9999 -9999 -9999 -9999 -9999 -9999 -9999 -9999 -9999 -9999 -9999 -9999 -9999 -9999 -9999 -9999 -9999 -9999 -9999 -9999 -9999 -9999 -9999 -9999
0.085669842 0.070558713 0.086243869 0.072701134 0.034788808 0.026538462 0.038411767 0.068239924 0.057422941 0.02673528 0.084544704 0.040393771 0.051920794 0.033613445 0.03096402 0.026548673 0.021832797 0.051024936 0.078805288 0.049304554 0.047391882 0.034206054 0.043827545 0.033868091 0.042957714 0.024817494 0.048933182 0.027017922 0.033887216 0.030844156 -9999 -9999 -9999 -9999 -9999 -9999 -9999 -9999 -9999 -9999 -9999 -9999 -9999 -9999 -9999 -9999 -9999 -9999 -9999 -9999 -9999 -9999 -9999 -9999 -9999 -9999
0.075053465 0.0950327 0.05343474 0.080952548 0.085627927 0.069505338 0.086232405 0.10123302 0.071409211 0.049730324 0.052777771 0.063680121 0.026748975 0.030968111 0.025392922 0.040032647 0.054744526 0.048697582 0.080540782 0.033025522 0.051361319 0.062417831 0.080203268 0.036484229 0.063636364 0.036324769 0.098398949 0.030136258 0.083941358 0.027173913 0.03125 0.03965078 -9999 -9999 -9999 -9999 -9999 -9999 -9999 -9999 -9999 -9999 -9999 -9999 -9999 -9999 -9999 -9999 -9999 -9999 -9999 -9999 -9999 -9999 -9999 -9999
0.079418629 0.05827187 0.070704212 0.089873552 0.08006928 0.030526452 0.070950187 0.065820191 0.035402008 0.056088992 0.063703515 0.024057573 0.035933759 0.034824034 0.041035356 0.027689568 0.073098234 0.029690097 0.073434222 0.044485223 0.047920422 0.064849305 0.041578422 0.053993056 0.039804652 0.031280217 0.038888857 0.043990112 0.047320264 0.033664013 0.078898029 0.056442899 0.02361657 -9999 -9999 -9999 -9999 -9999 -9999 -9999 -9999 -9999 -9999 -9999 -9999 -9999 -9999 -9999 -9999 -9999 -9999 -9999 -9999 -9999 -9999 -9999
0.057784158 0.086506354 0.080876768 0.071728953 0.072220076 0.076403833 0.087528162 0.046445187 0.091991318 0.042767436 0.037666704 0.030107503 0.040330324 0.030232558 0.025272353 0.058347866 0.02719251 0.026776529 0.057190646 0.025132274 0.055967961 0.049703506 0.061684127 0.078286564 0.031746048 0.047949655 0.047534178 0.03787598 0.033109004 0.046995446 0.027777778 0.042558211 0.026365367 0.046114417 -9999 0.061209292 -9999 -9999 -9999 -9999 -9999 -9999 -9999 -9999 -9999 -9999 -9999 -9999 -9999 -9999 -9999 -9999 -9999 -9999 -9999 -9999
0.038908946 0.085446751 0.081326726 0.08212606 0.090758176 0.11514402 0.052280014 0.040740716 0.05333773 0.048209351 0.097858608 0.065228909 0.024252135 0.065655406 0.046033009 0.039273595 0.085980809 0.056119215 0.051403894 0.041262606 0.034027572 0.065187687 0.0400595 0.049024951 0.048640927 0.03966664 0.054417942 0.036869531 0.024088516 0.027380923 -9999 -9999 -9999 0.031712978 -9999 -9999 -9999 -9999 -9999 -9999 -9999 -9999 -9999 -9999 -9999 -9999 -9999 -9999 -9999 -9999 -9999 -9999 -9999 -9999 -9999 -9999
0.066584401 0.091732279 0.097784635 0.11046506 0.12599086 0.091089221 0.040760332 0.09682767 0.036224851 0.048114775 0.051745082 0.04572764 0.042676788 0.057853169 0.057076461 0.023374 0.07379881 0.10927146 0.084930522 0.082946214 0.06330749 0.045238093 0.03963252 0.023268377 0.074423551 0.021912351 0.045992179 0.039080392 0.037505174 0.029770527 -9999 -9999 -9999 -9999 -9999 -9999 -9999 -9999 -9999 -9999 -9999 -9999 -9999 -9999 -9999 -9999 -9999 -9999 -9999 -9999 -9999 -9999 -9999 -9999 -9999 -9999
0.056409624 0.10685045 0.086960192 0.10276589 0.080111001 0.11258067 0.055552638 0.081859943 0.06578299 0.091449072 0.079566419 0.093424136 0.035309953 0.039006388 0.043350628 0.079872989 0.058634536 0.069173568 0.072257278 0.052149105 0.058012836 0.03559322 0.026760062 0.062824746 0.030430711 0.046380104 0.045663981 0.035225897 0.06025641 0.026066652 -9999 -9999 -9999 -9999 -9999 -9999 -9999 -9999 -9999 -9999 -9999 -9999 -9999 -9999 -9999 -9999 -9999 -9999 -9999 -9999 -9999 -9999 -9999 -9999 -9999 -9999
0.061077158 0.092073736 0.090127473 0.10335535 0.093197361 0.078750246 0.092687471 0.044180132 0.055941765 0.05566109 0.048708873 0.027461916 0.051257178 0.048597502 0.043387762 0.052255644 0.067023511 0.042173913 0.030790631 0.053881556 0.073611232 0.057498176 0.075740877 0.031796145 0.053198979 0.048892208 0.050842146 0.037037037 0.025301229 0.023076923 -9999 -9999 -9999 -9999 -9999 -9999 -9999 -9999 -9999 -9999 -9999 -9999 -9999 -9999 -9999 -9999 -9999 -9999 -9999 -9999 -9999 -9999 -9999 -9999 -9999 -9999
0.087660309 0.073467049 0.062550015 0.037622611 0.065808071 0.07981599 0.078362 0.042248062 0.044585987 0.054654622 0.035131107 0.034399946 0.075010475 0.052564017 0.030590233 0.053358838 0.037242148 0.021657232 0.043408638 0.034357682 0.06179589 0.061114138 0.040581437 0.02983871 0.050511144 0.027117213 0.026699801 0.02585631 0.037847222 0.026035196 -9999 -9999 -9999 -9999 -9999 -9999 -9999 -9999 -9999 -9999 -9999 -9999 -9999 -9999 -9999 -9999 -9999 -9999 -9999 -9999 -9999 -9999 -9999 -9999 -9999 -9999
0.10900025 0.090343415 0.052105242 0.087292764 0.080629995 0.077696165 0.070543515 0.035555553 0.04677778 0.06677489 0.081541218 0.058524742 0.090683014 0.040684087 0.055397331 0.037293711 0.048414592 0.023274991 0.014841825 0.042694041 0.039475964 0.046609014 0.053256887 0.052275363 0.036864895 0.048374905 0.02743599 0.038302298 0.038293651 0.070992528 -9999 -9999 -9999 -9999 -9999 -9999 -9999 -9999 -9999 -9999 -9999 -9999 -9999 -9999 -9999 -9999 -9999 -9999 -9999 -9999 -9999 -9999 -9999 -9999 -9999 -9999
0.070352701 0.10173085 0.099932384 0.048787343 0.094241243 0.059563889 0.079425691 0.055543435 0.056475766 0.040069083 0.061029854 0.067411558 0.06613677 0.075612983 0.064078674 0.040025907 0.076744978 0.057516642 0.042372881 0.032101803 0.029279257 0.046119935 0.087850404 0.039006553 0.035989259 0.028371549 0.019616504 0.043583709 0.036687 0.045429448 -9999 -9999 -9999 -9999 -9999 -9999 -9999 -9999 -9999 -9999 -9999 -9999 -9999 -9999 -9999 -9999 -9999 -9999 -9999 -9999 -9999 -9999 -9999 -9999 -9999 -9999
0.12246303 0.076553132 0.062130196 0.089823578 0.097231119 0.12504294 0.10501914 0.068661252 0.076597786 0.074915356 0.055790883 0.079643464 0.076289565 0.058823529 0.039651806 0.063333321 0.044719134 0.01411009 0.053985483 0.06829093 0.043399714 0.033127225 0.059240766 0.046198829 0.047986455 0.059207354 0.026960783 0.020441594 0.030790969 0.026785714 -9999 -9999 -9999 -9999 -9999 -9999 -9999 -9999 -9999 -9999 -9999 -9999 -9999 -9999 -9999 -9999 -9999 -9999 -9999 -9999 -9999 -9999 -9999 -9999 -9999 -9999
0.10805766 0.071566803 0.098239191 0.08497423 0.091789872 0.086203696 0.047427984 0.067398145 0.05773167 0.072863697 0.098788784 0.085870709 0.078783339 0.02937329 0.039001368 0.051823178 0.038821159 0.052777748 0.058579789 0.038654602 0.031654454 0.047562877 0.054163265 0.054345528 0.076817015 0.079938241 0.028672931 0.029466666 0.067125864 0.052955206 0.037447178 0.044913399 0.038738689 0.025641026 -9999 -9999 -9999 -9999 -9999 -9999 -9999 -9999 -9999 -9999 -9999 -9999 -9999 -9999 -9999 -9999 -9999 -9999 -9999 -9999 -9999 -9999
0.067177135 0.067732532 0.088877679 0.087795251 0.075076023 0.098464686 0.068968655 0.08474339 0.067658023 0.09289863 0.077321846 0.037965694 0.074201278 0.032098754 0.087147741 0.034315083 0.067321294 0.026250015 0.050204877 0.02979284 0.075166411 0.034249498 0.054330709 0.073911836 0.05881583 0.054305027 0.054861083 0.021752426 0.025330035 0.03288192 0.035140482 0.047330737 0.035647953 0.034308277 0.039345599 -9999 -9999 -9999 -9999 -9999 -9999 -9999 -9999 -9999 -9999 -9999 -9999 -9999 -9999 -9999 -9999 -9999 -9999 -9999 -9999 -9999
0.065132356 0.064349128 0.04712734 0.064063923 0.061881889 0.10643953 0.077204092 0.10165693 0.077088808 0.05122528 0.095082836 0.048566652 0.043406377 0.079812542 0.026744274 0.1043155 0.03357388 0.044936187 0.050045895 0.11773169 0.055017301 0.034024909 0.060598704 0.050999275 0.025152343 0.071789177 0.063254633 0.0658473 0.040607751 0.041940063 0.033243208 0.028210373 0.046382204 0.022350584 0.018321489 0.025957929 -9999 -9999 -9999 -9999 -9999 -9999 -9999 -9999 -9999 -9999 -9999 -9999 -9999 -9999 -9999 -9999 -9999 -9999 -9999 -9999
0.070737336 0.046206511 0.099596414 0.039139161 0.039548006 0.081197604 0.039387967 0.072775281 0.081673495 0.067357531 0.067402612 0.07002176 0.07186713 0.057397326 0.017373697 0.080494464 0.044983244 0.044238441 0.054174196 0.063031154 0.066217216 0.058668926 0.042203714 0.034420272 0.030894305 0.045833333 0.025488093 0.025114938 0.043718162 0.028846154 0.054120923 0.03503139 0.060774557 0.02701033 0.027335277 0.050561798 0.02107141 -9999 -9999 -9999 -9999 -9999 -9999 -9999 -9999 -9999 -9999 -9999 -9999 -9999 -9999 -9999 -9999 -9999 -9999 -9999
