Data/GIS/C580Y/bfa-mvmt-marshall-tail-sq.asc
ncols         173
nrows         126
xllcorner     224227.65281
yllcorner     1039207.04677
cellsize      5000
NODATA_value  -9999
[rows 50 to 74 of 126, columns 0 to 55 of 173]
-9999 -9999 -9999 -9999 -9999 -9999 -9999 -9999 -9999 -9999 -9999 -9999 -9999 -9999 -9999 -9999 -9999 -9999 -9999 -9999 -9999 -9999 -9999 -9999 -9999 -9999 -9999 -9999 0.038449189 0.046818454 0.055698019 0.051728868 0.045769455 0.065009777 0.083468113 0.056387025 0.032277869 0.051044295 0.044070866 0.052052681 0.059720673 0.074614176 0.041488354 0.0426245 0.074922819 0.073805702 0.051445697 0.02273734 0.0569071 0.10317717 0.048223536 0.020440251 0.058998687 0.085167476 0.064569584 0.083863926
-9999 -9999 -9999 -9999 -9999 -9999 -9999 -9999 -9999 -9999 -9999 -9999 -9999 -9999 -9999 -9999 -9999 -9999 -9999 -9999 -9999 -9999 -9999 -9999 -9999 -9999 -9999 -9999 0.062521655 0.028340605 0.04462381 0.065692542 0.057899781 0.035127476 0.07418013 0.06365102 0.08789953 0.064510116 0.068922684 0.050102881 0.09440475 0.047018349 0.089118974 0.055682199 0.062573099 0.069548736 0.056693054 0.056850261 0.04944729 0.079105186 0.068684417 0.072317588 0.067000433 0.098046119 0.07664864 0.034303613
-9999 -9999 -9999 -9999 -9999 -9999 -9999 -9999 -9999 -9999 -9999 -9999 -9999 -9999 -9999 -9999 -9999 -9999 -9999 -9999 -9999 -9999 -9999 -9999 0.03844027 0.076894884 -9999 -9999 0.043921625 0.056738242 0.070724286 0.064892611 0.098513194 0.068292466 0.076891671 0.063642657 0.048131227 0.089299571 0.049120958 0.084069526 0.048550745 0.060304143 0.076802219 0.11188487 0.066804627 0.088786035 0.12506849 0.032249243 0.044857143 0.07265083 0.040285187 0.042710159 0.064011995 0.058602668 0.043641025 0.043593342
-9999 -9999 -9999 -9999 -9999 -9999 -9999 -9999 -9999 -9999 -9999 -9999 -9999 -9999 -9999 -9999 -9999 -9999 -9999 -9999 -9999 -9999 -9999 0.039295991 0.044126312 0.045687739 0.0736225 0.058806667 0.037442922 0.044596418 0.031113699 0.06946194 0.026508876 0.060820244 0.054048947 0.061875803 0.044472781 0.047533396 0.084167757 0.096159209 0.067258689 0.052026986 0.0375 0.038589658 0.054266658 0.072158515 0.050424068 0.094069956 0.070883197 0.087694623 0.05716514 0.051852772 0.044253783 0.076164454 0.059970083 0.088742281
-9999 -9999 -9999 -9999 -9999 -9999 -9999 -9999 -9999 -9999 -9999 -9999 -9999 -9999 -9999 -9999 -9999 -9999 -9999 -9999 -9999 -9999 -9999 0.059564711 0.12021395 0.041178113 0.027734375 0.046526024 0.071697453 0.049608737 0.052181818 0.052606399 0.10064216 0.073338752 0.04614943 0.082907524 0.061966605 0.076030337 0.05360604 0.040993265 0.037301508 0.066010247 0.065507217 0.065000078 0.056421406 0.028339759 0.053375828 0.03646789 0.07560607 0.070230144 0.05801151 0.056057441 0.11289043 0.066783212 0.042683026 0.050143703
-9999 -9999 -9999 -9999 -9999 -9999 -9999 -9999 -9999 -9999 -9999 -9999 -9999 -9999 -9999 -9999 -9999 -9999 -9999 -9999 -9999 -9999 -9999 -9999 0.068053761 0.069966684 0.05539979 0.052235962 0.052101502 0.11125911 0.056747855 0.056192119 0.063070475 0.077963846 0.065508272 0.035119188 0.051907157 0.062487558 0.08609219 0.058850604 0.046228708 0.0639538 0.036777462 0.071195652 0.057454118 0.070806659 0.069744979 0.054677921 0.052075621 0.038557724 0.048339734 0.053240176 0.054652238 0.066182171 0.059923593 0.060044776
-9999 -9999 -9999 -9999 -9999 -9999 -9999 -9999 -9999 -9999 -9999 -9999 -9999 -9999 -9999 -9999 -9999 -9999 -9999 -9999 -9999 -9999 -9999 -9999 -9999 0.043743674 0.046464625 0.043964165 0.052659573 0.030906165 0.093931864 0.025875471 0.069250356 0.041832207 0.051683105 0.04649117 0.041666667 0.083616533 0.053042323 0.056989274 0.095991146 0.054491723 0.038472225 0.033277592 0.060480054 0.07578509 0.085712395 0.061120463 0.055209401 0.061533051 0.063575337 0.052766518 0.092085814 0.050151569 0.056430105 0.08962583
-9999 -9999 -9999 -9999 -9999 -9999 -9999 -9999 -9999 -9999 -9999 -9999 -9999 -9999 -9999 -9999 -9999 -9999 -9999 -9999 -9999 -9999 -9999 -9999 0.055123511 0.050510011 0.036395707 0.032324163 0.062944636 0.047840061 0.042156863 0.060509091 0.1445114 0.046422761 0.031915789 0.065993727 0.071653571 0.033831247 0.069623766 0.050068391 0.049316401 0.058204205 0.090709614 0.074724753 0.066803472 0.064961479 0.10492017 0.048891769 0.063630105 0.062777704 0.066029371 0.084456325 0.054286414 0.043964125 0.084011844 0.059747917
-9999 -9999 -9999 -9999 -9999 -9999 -9999 -9999 -9999 -9999 -9999 -9999 -9999 -9999 -9999 -9999 -9999 -9999 -9999 -9999 -9999 -9999 -9999 -9999 0.039670482 0.042763322 0.053483642 0.041098506 0.050354471 0.032530522 0.059316147 0.10334042 0.1222078 0.034090909 0.043039753 0.045545546 0.049592157 0.078259033 0.063578978 0.047210893 0.039659131 0.064519547 0.050423286 0.052250106 0.053637319 0.083444256 0.060819032 0.052776821 0.030938353 0.064829394 0.062597034 0.077777576 0.029396864 0.060711392 0.060552632 0.055697222
-9999 -9999 -9999 -9999 -9999 -9999 -9999 -9999 -9999 -9999 -9999 -9999 -9999 -9999 -9999 -9999 -9999 -9999 -9999 -9999 -9999 -9999 -9999 -9999 0.038815009 0.043291375 0.085897133 0.070665068 0.10637384 0.047829748 0.047570355 0.055647066 0.062486893 0.065068753 0.072374227 0.06141099 0.064118577 0.080823278 0.067492198 0.054445229 0.052504744 0.047799095 0.074378109 0.082637593 0.073786691 0.044571123 0.063871488 0.068248883 0.066170978 0.058107966 0.10724296 0.053151712 0.045476214 0.051876266 0.077322857 0.057337119
-9999 -9999 -9999 -9999 -9999 -9999 -9999 -9999 -9999 -9999 -9999 -9999 -9999 -9999 -9999 -9999 -9999 -9999 -9999 -9999 -9999 -9999 -9999 -9999 0.092610911 0.050652075 0.053184256 0.050166937 0.056831779 0.066146314 0.042082397 0.057545013 0.099488775 0.052862534 0.092039112 0.051943644 0.045229227 0.080107212 0.083079332 0.088385392 0.06079145 0.040821241 0.043310418 0.057459688 0.055508964 0.07153594 0.040571777 0.046942978 0.04850744 0.082289716 0.057473705 0.047641229 0.050055166 0.0687778 0.064540989 0.046687529
-9999 -9999 -9999 -9999 -9999 -9999 -9999 -9999 -9999 -9999 -9999 -9999 -9999 -9999 -9999 -9999 -9999 -9999 -9999 -9999 -9999 -9999 -9999 0.080586136 0.050132246 0.065135744 0.057693199 0.038012836 0.05415309 0.065680657 0.053576774 0.11239833 0.046774367 0.069163671 0.067452446 0.063597294 0.05103308 0.056938096 0.039583212 0.06937517 0.053343434 0.1000506 0.061064029 0.1272024 0.07743447 0.040034818 0.09344862 0.082501208 0.052216291 0.062117744 0.080366844 0.044916015 0.055970937 0.069429786 0.088518667 0.046390765
-9999 -9999 -9999 -9999 -9999 -9999 -9999 -9999 -9999 -9999 -9999 -9999 -9999 -9999 -9999 -9999 -9999 -9999 -9999 -9999 -9999 -9999 0.044047614 0.0648788 0.051023395 0.048033755 0.065011636 0.073310909 0.074501412 0.062028004 0.058662975 0.085675707 0.043019974 0.076257808 0.055698385 0.060718028 0.050543478 0.066011815 0.057874384 0.039926758 0.050012491 0.054818777 0.096553122 0.059989786 0.048658417 0.081267236 0.074008677 0.07930363 0.048337678 0.042623177 0.053754922 0.043336303 0.06191175 0.052683366 0.052854024 0.057056587
-9999 -9999 -9999 -9999 -9999 -9999 -9999 -9999 -9999 -9999 -9999 -9999 -9999 -9999 -9999 -9999 -9999 -9999 -9999 -9999 -9999 0.087179538 0.04620972 0.04460945 0.043864487 0.074850222 0.029963414 0.086480767 0.05158747 0.063131316 0.066686578 0.10133022 0.066526075 0.05173911 0.081050633 0.056023183 0.10692358 0.024969733 0.038492083 0.056924769 0.037589831 0.069138114 0.079240548 0.039366905 0.034677419 0.065730707 0.089497311 0.045308265 0.073289808 0.040100721 0.072972718 0.072084791 0.037495607 0.036497316 0.092009661 0.073692249
-9999 -9999 -9999 -9999 -9999 -9999 -9999 -9999 -9999 -9999 -9999 -9999 -9999 -9999 -9999 -9999 -9999 -9999 -9999 -9999 -9999 0.048725693 0.11956206 0.089861398 0.099203333 0.058004408 0.04726026 0.03919723 0.048030119 0.077826489 0.03903705 0.058796422 0.077814311 0.11020765 0.035480756 0.061355635 0.071670758 0.050233178 0.083531844 0.057344631 0.066190476 0.063316346 0.040167887 0.053586665 0.05713332 0.086232097 0.047753303 0.047154651 0.04702337 0.064114833 0.078690478 0.059632523 0.040850825 0.06724513 0.056807699 0.070300279
-9999 -9999 -9999 -9999 -9999 -9999 -9999 -9999 -9999 -9999 -9999 -9999 -9999 -9999 -9999 -9999 -9999 -9999 -9999 -9999 -9999 0.069047589 0.045490153 0.052020212 0.05673397 0.09282181 0.051820989 0.070631832 0.041741597 0.066853111 0.089948298 0.074004386 0.036459275 0.047251448 0.072698858 0.028374338 0.084620506 0.039343333 0.038095222 0.049242409 0.044022082 0.087150656 0.041195072 0.048504236 0.081128641 0.054308388 0.045874165 0.091411767 0.083293987 0.060650952 0.10583823 0.058090822 0.046818414 0.047992778 0.052435502 0.063374469
-9999 -9999 -9999 -9999 -9999 -9999 -9999 -9999 -9999 -9999 -9999 -9999 -9999 -9999 -9999 -9999 -9999 -9999 -9999 0.066872469 0.033333353 0.050474959 0.086818173 0.04252214 0.041359492 0.07557868 0.050623724 0.074277556 0.071043841 0.043465509 0.066455193 0.054667938 0.079845902 0.069672293 0.037211797 0.051404011 0.03147482 0.082691195 0.058107676 0.05434 0.063260632 0.042884907 0.034500465 0.10643777 0.085461955 0.053068651 0.065339493 0.04887814 0.075493931 0.057774095 0.054592825 0.056026028 0.043573789 0.044359266 0.035165272 0.060375275
-9999 -9999 -9999 -9999 -9999 -9999 -9999 -9999 -9999 -9999 -9999 -9999 -9999 -9999 -9999 -9999 -9999 -9999 0.10951648 0.057247244 0.078223648 0.093404917 0.052000055 0.050137016 0.081017104 0.069258614 0.049220151 0.049875511 0.064038931 0.07903147 0.055204787 0.096194584 0.081315581 0.052945339 0.07571288 0.03847907 0.077747482 0.040711317 0.073444712 0.038562078 0.064971363 0.066908011 0.057440636 0.083235583 0.048969221 0.055421347 0.055965081 0.085449735 0.042850868 0.041785777 0.064677723 0.059097071 0.067809272 0.047456811 0.045259431 0.070234959
-9999 -9999 -9999 -9999 -9999 -9999 -9999 -9999 -9999 -9999 -9999 -9999 0.089429513 0.11414399 0.033538238 0.035451992 0.069916437 0.056576385 0.068141853 0.049465155 0.080049708 0.063535305 0.035138575 0.034608388 0.057815 0.043506364 0.057147383 0.055320469 0.067074752 0.029309305 0.056932733 0.026688568 0.046567997 0.048872771 0.034852646 0.058707194 0.079908604 0.053857517 0.075751868 0.0573307 0.040826348 0.073953715 0.046901725 0.046206297 0.035786256 0.056704679 0.078162535 0.052737201 0.052311101 0.033286589 0.079225834 0.061146273 0.044050242 0.067259291 0.044677391 0.047792029
-9999 -9999 -9999 -9999 -9999 -9999 -9999 -9999 0.045522597 0.037998932 0.040112433 0.061674686 0.0504741 0.073506239 0.075660844 0.037267619 0.02756538 0.10070681 0.039961035 0.058316865 0.080983864 0.054828735 0.063305993 0.067814222 0.049169006 0.091932751 0.059649374 0.073394406 0.066717739 0.056161577 0.064476205 0.094127359 0.08222708 0.055138328 0.052952809 0.060288377 0.045967655 0.069447352 0.07210925 0.064242216 0.044757793 0.091937311 0.061664899 0.050287549 0.051905957 0.064996486 0.040816441 0.0856256 0.067982376 0.049262475 0.041160289 0.044980781 0.05824625 0.057337855 0.1133852 0.045685265
-9999 -9999 -9999 -9999 -9999 -9999 -9999 0.032973621 0.063799422 0.058303226 0.045636286 0.090657294 0.042644947 0.040908473 0.037485344 0.11232803 0.066405314 0.050395773 0.041591069 0.059746585 0.081840291 0.066221634 0.042943647 0.036334903 0.046585386 0.036375726 0.083724379 0.036551928 0.050336074 0.11569428 0.044619155 0.03635178 0.083901962 0.055123335 0.062290419 0.053820475 0.037922204 0.062498931 0.07075559 0.056566519 0.051095569 0.064040793 0.04745935 0.05122549 0.057995898 0.052300674 0.072290585 0.051596991 0.072581941 0.04584806 0.054769546 0.066512143 0.059745976 0.04564832 0.043634617 0.038079215
-9999 -9999 -9999 -9999 -9999 -9999 0.059278602 0.024853423 0.045342104 0.039039487 0.070248874 0.051523447 0.055165318 0.073100702 0.071685335 0.053823257 0.033439064 0.078877594 0.035328197 0.058512809 0.056921455 0.056623725 0.082216121 0.033059629 0.042208906 0.083119738 0.02927638 0.058644005 0.072122008 0.056165474 0.060201935 0.028112788 0.051295545 0.037550906 0.074370388 0.066284179 0.050828815 0.068799848 0.094039509 0.070250407 0.078251702 0.03724253 0.059763211 0.034685187 0.050422302 0.047252283 0.043387576 0.058066122 0.09184179 0.050960132 0.07526965 0.057868285 0.046982976 0.040088383 0.044527489 0.052540107
-9999 -9999 -9999 0.032567046 0.055598563 0.076154595 0.099338174 0.050551421 0.054590772 0.041372258 0.069155401 0.040629057 0.038490682 0.046625046 0.11079566 0.079997208 0.042517514 0.06408665 0.052640142 0.052345011 0.047231084 0.042106627 0.060776333 0.04048248 0.054080229 0.084823706 0.037508753 0.056448883 0.087006468 0.097893149 0.092805911 0.073769293 0.069840015 0.035488528 0.054508841 0.061351881 0.069624675 0.081312575 0.035584448 0.033378755 0.030108992 0.051190415 0.047021738 0.067050805 0.055696362 0.060015335 0.11632314 0.069227594 0.049727777 0.073983544 0.059637231 0.084487379 0.047208319 0.037100457 0.07533513 0.072364376
-9999 -9999 -9999 -9999 -9999 0.032763504 0.060096066 0.046496578 0.046533627 0.053228745 0.036306685 0.064620442 0.053789667 0.037088728 0.044346196 0.11151881 0.06567716 0.056880487 0.07553045 0.073785131 0.055094683 0.051188788 0.05419662 0.084652704 0.060793842 0.065625201 0.076482111 0.07254041 0.052020208 0.056359021 0.045564151 0.050436396 0.04151327 0.042376682 0.12180044 0.07283105 0.059226109 0.051724937 0.058425452 0.056539375 0.078029211 0.033715596 0.063161242 0.089024411 0.054345783 0.099273765 0.047250595 0.062041432 0.042813891 0.060902271 0.052796878 0.03025786 0.040231646 0.087182995 0.084419155 0.13286585
-9999 -9999 -9999 -9999 -9999 -9999 0.091012632 0.06730672 0.050473248 0.038395861 0.050667158 0.05178956 0.050212485 0.053586267 0.046591848 0.045634915 0.12039111 0.059333987 0.035826066 0.033440179 0.060844706 0.082468956 0.08077014 0.070542563 0.058196721 0.055098035 0.061098855 0.064466377 0.06517367 0.10803272 0.040340913 0.054 0.05365963 0.056010945 0.048174619 0.070723816 0.097005822 0.05948476 0.048055556 0.046124033 0.049186992 0.074528711 0.044555788 0.037444994 0.065740295 0.078088106 0.069616957 0.038638271 0.064969415 0.040021686 0.083312086 0.031060398 0.043271072 0.038884192 0.039195579 0.042246644
