Data/GIS/C580Y/bfa-mvmt-marshall-tuned-sq.asc
ncols         173
nrows         126
xllcorner     224227.65281
yllcorner     1039207.04677
cellsize      5000
NODATA_value  -9999
[rows 75 to 99 of 126, columns 56 to 111 of 173]
0.048246787 0.04979362 0.084341639 0.067877992 0.10412905 0.07476196 0.055050485 0.057629191 0.11231915 0.048854188 0.04911702 0.039748287 0.10556047 0.042958984 0.050531878 0.058371736 0.042539118 0.063429804 0.11975081 0.058289324 0.074343 0.080179929 0.093132888 0.072103008 0.064948756 0.065790165 0.051988744 0.091546781 0.085185158 0.040689309 0.087391982 0.078560605 0.075054244 0.063235015 0.07546617 0.079545455 0.051832149 0.084407816 0.096640532 0.100828 0.083465893 0.07578757 0.076853743 0.058466244 0.081833411 0.056540861 0.11772885 0.095802344 0.073469111 0.073318042 0.10121281 0.043794261 0.082341617 0.058332221 0.06794552 0.060158011
0.046603728 0.07005015 0.053630496 0.055305471 0.04530038 0.11386044 0.070283247 0.05399593 0.12902585 0.040644637 0.060791401 0.057501742 0.049309663 0.045854886 0.053401359 0.052717391 0.08297113 0.065824526 0.062036992 0.048800124 0.064718187 0.1175904 0.043129441 0.056201779 0.075487494 0.052033459 0.090408712 0.051840494 0.052355282 0.10179579 0.089383027 0.042853166 0.070684519 0.12043175 0.088410801 0.081587429 0.080649 0.042854763 0.068617359 0.074181166 0.09353949 0.089528135 0.094644834 0.1015843 0.06408198 0.085793957 0.069684496 0.099863388 0.071891126 0.13519181 0.070166263 0.10224116 0.048667733 0.06622162 0.0741115 0.10547797
0.044884485 0.053939364 0.072689076 0.069193798 0.081397532 0.084250873 0.11231696 0.087953839 0.042904571 0.051727768 0.070813325 0.054391771 0.057638066 0.074584091 0.06659311 0.07170823 0.070517182 0.067234137 0.07746573 0.067786614 0.054876631 0.046079442 0.073936186 0.071618222 0.10153701 0.082322435 0.095991525 0.07868654 0.074252788 0.046555695 0.11070824 0.062964188 0.071321486 0.057565967 0.045469682 0.049428088 0.084571571 0.089503834 0.051939698 0.063692919 0.062179491 0.066685837 0.081379215 0.070183947 0.070954947 0.040940767 0.12527642 0.085700702 0.066661595 0.10761896 0.075551673 0.064600306 0.041472363 0.084525031 0.0630982 0.073449067
0.0633095 0.053794008 0.049514328 0.087410557 0.060334224 0.094242406 0.073567364 0.076866309 0.10874703 0.059813965 0.057089264 0.075227559 0.035641154 0.083887963 0.05393 0.045166815 0.068159619 0.073828061 0.067847792 0.062838407 0.039199104 0.083811915 0.054455713 0.067276699 0.065302892 0.107279 0.12713174 0.04320366 0.05925914 0.063223653 0.094396182 0.074566932 0.057708346 0.055555535 0.072335025 0.060659105 0.054340836 0.11120627 0.076346391 0.070211052 0.08439129 0.06245457 0.063741301 0.10403223 0.077436058 0.072805668 0.053959874 0.054897335 0.10972909 0.064387436 0.081521739 0.081033099 0.07391963 0.057153088 0.052457212 0.055619742
0.071618259 0.056902323 0.029678837 0.042847788 0.093853953 0.08608942 0.087539616 0.059349055 0.062603331 0.045955228 0.098412456 0.08237842 0.058627761 0.047431758 0.073517219 0.063667491 0.076885861 0.084661238 0.043702405 0.089979008 0.033068304 0.076647123 0.13240611 0.065260439 0.078080925 0.065308028 0.10839495 0.054087093 0.052318316 0.080267004 0.057963491 0.11809726 0.059506498 0.054493446 0.046309818 0.066161274 0.054198473 0.10262237 0.066985137 0.055783582 0.052272686 0.053194433 0.06719172 0.039393961 0.037992167 0.052313213 0.081187294 0.11327373 0.074309109 0.089967105 0.080774251 0.10744704 0.096253488 0.092156463 0.075101327 0.051197741
0.064483638 0.084612406 0.07250821 0.073947269 0.086751743 0.077815266 0.057035415 0.077580794 0.044593214 0.056134969 0.11196041 0.05864844 0.064542935 0.069190302 0.079976352 0.093943391 0.099800139 0.058922424 0.044556929 0.07360525 0.034135426 0.045238014 0.053095093 0.091685171 0.09753954 0.060144336 0.055309228 0.099578103 0.050580742 0.053605113 0.062636991 0.051599323 0.033402005 0.056485656 0.11608261 0.04450968 0.065962 0.06724555 0.065222796 0.077985467 0.063562272 0.089841267 0.060861774 0.052332753 0.080345299 0.07107831 0.099603322 0.073936454 0.10899945 0.068919982 0.12293018 0.056112693 0.087457037 0.076925146 0.059030538 0.11563285
0.069742402 0.10601521 0.078970488 0.034901941 0.072417577 0.096928873 0.071735176 0.064003418 0.033004286 0.050175926 0.043251552 0.045623889 0.079393948 0.027824847 0.077974058 0.076433224 0.043800397 0.091399255 0.074787756 0.081437617 0.033263319 0.05019933 0.049507734 0.068890983 0.12995394 0.078934643 0.063910658 0.098656934 0.038219558 0.045745909 0.036642493 0.10291403 0.056107419 0.052811391 0.044477381 0.053515067 0.063699036 0.079013687 0.070422846 0.088847386 0.07329183 0.069876159 0.062941004 0.065284953 0.09663214 0.076447838 0.052875083 0.076181104 0.087539598 0.063568802 0.045458449 0.11408653 0.070020069 0.069188264 0.075063562 0.085975452
0.050274815 0.036343138 0.08043553 0.054788041 0.087255515 0.051942988 0.036808085 0.12036499 0.076894926 0.082428993 0.080230396 0.051977401 0.076818759 0.079769949 0.0686381 0.038709754 0.063714139 0.091823341 0.062468285 0.066145405 0.067818724 0.062871952 0.054519788 0.047277023 0.088116555 0.073669351 0.035652707 0.031588333 0.042727056 0.083809811 0.038597674 0.046362646 0.091005206 0.039442766 0.077907347 0.070329785 0.065124482 0.081141395 0.061706369 0.051760613 0.093642234 0.035288086 0.072031132 0.078768626 0.048027894 0.056361973 0.061754321 0.067226343 0.061855977 0.097764189 0.056650254 0.066506842 0.07492998 0.06724403 0.080717302 0.063384366
0.1001094 0.076401121 0.05035571 0.10175412 0.046921159 0.074573003 0.16584325 0.066768574 0.087382779 0.048914536 0.055724415 0.05458942 0.051629071 0.040807436 0.092122785 0.079214373 0.058624152 0.077674069 0.046300391 0.048026101 0.056498572 0.081457866 0.05306764 0.062982368 0.061420295 0.092281475 0.084488425 0.05288625 0.054301022 0.047590129 0.083464946 0.094994569 0.057943653 0.12137633 0.070358306 0.09792933 0.060631931 0.042577029 0.052424182 0.069623656 0.082195241 0.088602129 0.08398432 0.057683213 0.085793349 0.064147262 0.056291391 0.089966651 0.076481344 0.074879227 0.05183665 0.092122068 0.076340276 0.073272961 0.10833333 0.081631477
0.049778527 0.074045802 0.095104063 0.099083968 0.03363535 0.067397676 0.058476645 0.06401213 0.06611785 0.077940343 0.081579108 0.073119514 0.093504272 0.081010794 0.060225357 0.057863857 0.080179524 0.070340738 0.053494521 0.05551529 0.10370841 0.060480701 0.087732861 0.046958308 0.096204911 0.044891288 0.044010417 0.10709386 0.073660018 0.041666688 0.037648036 0.048799963 0.081025536 0.059416507 0.047662174 0.067430962 0.083542559 0.061659833 0.068671712 0.075434752 0.055065343 0.050376294 0.045714286 0.068548306 0.071666643 0.051801816 0.059050788 0.086595013 0.071330124 0.063159807 0.05259059 0.0542284 0.080582823 0.10044208 0.076426912 0.056518919
0.092250553 0.10221968 0.10206644 0.055933636 0.087808642 0.067470841 0.058954693 0.07696916 0.077041532 0.075541711 0.054350905 0.076734365 0.061011938 0.044594595 0.043478261 0.058990159 0.040862702 0.088122975 0.049245862 0.071088587 0.055438593 0.096918453 0.041706084 0.061520751 0.057007431 0.049748932 0.079506148 0.070557333 0.056922692 0.031185326 0.074585157 0.055846226 0.042445467 0.053428995 0.05634919 0.032024781 0.083483893 0.13592461 0.062186072 0.099524016 0.044189204 0.050613424 0.076817543 0.10503173 0.072721771 0.050747859 0.049261441 0.061535514 0.05951289 0.069397908 0.070826618 0.099797052 0.086392472 0.10713092 0.051401141 0.081984567
0.035969788 0.073902294 0.06916667 0.061023646 0.050369958 0.064200847 0.044580937 0.054294031 0.079347822 0.082285424 0.0434375 0.070567376 0.051141575 0.051388858 0.053731913 0.043977588 0.074528109 0.050300849 0.088465171 0.086269757 0.090882481 0.12198185 0.063524458 0.059228383 0.090164098 0.13829863 0.083880856 0.051515152 0.03458335 0.091526981 0.081865759 0.038691712 0.070160749 0.074830097 0.047569458 0.06555368 0.069852 0.057413712 0.080478592 0.11903004 0.11690393 0.073024954 0.05637717 0.07475086 0.087991266 0.048376103 0.090892711 0.050427349 0.076351351 0.096851926 0.10569955 0.06867824 0.082692371 0.071565238 0.056766626 0.10158879
0.066432419 0.095873417 0.053542081 0.059469664 0.060041366 0.073439978 0.050910153 0.039764511 0.059219851 0.057866075 0.04629627 0.081760962 0.068519887 0.051531164 0.043955078 0.055223854 0.044230384 0.054387269 0.08059037 0.092118595 0.069155114 0.10062577 0.069962908 0.054487679 0.053778378 0.08024205 0.030303032 0.045893696 0.048220972 0.0561 0.065162872 0.11175427 0.037540463 0.064629665 0.1062376 0.037918889 0.046453632 0.038728324 0.060884337 0.074110517 0.068216255 0.060274659 0.048210302 0.085996607 0.059851014 0.10239411 0.0545225 0.080961586 0.058206107 0.096443533 0.084385762 0.078088377 0.12577695 0.084201289 0.066049361 0.10589352
0.078245098 0.05707702 0.060274219 0.069907431 0.043115942 0.084539284 0.06915636 0.09309996 0.072109899 0.053571429 0.075775192 0.04790356 0.057881237 0.084691317 0.064204332 0.09340716 0.066580996 0.1109251 0.1005112 0.076387271 0.072453857 0.068650866 0.089555662 0.074272551 0.060190928 0.05123508 0.074707475 0.058563536 0.14059064 0.058701674 0.048183856 0.036089774 0.051295068 0.04253474 0.039102556 0.034534518 0.060722401 0.058333372 0.049215706 0.061533949 0.086020686 0.093409 0.1081078 0.12903878 0.07339199 0.066473977 0.10947669 0.09902222 0.12908198 0.12037938 0.058033219 0.058241069 0.080274931 0.055992468 0.098531505 -9999
0.070743692 0.04722377 0.066143706 0.045305948 0.058404244 0.064399828 0.071506657 0.069444444 0.12320571 0.040021021 0.070992234 0.11163368 0.029841716 0.04932905 0.043044729 0.047913817 0.15365706 0.046319695 0.079995564 0.10651754 0.047632788 0.13242258 0.073564248 0.097559745 0.076096793 0.062140567 0.059722222 0.0389524 0.081236199 0.047160444 0.050926652 0.054497815 0.047195891 0.05463399 0.058781908 0.12621543 0.055645081 0.08448888 0.049363057 0.052827366 0.095598571 0.074575255 0.075572588 0.10456927 0.090974084 0.067538962 0.072583763 0.1030468 0.10022519 0.10787713 0.072967095 0.029427732 0.059866221 0.09210738 0.10351685 -9999
0.096823664 0.049171832 0.094592578 0.067509326 0.13185938 0.039211899 0.02975394 0.05 0.068908489 0.04341087 0.036877374 0.055348209 0.046809512 0.062993011 0.063075328 0.089508179 0.068198998 0.06680193 0.10373021 0.087192609 0.038056692 0.051751825 0.10505761 0.047211646 0.084775625 0.076762058 0.0581111 0.038366957 0.080649771 0.089069929 -9999 -9999 -9999 -9999 0.051851889 0.039342381 0.088705149 0.065628202 0.078073807 0.072629817 -9999 -9999 0.076679841 0.081333943 0.076772374 0.096142361 -9999 0.089122153 0.070671378 0.066927232 0.046497609 0.046705424 0.056146677 0.083845615 -9999 -9999
0.071521368 0.081157515 0.057755044 -9999 -9999 -9999 -9999 -9999 -9999 -9999 -9999 -9999 -9999 -9999 -9999 -9999 -9999 -9999 -9999 -9999 -9999 -9999 -9999 -9999 -9999 -9999 -9999 -9999 -9999 -9999 -9999 -9999 -9999 -9999 -9999 -9999 -9999 -9999 -9999 -9999 -9999 -9999 -9999 -9999 -9999 -9999 -9999 -9999 -9999 -9999 0.081788738 0.037878745 -9999 -9999 -9999 -9999
0.09609117 0.11401485 0.063206668 -9999 -9999 -9999 -9999 -9999 -9999 -9999 -9999 -9999 -9999 -9999 -9999 -9999 -9999 -9999 -9999 -9999 -9999 -9999 -9999 -9999 -9999 -9999 -9999 -9999 -9999 -9999 -9999 -9999 -9999 -9999 -9999 -9999 -9999 -9999 -9999 -9999 -9999 -9999 -9999 -9999 -9999 -9999 -9999 -9999 -9999 -9999 -9999 0.072033898 -9999 -9999 -9999 -9999
0.11546758 0.077095249 -9999 -9999 -9999 -9999 -9999 -9999 -9999 -9999 -9999 -9999 -9999 -9999 -9999 -9999 -9999 -9999 -9999 -9999 -9999 -9999 -9999 -9999 -9999 -9999 -9999 -9999 -9999 -9999 -9999 -9999 -9999 -9999 -9999 -9999 -9999 -9999 -9999 -9999 -9999 -9999 -9999 -9999 -9999 -9999 -9999 -9999 -9999 -9999 -9999 -9999 -9999 -9999 -9999 -9999
0.049732108 0.0720329 -9999 -9999 -9999 -9999 -9999 -9999 -9999 -9999 -9999 -9999 -9999 -9999 -9999 -9999 -9999 -9999 -9999 -9999 -9999 -9999 -9999 -9999 -9999 -9999 -9999 -9999 -9999 -9999 -9999 -9999 -9999 -9999 -9999 -9999 -9999 -9999 -9999 -9999 -9999 -9999 -9999 -9999 -9999 -9999 -9999 -9999 -9999 -9999 -9999 -9999 -9999 -9999 -9999 -9999
0.04606227 0.048579955 -9999 -9999 -9999 -9999 -9999 -9999 -9999 -9999 -9999 -9999 -9999 -9999 -9999 -9999 -9999 -9999 -9999 -9999 -9999 -9999 -9999 -9999 -9999 -9999 -9999 -9999 -9999 -9999 -9999 -9999 -9999 -9999 -9999 -9999 -9999 -9999 -9999 -9999 -9999 -9999 -9999 -9999 -9999 -9999 -9999 -9999 -9999 -9999 -9999 -9999 -9999 -9999 -9999 -9999
0.03390589 -9999 -9999 -9999 -9999 -9999 -9999 -9999 -9999 -9999 -9999 -9999 -9999 -9999 -9999 -9999 -9999 -9999 -9999 -9999 -9999 -9999 -9999 -9999 -9999 -9999 -9999 -9999 -9999 -9999 -9999 -9999 -9999 -9999 -9999 -9999 -9999 -9999 -9999 -9999 -9999 -9999 -9999 -9999 -9999 -9999 -9999 -9999 -9999 -9999 -9999 -9999 -9999 -9999 -9999 -9999
0.053119388 -9999 -9999 -9999 -9999 -9999 -9999 -9999 -9999 -9999 -9999 -9999 -9999 -9999 -9999 -9999 -9999 -9999 -9999 -9999 -9999 -9999 -9999 -9999 -9999 -9999 -9999 -9999 -9999 -9999 -9999 -9999 -9999 -9999 -9999 -9999 -9999 -9999 -9999 -9999 -9999 -9999 -9999 -9999 -9999 -9999 -9999 -9999 -9999 -9999 -9999 -9999 -9999 -9999 -9999 -9999
-9999 -9999 -9999 -9999 -9999 -9999 -9999 -9999 -9999 -9999 -9999 -9999 -9999 -9999 -9999 -9999 -9999 -9999 -9999 -9999 -9999 -9999 -9999 -9999 -9999 -9999 -9999 -9999 -9999 -9999 -9999 -9999 -9999 -9999 -9999 -9999 -9999 -9999 -9999 -9999 -9999 -9999 -9999 -9999 -9999 -9999 -9999 -9999 -9999 -9999 -9999 -9999 -9999 -9999 -9999 -9999
0.066278871 -9999 -9999 -9999 -9999 -9999 -9999 -9999 -9999 -9999 -9999 -9999 -9999 -9999 -9999 -9999 -9999 -9999 -9999 -9999 -9999 -9999 -9999 -9999 -9999 -9999 -9999 -9999 -9999 -9999 -9999 -9999 -9999 -9999 -9999 -9999 -9999 -9999 -9999 -9999 -9999 -9999 -9999 -9999 -9999 -9999 -9999 -9999 -9999 -9999 -9999 -9999 -9999 -9999 -9999 -9999
