Data/GIS/C580Y/bfa-mvmt-travel-stock-sq.asc
ncols         173
nrows         126
xllcorner     224227.65281
yllcorner     1039207.04677
cellsize      5000
NODATA_value  -9999
[rows 75 to 99 of 126, columns 56 to 111 of 173]
0.062069306 0.035491809 0.034095795 0.045293541 0.098075724 0.051203685 0.10394122 0.039426522 0.0466296 0.042248664 0.11415532 0.074695122 0.045031094 0.043742191 0.026023392 0.043439716 0.065527094 0.043556103 0.099182798 0.076849931 0.06308546 0.068705737 0.050368651 0.054830579 0.068402728 0.076338943 0.046519895 0.049302978 0.095310514 0.051277412 0.064531529 0.028423271 0.069970609 0.062527724 0.026408451 0.04063784 0.029802246 0.077507358 0.056557927 0.079219154 0.098887797 0.10110669 0.079120652 0.030729157 0.041853065 0.053152206 0.072876847 0.057086614 0.055092124 0.065280144 0.064107197 0.044811896 0.060473244 0.073062714 0.05910878 0.094185033
0.038000293 0.033914767 0.045360856 0.069904743 0.052045298 0.06793381 0.076415742 0.033397248 0.073071883 0.10448936 0.064725269 0.061922021 0.07274289 0.019087542 0.026972623 0.026037583 0.042451435 0.098478354 0.041800207 0.054649105 0.071497836 0.051416887 0.061919292 0.029279257 0.027089103 0.083880076 0.072002733 0.085294183 0.063908046 0.06934111 0.05044219 0.035078534 0.028358209 0.02752978 0.06460245 0.033787199 0.058185973 0.094540527 0.094178137 0.10666706 0.039366895 0.085466036 0.096991445 0.081437851 0.061080747 0.050667909 0.045973764 0.053357116 0.062795593 0.038779572 0.074976067 0.050907036 0.072396519 0.077824147 0.1019087 0.078453056
0.07688172 0.040926616 0.056818182 0.049638492 0.08787332 0.07466644 0.051603891 0.072786971 0.058805587 0.045883091 0.039014193 0.062311254 0.074364506 0.035534167 0.024414062 0.078632497 0.024046175 0.045249747 0.056088561 0.064693543 0.078897932 0.11248989 0.065264175 0.064043444 0.062237478 0.08650949 0.056125412 0.05770462 0.0428479 0.033262794 0.031067237 0.035102469 0.025392651 0.021506076 0.031319886 0.03572566 0.030448702 0.052324225 0.08627673 0.064976151 0.03533533 0.048949535 0.097396604 0.055959365 0.044540302 0.070643939 0.0434424 0.037551451 0.057441697 0.080032101 0.052248299 0.083118424 0.074726795 0.070596353 0.058979931 0.06248394
0.0315855 0.052184233 0.073835514 0.057576188 0.030998165 0.059961277 0.037076188 0.041243968 0.035758875 0.045783851 0.055303032 0.057003231 0.062820529 0.068729757 0.046428048 0.044544081 0.057967591 0.059929227 0.061645127 0.051973456 0.071020841 0.059839093 0.051357011 0.065049547 0.049487878 0.073031005 0.094018197 0.060355396 0.034802852 0.053136531 0.056074295 0.03060899 0.028139462 0.045543668 0.022435897 0.033758851 0.040880519 0.034851736 0.045914193 0.034962794 0.060427794 0.029280672 0.042846515 0.042246612 0.13053371 0.043969677 0.060004152 0.075538517 0.062769421 0.063257614 0.056862706 0.078647074 0.052736686 0.069306507 0.086023693 0.058369551
0.030242432 0.048211668 0.032558546 0.100221 0.04485141 0.049207332 0.031045751 0.090062145 0.062905262 0.037632083 0.05114954 0.058705357 0.053921569 0.041676747 0.1429866 0.10119296 0.07783672 0.08759933 0.07150277 0.056485783 0.05610211 0.047524752 0.051001624 0.030286947 0.066042575 0.075947972 0.043944642 0.05961884 0.070843148 0.031077148 0.065083631 0.031117352 0.059994473 0.055578082 0.019304054 0.029672445 0.07917231 0.047460987 0.066817061 0.064415353 0.025839779 0.072955 0.066592091 0.057239081 0.068255862 0.065368293 0.057472884 0.061049366 0.099843055 0.059375 0.085542803 0.061734879 0.046466959 0.11041897 0.076401025 0.055655588
0.039169686 0.019204746 0.041017684 0.036138767 0.06823544 0.039146261 0.037018407 0.049439058 0.064088414 0.043427254 0.054166618 0.093834644 0.15025814 0.059199885 0.056689885 0.068215157 0.10144174 0.044672248 0.11632132 0.037539653 0.030464187 0.012773723 0.04509031 0.050393451 0.049849654 0.08091037 0.059362849 0.056634304 0.058949234 0.052014663 0.020238117 0.073805382 0.02068836 0.020392413 0.019609775 0.048846324 0.048256208 0.06515945 0.11603832 0.034941759 0.040404038 0.028374 0.020707051 0.042532948 0.047054419 0.063934344 0.041476805 0.09703295 0.051676529 0.0797881 0.094579514 0.075302339 0.10960812 0.071135486 0.054266891 0.15409506
0.14453941 0.03690344 0.073595494 0.036683148 0.060984967 0.045068905 0.066500804 0.043394287 0.048324022 0.053159213 0.045227717 0.062344659 0.071223018 0.055850994 0.036928118 0.065009552 0.076447672 0.089590487 0.11536351 0.031395349 0.059618034 0.069228221 0.046449853 0.057443982 0.054761915 0.089365478 0.066309237 0.047934783 0.025347238 0.057737576 0.04021819 0.03488142 0.026956522 0.036844514 0.040490605 0.051449843 0.044435714 0.037878768 0.078357778 0.032438539 0.071618644 0.050519008 0.03757442 0.030651322 0.031267382 0.056601732 0.059271876 0.11093201 0.065216278 0.054028921 0.065618795 0.073050882 0.087662676 0.068820657 0.057378368 0.056684703
0.057618201 0.054582909 0.035766758 0.074101882 0.044119829 0.052837095 0.056784301 0.038643047 0.071236879 0.024999988 0.040905462 0.051154429 0.069059143 0.067804154 0.067140598 0.072261587 0.038610811 0.06766572 0.13538262 0.077242206 0.056880683 0.026553 0.036821957 0.055031997 0.074795803 0.067038042 0.095476461 0.06638633 0.037430168 0.047344611 0.1274949 0.026602274 0.028431389 0.031372549 0.061177033 0.04850259 0.052000971 0.071239817 0.056685563 0.05619231 0.053030287 0.03518406 0.071308826 0.072431237 0.03752757 0.036458362 0.060493827 0.034693887 0.036446879 0.062861879 0.059230759 0.053508437 0.077210514 0.06623748 0.058159234 0.084535566
0.064785438 0.029142592 0.057722415 0.095410841 0.053015864 0.0303371 0.056629474 0.04085162 0.059099085 0.069037964 0.088725512 0.079166645 0.043072433 0.08235856 0.054444841 0.046147043 0.029029039 0.086093636 0.08239063 0.036084641 0.05582486 0.097057055 0.075430978 0.070831841 0.044875556 0.067939136 0.06142522 0.07789245 0.066781921 0.038292619 0.072902133 0.05227263 0.049976286 0.054618301 0.063646288 0.045216211 0.067473117 0.048701859 0.057376149 0.084088782 0.059336859 0.034293766 0.050384426 0.036259519 0.051553672 0.030563333 0.080163558 0.025601433 0.057132428 0.078431967 0.12645916 0.048805269 0.049585026 0.056898609 0.098242157 0.057623964
0.062149612 0.080376941 0.053423613 0.06402139 0.047449179 0.032464175 0.046178644 0.078618456 0.056006013 0.030518716 0.032885297 0.045778729 0.024892136 0.035234889 0.049858391 0.090628586 0.080077432 0.047826491 0.073804104 0.042981121 0.049890198 0.0663567 0.079241454 0.10575876 0.089397455 0.039563237 0.076284591 0.065591374 0.037356297 0.062834904 0.029248363 0.063784079 0.091407826 0.070385661 0.087874271 0.099348307 0.055875288 0.047925759 0.027434412 0.06355812 0.057863231 0.056388872 0.054120677 0.040339682 0.037940649 0.07626568 0.03740883 0.063909774 0.050983846 0.05569956 0.088913124 0.054609631 0.058824991 0.059457972 0.081294149 0.055977921
0.043977065 0.07985465 0.11335047 0.078958471 0.064817719 0.060261239 0.10214068 0.079732878 0.086636296 0.054984509 0.053240873 0.065176403 0.072351395 0.039433728 0.059813266 0.052732898 0.081442321 0.064932896 0.084008699 0.064790013 0.036132725 0.095979685 0.075671128 0.051171647 0.051555533 0.049929658 0.080896901 0.046265563 0.031741954 0.019886381 0.029166667 0.053182563 0.060227565 0.039408867 0.03095236 0.067645847 0.040960452 0.051084891 0.037194338 0.055253634 0.052373522 0.030254591 0.048048031 0.10040406 0.075190786 0.051094839 0.066666641 0.037046204 0.034779315 0.082720177 0.095315908 0.054020156 0.070066499 0.049418613 0.06887181 0.051185955
0.099489216 0.0630833 0.066865036 0.064639595 0.049741019 0.043890558 0.032103666 0.031123174 0.050636681 0.049441789 0.034511537 0.036987075 0.034883713 0.050488726 0.056349238 0.064218435 0.059775052 0.1112173 0.064285729 0.069257702 0.092564571 0.079240445 0.058985 0.051458356 0.042472971 0.044937838 0.052198989 0.034843798 0.077888998 0.03374413 0.042660923 0.061456861 0.054884119 0.036436569 0.0484375 0.026506744 0.039494455 0.094288851 0.055530203 0.057946576 0.086470111 0.073594382 0.035330579 0.12548246 0.033222933 0.045003597 0.064734299 0.048684822 0.040759948 0.062486516 0.092070409 0.08249541 0.082154919 0.045639335 0.11542432 0.078176913
0.081646319 0.046871523 0.042379468 0.044086462 0.078288712 0.11345179 0.052506129 0.034147115 0.048923248 0.028347984 0.066132046 0.051490488 0.040684825 0.058573941 0.060639614 0.046705772 0.086121337 0.047216884 0.088088517 0.089980776 0.086891447 0.074326267 0.060653888 0.050776 0.044959755 0.10053589 0.05809972 0.043275855 0.031965149 0.021966566 0.05855072 0.047035401 0.034936297 0.033977857 0.043609653 0.037653196 0.061821645 0.047023808 0.047940056 0.085123262 0.032412611 0.076810207 0.05318428 0.102047 0.075466597 0.048637526 0.13200399 0.0442424 0.058490679 0.064022663 0.081494021 0.065273402 0.07315921 0.063235214 0.13113277 0.051702786
0.046805651 0.074913324 0.028951907 0.042152259 0.047627451 0.05251322 0.084136069 0.052217333 0.034496732 0.079066797 0.055493913 0.04056437 0.10644272 0.062200179 0.065336292 0.029608736 0.057825088 0.075366486 0.083983749 0.082053014 0.072672664 0.055389006 0.019921589 0.051805882 0.064805819 0.036203079 0.056091179 0.064028311 0.040212241 0.058333333 0.10764482 0.077891054 0.10015183 0.032948676 0.029466747 0.04426205 0.05775075 0.065026651 0.051081667 0.036747 0.050394166 0.10263667 0.080867829 0.10696731 0.13343343 0.056723281 0.10810943 0.066897471 0.06585916 0.067429721 0.044882628 0.074176251 0.084436031 0.055070913 0.10369883 -9999
0.069614317 0.045658431 0.031975851 0.05179753 0.071112968 0.063131123 0.060123931 0.037517148 0.093892671 0.064352008 0.084345357 0.06137218 0.056957942 0.057858202 0.058482119 0.044444463 0.04955355 0.041288315 0.050708719 0.055926324 0.057922823 0.12751055 0.046691162 0.054245445 0.062820732 0.073936558 0.045918533 0.025936133 0.043981479 0.051335783 0.031580909 0.02548612 0.03153619 0.05191569 0.049761869 0.027813831 0.047646054 0.060252423 0.061041078 0.051724242 0.062028068 0.067763709 0.087240057 0.065659965 0.09748152 0.041642415 0.058176875 0.076763105 0.067879199 0.073733495 0.04519613 0.052256201 0.034735263 0.077253971 0.12295541 -9999
0.042515246 0.045715397 0.077257897 0.06181638 0.041253402 0.075542517 0.051414746 0.034517337 0.049351753 0.066324909 0.071497226 0.04648888 0.040589035 0.04860642 0.037914875 0.043455556 0.069753096 0.045816976 0.058982684 0.049221975 0.053123102 0.047184648 0.09660935 0.033751745 0.04538095 0.037342078 0.036048333 0.050718235 0.032935187 0.039754921 -9999 -9999 -9999 -9999 0.031929821 0.036890975 0.049125494 0.054889463 0.068504595 0.042735064 -9999 -9999 0.049548994 0.090737532 0.054867455 0.071368294 -9999 0.089286473 0.069389869 0.041019016 0.039795963 0.036367622 0.054894048 0.048837209 -9999 -9999
0.099456651 0.090077025 0.05718399 -9999 -9999 -9999 -9999 -9999 -9999 -9999 -9999 -9999 -9999 -9999 -9999 -9999 -9999 -9999 -9999 -9999 -9999 -9999 -9999 -9999 -9999 -9999 -9999 -9999 -9999 -9999 -9999 -9999 -9999 -9999 -9999 -9999 -9999 -9999 -9999 -9999 -9999 -9999 -9999 -9999 -9999 -9999 -9999 -9999 -9999 -9999 0.049050633 0.052885896 -9999 -9999 -9999 -9999
0.087340972 0.11392419 0.036597246 -9999 -9999 -9999 -9999 -9999 -9999 -9999 -9999 -9999 -9999 -9999 -9999 -9999 -9999 -9999 -9999 -9999 -9999 -9999 -9999 -9999 -9999 -9999 -9999 -9999 -9999 -9999 -9999 -9999 -9999 -9999 -9999 -9999 -9999 -9999 -9999 -9999 -9999 -9999 -9999 -9999 -9999 -9999 -9999 -9999 -9999 -9999 -9999 0.046551724 -9999 -9999 -9999 -9999
0.056308602 0.073291715 -9999 -9999 -9999 -9999 -9999 -9999 -9999 -9999 -9999 -9999 -9999 -9999 -9999 -9999 -9999 -9999 -9999 -9999 -9999 -9999 -9999 -9999 -9999 -9999 -9999 -9999 -9999 -9999 -9999 -9999 -9999 -9999 -9999 -9999 -9999 -9999 -9999 -9999 -9999 -9999 -9999 -9999 -9999 -9999 -9999 -9999 -9999 -9999 -9999 -9999 -9999 -9999 -9999 -9999
0.047320645 0.060797907 -9999 -9999 -9999 -9999 -9999 -9999 -9999 -9999 -9999 -9999 -9999 -9999 -9999 -9999 -9999 -9999 -9999 -9999 -9999 -9999 -9999 -9999 -9999 -9999 -9999 -9999 -9999 -9999 -9999 -9999 -9999 -9999 -9999 -9999 -9999 -9999 -9999 -9999 -9999 -9999 -9999 -9999 -9999 -9999 -9999 -9999 -9999 -9999 -9999 -9999 -9999 -9999 -9999 -9999
0.058301224 0.032913769 -9999 -9999 -9999 -9999 -9999 -9999 -9999 -9999 -9999 -9999 -9999 -9999 -9999 -9999 -9999 -9999 -9999 -9999 -9999 -9999 -9999 -9999 -9999 -9999 -9999 -9999 -9999 -9999 -9999 -9999 -9999 -9999 -9999 -9999 -9999 -9999 -9999 -9999 -9999 -9999 -9999 -9999 -9999 -9999 -9999 -9999 -9999 -9999 -9999 -9999 -9999 -9999 -9999 -9999
0.11958964 -9999 -9999 -9999 -9999 -9999 -9999 -9999 -9999 -9999 -9999 -9999 -9999 -9999 -9999 -9999 -9999 -9999 -9999 -9999 -9999 -9999 -9999 -9999 -9999 -9999 -9999 -9999 -9999 -9999 -9999 -9999 -9999 -9999 -9999 -9999 -9999 -9999 -9999 -9999 -9999 -9999 -9999 -9999 -9999 -9999 -9999 -9999 -9999 -9999 -9999 -9999 -9999 -9999 -9999 -9999
0.060928353 -9999 -9999 -9999 -9999 -9999 -9999 -9999 -9999 -9999 -9999 -9999 -9999 -9999 -9999 -9999 -9999 -9999 -9999 -9999 -9999 -9999 -9999 -9999 -9999 -9999 -9999 -9999 -9999 -9999 -9999 -9999 -9999 -9999 -9999 -9999 -9999 -9999 -9999 -9999 -9999 -9999 -9999 -9999 -9999 -9999 -9999 -9999 -9999 -9999 -9999 -9999 -9999 -9999 -9999 -9999
-9999 -9999 -9999 -9999 -9999 -9999 -9999 -9999 -9999 -9999 -9999 -9999 -9999 -9999 -9999 -9999 -9999 -9999 -9999 -9999 -9999 -9999 -9999 -9999 -9999 -9999 -9999 -9999 -9999 -9999 -9999 -9999 -9999 -9999 -9999 -9999 -9999 -9999 -9999 -9999 -9999 -9999 -9999 -9999 -9999 -9999 -9999 -9999 -9999 -9999 -9999 -9999 -9999 -9999 -9999 -9999
0.041866419 -9999 -9999 -9999 -9999 -9999 -9999 -9999 -9999 -9999 -9999 -9999 -9999 -9999 -9999 -9999 -9999 -9999 -9999 -9999 -9999 -9999 -9999 -9999 -9999 -9999 -9999 -9999 -9999 -9999 -9999 -9999 -9999 -9999 -9999 -9999 -9999 -9999 -9999 -9999 -9999 -9999 -9999 -9999 -9999 -9999 -9999 -9999 -9999 -9999 -9999 -9999 -9999 -9999 -9999 -9999
