Data/GIS/C580Y/bfa-mvmt-marshall-tail-sq.asc
ncols         173
nrows         126
xllcorner     224227.65281
yllcorner     1039207.04677
cellsize      5000
NODATA_value  -9999
[rows 50 to 74 of 126, columns 112 to 167 of 173]
0.10654065 0.14191165 0.076969463 0.056558676 0.075444135 0.08653636 0.036775808 0.049534688 0.1140543 0.055460934 0.060728111 0.050978343 0.069852601 0.08365065 0.058558507 0.078155804 0.055404797 0.082430115 0.051693422 0.055838465 0.0537767 0.048027238 0.071978641 0.072513434 0.07122093 0.070249252 0.03802076 0.042712062 0.091750876 0.04214876 0.058226492 0.054896277 0.070512857 0.04954539 0.033806835 0.04665524 0.049824707 0.066435672 0.047518746 -9999 -9999 -9999 -9999 -9999 -9999 -9999 -9999 -9999 -9999 -9999 -9999 -9999 -9999 -9999 -9999 -9999
0.083093965 0.087254046 0.084973624 0.046333349 0.11310588 0.060442647 0.11120741 0.053216897 0.099094885 0.070452788 0.071558457 0.0684671 0.05940502 0.084902998 0.095797414 0.13273971 0.078950885 0.044775734 0.0737879 0.11642024 0.07377986 0.086766294 0.073774485 0.038564739 0.081196604 0.051929716 0.0865524 0.056415929 0.06802 0.047101449 0.048877096 0.045238075 0.045480195 0.046025692 0.043543514 0.096075042 0.046684084 0.052314813 0.04566667 0.058052393 -9999 -9999 -9999 -9999 -9999 -9999 -9999 -9999 -9999 -9999 -9999 0.062685154 0.036184181 0.04010925 -9999 -9999
0.08596574 0.089590958 0.13060079 0.069543345 0.082405798 0.12333575 0.089951968 0.076535855 0.048099293 0.095489545 0.04549809 0.059137763 0.077397808 0.087787285 0.061684113 0.067584897 0.056944417 0.05863654 0.05048405 0.068589357 0.078630342 0.084677215 0.062068727 0.050517891 0.047929273 0.036977127 0.049284233 0.068148183 0.050735294 0.045167616 0.031641237 0.043501364 0.083030285 0.073700892 0.047624138 0.10062 0.040909091 0.027412307 0.032928135 0.04625 0.044919894 -9999 -9999 -9999 -9999 -9999 -9999 -9999 -9999 -9999 0.030734307 0.076775483 0.063126202 0.045607897 0.061646032 -9999
0.088971583 0.059772911 0.048970068 0.06377517 0.10528202 0.064065064 0.078265483 0.11154556 0.098360765 0.11733054 0.061199313 0.088577241 0.06369431 0.067183119 0.053730611 0.09288 0.09042987 0.052629443 0.07720139 0.06991044 0.040313864 0.077415357 0.039684811 0.0504581 0.067238594 0.035969405 0.053097796 0.045675676 0.069870049 0.061274539 0.11197334 0.073710317 0.033239663 0.041070427 0.074724545 0.055841121 0.070833304 0.042549266 0.050724681 0.059215862 0.075958673 0.059387011 -9999 -9999 -9999 -9999 -9999 -9999 -9999 0.043787697 0.094098783 0.03619583 0.057358565 0.058573889 0.039058946 0.036679498
0.071754058 0.072722282 0.07805522 0.12649681 0.049803046 0.10005149 0.096025975 0.057037813 0.074827951 0.040709495 0.083097277 0.091966454 0.042097672 0.089507698 0.065183906 0.059728852 0.055806477 0.047820139 0.042815941 0.071773877 0.02460318 0.071312299 0.04381125 0.037048873 0.071370887 0.11160134 0.070206061 0.074624 0.05145046 0.039455794 0.11013068 0.041727842 0.058005118 0.037101435 0.053218099 0.042613636 0.0557894 0.059061388 0.042022821 0.051624536 0.089062971 0.083333387 0.055288293 0.037872385 0.039769171 0.033542158 0.061861638 0.05844967 0.061421262 0.066357421 0.095494306 0.081808265 0.090127644 0.049958493 0.04508703 0.053736421
0.059843399 0.086894468 0.085087591 0.065869412 0.078394043 0.11323507 0.11198389 0.11836966 0.07832401 0.094967863 0.10866187 0.058238715 0.080701753 0.052186878 0.070696432 0.054981505 0.049079755 0.08457434 0.066964317 0.045777753 0.059111418 0.064358691 0.035353526 0.04415509 0.076264856 0.044063203 0.039977432 0.073611167 0.050234087 0.039970442 0.042214934 0.086843721 0.070269112 0.025373134 0.042302824 0.035853275 0.037660288 0.083767911 0.072403377 0.050396857 0.059967712 0.079281034 0.05120566 0.039444467 0.085638248 0.080743763 0.046107169 0.079715798 0.027938471 0.067427261 0.045448317 0.053587592 0.043765378 0.056124743 0.030485965 0.028330316
0.072626676 0.082456128 0.063569668 0.064156278 0.052942086 0.097688379 0.062584681 0.064747476 0.10030406 0.06581416 0.049323261 0.061442935 0.089788241 0.041022049 0.047190465 0.053249918 0.11600323 0.0508631 0.041106228 0.11230173 0.062879716 0.031862747 0.06918329 0.059703388 0.052910053 0.086715833 0.058866318 0.049516884 0.055357143 0.051718675 0.049657064 0.090864599 0.064488039 0.037746484 0.047095942 0.065705096 0.028244275 0.10667452 0.049373125 0.086582071 0.055224239 0.051381009 0.074409218 0.032920375 0.076526874 0.051537384 0.056673896 0.031981984 0.027967806 0.089808992 0.036312849 0.034072246 0.057156271 0.07480407 0.031307552 0.018729257
0.10665958 0.049454331 0.071659783 0.081249475 0.058572069 0.09907992 0.056547016 0.057605647 0.093169323 0.052272427 0.07002081 0.096053833 0.090417826 0.033205128 0.075051739 0.069487812 0.053338681 0.06002413 0.085481797 0.059572975 0.040695051 0.053328485 0.050139073 0.087517329 0.062859831 0.040412167 0.07608359 0.059254623 0.083568049 0.16588492 0.071963837 0.051212956 0.051816203 0.075641026 0.06441608 0.065440792 0.035036751 0.067315981 0.077845983 0.048416804 0.072001818 0.1112826 0.039289444 0.043338139 0.045024851 0.038461538 0.072222407 0.057341703 0.054009585 0.07554497 0.11217195 0.052706226 0.036964862 0.048560483 0.01938339 0.062923299
0.071681931 0.051208325 0.064193985 0.055351598 0.10856583 0.081664316 0.090753502 0.10492876 0.097668724 0.073095236 0.059500914 0.11523559 0.059824113 0.050914907 0.091222173 0.052947152 0.067876149 0.050647668 0.066987206 0.06586664 0.059340432 0.07068198 0.056935209 0.05310559 0.070418603 0.083143835 0.041520537 0.040079336 0.040581563 0.070120088 0.045984793 0.071511886 0.037261907 0.050129 0.057657127 0.056919607 0.054707415 0.029362607 0.062684 0.041180686 0.052750825 0.065324591 0.043973261 0.13230932 0.13524192 0.046875016 0.059276646 0.044312167 0.054991096 0.048185872 0.076879432 0.11091657 0.045228468 0.030754843 0.05215466 -9999
0.045559285 0.07338082 0.12748829 0.12778092 0.12436205 0.075264857 0.061666466 0.054104489 0.04277116 0.040301758 0.077827888 0.071916731 0.070952996 0.08570871 0.077220202 0.04300316 0.044387973 0.054030026 0.061888867 0.062872602 0.062324899 0.093989098 0.049601292 0.041911301 0.072785594 0.072003807 0.045025536 0.031041934 0.048056974 0.034407622 0.032521429 0.038217355 0.068139945 0.053460333 0.025051783 0.033850932 0.056022269 0.043148484 0.044744318 0.028654462 0.0526595 0.061820305 0.070033083 0.041872407 0.030594416 0.03143679 0.033773064 0.050221896 0.056890778 0.061716139 0.062146417 0.028982461 0.057432258 -9999 -9999 -9999
0.083732217 0.085626299 0.071441679 0.12550375 0.052755442 0.096394172 0.052829041 0.058348026 0.12713092 0.069499048 0.049258409 0.093566636 0.046094903 0.089441773 0.085078513 0.055427807 0.053230293 0.052269073 0.039166675 0.057847192 0.10757182 0.059570289 0.041394679 0.10228806 0.049834653 0.067460274 0.088864274 0.062979858 0.037467674 0.055261192 0.035889328 0.043822622 0.10222683 0.039473684 0.03352156 0.076961031 0.073524737 0.043973745 0.030219795 0.035279803 0.068937219 0.036578911 0.048399648 0.054184709 0.070106686 0.060897308 0.031972789 0.036753389 0.042479177 0.052820538 0.036029762 0.028018873 0.030102789 0.040019664 -9999 -9999
0.097287171 0.072893286 0.031081244 0.057578281 0.085085099 0.051790774 0.054462646 0.10678109 0.053074417 0.047459007 0.073933065 0.033392457 0.053321144 0.078099187 0.091067069 0.081859745 0.080174729 0.074840764 0.16005607 0.055977034 0.055878188 0.089277099 0.072539681 0.055880551 0.056875025 0.037550314 0.037905203 0.045748265 0.047169223 0.057604469 0.056340614 0.045713973 0.056776516 0.031597136 0.047619048 0.04899594 0.062865232 0.078904406 0.068021531 0.065170095 0.057522595 0.028058973 0.062545414 0.068917756 0.031792571 0.048034205 0.051386366 0.048594337 0.078009306 0.042349672 0.087400813 0.031666684 0.059634757 0.041950795 0.049871791 -9999
0.063427297 0.089879211 0.06996908 0.078123545 0.039782389 0.081335148 0.092163921 0.03933882 0.070328013 0.10314483 0.093038397 0.077433698 0.080889755 0.070511813 0.073334866 0.080123849 0.04209882 0.068846946 0.042440224 0.033285047 0.080593821 0.073563218 0.047368421 0.062477669 0.070096831 0.056835286 0.039293734 0.065942065 0.064376565 0.059680121 0.03573848 0.053596702 0.10264232 0.11327727 0.038379947 0.049877426 0.07013198 0.043855361 0.058253269 0.062752922 0.067557275 0.031619099 0.042657029 0.046802017 0.058748391 0.038128899 0.05423281 0.060897396 0.033686 0.13150062 0.068351867 0.027232125 0.07399425 0.055129646 0.041986692 0.036780779
0.080499165 0.083829068 0.050957089 0.11745275 0.060056543 0.067917667 0.059115362 0.097172582 0.052898397 0.051061278 0.099912168 0.058791112 0.080670422 0.085665859 0.10032252 0.034093384 0.052742017 0.075872709 0.09908322 0.057090121 0.053078077 0.060960581 0.054926852 0.048057481 0.079262924 0.045109578 0.031746 0.044600915 0.068041549 0.066279225 0.11368489 0.049999944 0.05098763 0.056326301 0.081650267 0.083511497 0.095826128 0.047231037 0.047806991 0.041841517 0.098813195 0.049421683 0.065156106 0.047931014 0.06015949 0.025100361 0.040615224 0.048764947 0.075410768 0.07151435 0.052631544 0.067337126 0.071221769 0.036622763 0.020987654 0.055633803
0.078086796 0.091486226 0.079463104 0.10265834 0.073011408 0.049021936 0.053768962 0.10613555 0.053388028 0.067801301 0.0487563 0.11008923 0.062014632 0.13023647 0.066019392 0.074863214 0.10292329 0.079020011 0.047562593 0.081247199 0.072956464 0.09818571 0.053997565 0.056958638 0.081012176 0.045264131 0.054831933 0.07520768 0.049416828 0.077677011 0.10489517 0.034768708 0.059792655 0.041071382 0.042763158 0.059203182 0.04907485 0.061853622 0.055241034 0.082427687 0.063613568 0.077136567 0.025100401 0.051118523 0.0527778 0.050687351 0.053544508 0.05044284 0.046465596 0.052475574 0.042105263 0.035263306 0.051419376 0.062748732 0.053061208 0.053105385
0.11584304 0.083800251 0.054213545 0.069683836 0.062514888 0.081396154 0.075835552 0.066744696 0.079712923 0.11180325 0.098477453 0.088343002 0.086477814 0.057987634 0.071269193 0.069730937 0.09322803 0.13499218 0.068130272 0.071418731 0.15550164 0.11776749 0.06917891 0.055514177 0.048601461 0.068812228 0.032883971 0.070713835 0.067465072 0.044214876 0.076233158 0.041972426 0.051139648 0.034990969 0.057390492 0.086282256 0.037615764 0.072129022 0.10658438 0.065559766 0.054783775 0.066503371 0.062650135 0.09495625 0.065363707 0.054217427 0.054438402 0.071410965 0.04457161 0.09363534 0.029578753 0.061011902 0.03207084 0.063637081 0.040074944 0.048370921
0.056484054 0.097009847 0.10534843 0.076775369 0.11655479 0.07101468 0.061378147 0.088837604 0.083161349 0.10475645 0.076228993 0.084549535 0.080463132 0.13071989 0.098060242 0.078713451 0.10868945 0.064467132 0.06096069 0.047475255 0.093113432 0.057790763 0.038886364 0.099294308 0.077876309 0.028607775 0.12183816 0.047005156 0.13312303 0.086834046 0.056750778 0.052229442 0.072493684 0.058539942 0.062442989 0.04433549 0.033973333 0.036768463 0.072790784 0.047117319 0.045664207 0.049172024 0.040017573 0.060124211 0.043306797 0.051257924 0.066169169 0.11412934 0.068898087 0.035609975 0.078704362 0.055163333 0.093065556 0.033783784 0.051677494 0.065798542
0.11967974 0.060991339 0.08808284 0.07317077 0.06819377 0.085984812 0.051179262 0.11948744 0.085981855 0.09592336 0.063389158 0.11399113 0.096838017 0.056046973 0.082000375 0.11339738 0.08837534 0.10915655 0.064865964 0.054250229 0.067142243 0.062661694 0.077415466 0.050065572 0.064159848 0.072469743 0.037701138 0.034706822 0.0615952 0.084451262 0.044413 0.092063524 0.10788527 0.039634146 0.046491232 0.082437706 0.086176541 0.052860687 0.025996377 0.074765361 0.059300154 0.039092053 0.063531125 0.10997073 0.050946992 0.030489645 0.11093794 0.07421875 0.054059484 0.06571 0.055822644 0.054912793 0.040564517 0.043379041 0.079527776 0.032499999
0.073115369 0.083895543 0.08644564 0.047546048 0.047290375 0.080985444 0.049383405 0.07810441 0.091179061 0.076987266 0.14318588 0.11069145 0.059451486 0.040214076 0.10336437 0.075332328 0.070013724 0.041808875 0.061468527 0.059106132 0.16221169 0.11673877 0.095407281 0.093050818 0.064057225 0.045310396 0.09581084 0.089779982 0.053210641 0.11998072 0.076643668 0.065048544 0.047609905 0.0463333 0.039694875 0.05 0.078059025 0.043814448 0.058692883 0.043185549 0.10998615 0.06259788 0.058739165 0.11515609 0.078663672 0.067221607 0.12340559 0.041101723 0.10265201 0.066526494 0.045902902 0.078435118 0.04600081 0.077121108 0.041055448 0.054644754
0.077079025 0.098890403 0.065124677 0.10047902 0.052975157 0.064131672 0.085498726 0.091493526 0.061494384 0.077680723 0.046536794 0.067602809 0.053696438 0.068300784 0.071168254 0.036859332 0.13571545 0.082530347 0.07336111 0.056893955 0.077362302 0.089144597 0.084620468 0.080469417 0.088126779 0.040975517 0.085247471 0.04422224 0.06645825 0.070477977 0.050047587 0.058358351 0.061834026 0.044806757 0.035897431 0.09938464 0.13081395 0.020114943 0.042072825 0.074722919 0.063254062 0.063320956 0.077668091 0.10774413 0.10472092 0.059061834 0.053774823 0.047208658 0.066429235 0.10133088 0.072653033 0.038413147 0.030107523 0.040873014 0.029850746 0.043237407
0.10123141 0.049655746 0.063698235 0.050223541 0.093911831 0.052880004 0.065335735 0.090634053 0.11709198 0.051058598 0.061247088 0.055992545 0.044542836 0.059720517 0.063599577 0.12217013 0.13863014 0.093226584 0.04290382 0.071157378 0.085620209 0.045446261 0.071544523 0.13315316 0.093991029 0.051096513 0.046379027 0.066415457 0.07645902 0.061808411 0.055387101 0.048353951 0.069582906 0.046389579 0.054117944 0.062720393 0.068229063 0.067330096 0.048244262 0.049065753 0.1423096 0.028252788 0.049333332 0.048018798 0.062615315 0.087077808 0.090204003 0.10531667 0.13127337 0.10436775 0.07784187 0.090676387 0.023665352 0.07734375 0.078868929 0.028846154
0.11041776 0.08536951 0.036424316 0.10056882 0.10753283 0.055517145 0.061289915 0.088803905 0.084744364 0.070287589 0.078313941 0.052049024 0.08262549 0.058842813 0.07736558 0.052115865 0.10737759 0.083954543 0.059125448 0.091152545 0.091389058 0.042781283 0.039093631 0.051083145 0.054122279 0.044716696 0.026881753 0.098431048 0.031688533 0.050903933 0.055302987 0.077168294 0.05597766 0.047940112 0.097305357 0.050505045 0.046581351 0.08442222 0.049089639 0.064463287 0.039975826 0.077001592 0.076158435 0.054444443 0.071590364 0.092343676 0.074710176 0.049495149 0.070732772 0.056963085 0.065958121 0.079604902 0.066375086 0.028205128 0.065705058 0.073333273
0.081388171 0.051668532 0.054917837 0.056310612 0.052951641 0.051965953 0.069863879 0.062070027 0.046497288 0.058570232 0.048170877 0.084366601 0.047428678 0.10267919 0.03341535 0.10074847 0.043039735 0.065899284 0.06784848 0.041911277 0.070513636 0.04118164 0.053053876 0.079415942 0.054597655 0.10144068 0.096637667 0.051388929 0.056161504 0.087165104 0.040008472 0.081605289 0.062371246 0.06330434 0.057170581 0.05632713 0.036845376 0.069330576 0.042684751 0.042986425 0.11814655 0.068560748 0.047903358 0.03518161 0.10200034 0.082765096 0.082091126 0.051657615 0.056274249 0.042048716 0.057673223 0.065728223 0.037303952 0.068674699 0.034511818 0.041170714
0.090474645 0.066326159 0.074337336 0.063475664 0.0804755 0.039077703 0.12187901 0.083031627 0.078197247 0.089188694 0.070165392 0.048006533 0.084651995 0.079888298 0.068248286 0.14525494 0.071972922 0.06426001 0.057996269 0.055497156 0.035403376 0.067433407 0.075123481 0.041526621 0.034313699 0.061812291 0.071268639 0.057599035 0.053375458 0.052405204 0.041323644 0.071328681 0.064080892 0.034117659 0.08291648 0.047128566 0.032760559 0.0352323 0.10449541 0.061742409 0.036251607 0.073077143 0.046074879 0.062660946 0.04282875 0.073762554 0.038267963 0.068608354 0.06669589 0.050530564 0.072411662 0.062713166 0.1501907 0.062801884 0.04278413 0.048447395
0.094599484 0.06842266 0.070009645 0.079051837 0.053709928 0.11322924 0.11311379 0.079435049 0.074539681 0.068189995 0.045515001 0.075656924 0.085779232 0.055700075 0.15957622 0.045639528 0.079384801 0.089465808 0.072899423 0.038888863 0.052173341 0.09425854 0.034162657 0.084006667 0.03687169 0.044723577 0.040296569 0.030513772 0.034013571 0.062900948 0.049166665 0.054608611 0.041442688 0.039597536 0.12670232 0.058398921 0.03389736 0.058210456 0.07909017 0.045608261 0.094546667 0.05306478 0.064076713 0.086140865 0.086536944 0.036953323 0.037601462 0.038218923 0.048725957 0.04833246 0.038251365 0.087027195 0.12340259 0.049751194 0.057692308 0.038458291
