Data/GIS/C580Y/bfa-mvmt-travel-stock-sq.asc
ncols         173
nrows         126
xllcorner     224227.65281
yllcorner     1039207.04677
cellsize      5000
NODATA_value  -9999
[rows 50 to 74 of 126, columns 112 to 167 of 173]
0.077762202 0.058225885 0.029795238 0.081829017 0.084857457 0.13994027 0.063279969 0.0605958 0.085636849 0.10765168 0.038350657 0.044460832 0.071226209 0.037346509 0.073034615 0.041558449 0.059945246 0.054346858 0.02249489 0.095407334 0.1006216 0.04551849 0.039636434 0.027117845 0.059472446 0.043417361 0.06431163 0.031124699 0.034837084 0.020224073 0.031018832 0.015999649 0.044743116 0.03060881 0.03523761 0.017086849 0.073705607 0.025219276 0.019480519 -9999 -9999 -9999 -9999 -9999 -9999 -9999 -9999 -9999 -9999 -9999 -9999 -9999 -9999 -9999 -9999 -9999
0.061469636 0.071823545 0.037005934 0.043957769 0.077283299 0.10382632 0.067264353 0.086858071 0.067673996 0.074454505 0.10762675 0.07211991 0.058014178 0.064858784 0.06506674 0.10101497 0.03662717 0.065679193 0.03829201 0.073229292 0.035062241 0.047982994 0.055777552 0.037039023 0.055208304 0.020183486 0.018726584 0.051017857 0.03423423 0.033351229 0.031821402 0.05401255 0.045680743 0.030991736 0.04690947 0.05336041 0.032541974 0.029536345 0.043796399 0.052845488 -9999 -9999 -9999 -9999 -9999 -9999 -9999 -9999 -9999 -9999 -9999 0.021821376 0.018370585 0.036715867 -9999 -9999
0.069009486 0.08557631 0.08186792 0.067636408 0.062644137 0.087621732 0.080820147 0.068573342 0.045600473 0.055301071 0.081525806 0.028215944 0.025366103 0.06655677 0.064170498 0.052203135 0.029856115 0.065839652 0.053206286 0.072707335 0.049166006 0.026100268 0.050483594 0.055384288 0.035087717 0.047166277 0.048135552 0.030934341 0.033904089 0.037902569 0.036171352 0.029348515 0.024901401 0.043835736 0.024583333 0.022477064 0.040843766 0.026515152 0.023099976 0.043809672 0.038075606 -9999 -9999 -9999 -9999 -9999 -9999 -9999 -9999 -9999 0.039661506 0.021265929 0.03583209 0.086318344 0.035531387 -9999
0.061033115 0.096904921 0.038839274 0.097096232 0.065651783 0.056702825 0.096411011 0.052733721 0.085247469 0.05539396 0.066471195 0.089354773 0.060423711 0.070686542 0.023174586 0.060178253 0.057290177 0.071338619 0.066320821 0.10252582 0.060649331 0.04431127 0.043665987 0.044951 0.028607931 0.040467403 0.033508789 0.03646968 0.042118199 0.025510204 0.018212285 0.056253943 0.06880359 0.04256689 0.024318461 0.049537463 0.046423909 0.10809992 0.032051282 0.038202247 0.031007709 0.032282252 -9999 -9999 -9999 -9999 -9999 -9999 -9999 0.031516274 0.024031016 0.051364356 0.036836104 0.034932258 0.026143804 0.032019434
0.082836296 0.051509664 0.066321178 0.055088723 0.1242218 0.068310765 0.081071001 0.053262255 0.08147322 0.066899232 0.10238928 0.096165077 0.092336015 0.052111739 0.074098765 0.02986396 0.048611136 0.13737778 0.0837316 0.048547702 0.086497277 0.030430691 0.030038245 0.11744805 0.02500193 0.04566664 0.032104012 0.050356486 0.051785714 0.021321628 0.068231501 0.019144144 0.051693902 0.029517939 0.026941239 0.028438824 0.048571429 0.028584091 0.050724635 0.022034865 0.065315427 0.057581451 0.032107824 0.038557164 0.02625783 0.048871379 0.021035583 0.037660942 0.029930295 0.038716459 0.051618697 0.032047828 0.027635578 0.029123711 0.009629985 0.048694981
0.043996541 0.073793103 0.058025406 0.045559439 0.12771979 0.072864849 0.038646108 0.13140867 0.069900188 0.074450152 0.061474786 0.075194267 0.044359966 0.021180569 0.092389144 0.024110506 0.041681041 0.058924554 0.061218616 0.055095541 0.074449821 0.054466255 0.051925435 0.034313699 0.034821397 0.037171214 0.059781199 0.042970246 0.026624092 0.029820901 0.024643779 0.032973283 0.028088642 0.025806452 0.019607843 0.049785762 0.060367282 0.024863589 0.026470588 0.046364375 0.02251107 0.053559746 0.058308554 0.036621627 0.026072252 0.066546062 0.037558685 0.047681014 0.063562165 0.062276009 0.029905927 0.023231485 0.020486643 0.025 0.022746308 0.032986125
0.09556376 0.07370076 0.045937459 0.067742056 0.051085862 0.074238762 0.080323654 0.11193604 0.11325346 0.06352891 0.081992398 0.019324839 0.053341934 0.069063457 0.06343099 0.024366491 0.061899952 0.057551507 0.04318735 0.03947129 0.10722907 0.072515995 0.062063467 0.040049701 0.045413151 0.033184554 0.063734556 0.030127801 0.06531 0.042904372 0.02591324 0.031266124 0.0427212 0.032242991 0.04480198 0.029279279 0.054717587 0.043060108 0.036781586 0.024824764 0.041827685 0.058834164 0.02817943 0.062345694 0.039678204 0.022244896 0.036244571 0.0356405 0.042151163 0.042038882 0.049162528 0.03011365 0.04344689 0.036143 0.018471089 0.029396299
0.07407885 0.053179132 0.05531929 0.039378584 0.070081718 0.047107209 0.079042932 0.078809504 0.0431591 0.07410291 0.079917174 0.068755937 0.074783963 0.046721352 0.050197143 0.037951728 0.051325515 0.12285809 0.06144891 0.030931617 0.060795406 0.08485907 0.042249586 0.040443095 0.05014241 0.035091785 0.044491525 0.079042489 0.061189763 0.028244 0.043333354 0.036897233 0.040728435 0.078351446 0.04555862 0.02244898 0.04434745 0.067411068 0.040205966 0.045825584 0.036750185 0.074522168 0.11734131 0.025901861 0.042564123 0.063140085 0.066666667 0.027556367 0.025595236 0.041529828 0.04226386 0.041239754 0.024275876 0.02956989 0.025543675 0.015714286
0.050949022 0.07721804 0.05561467 0.10641455 0.081904298 0.07031332 0.063346983 0.043854062 0.030208332 0.050879522 0.046183635 0.078515344 0.07598286 0.038778861 0.03592507 0.037337662 0.070786316 0.08585382 0.047436706 0.087134421 0.059032018 0.037226559 0.064017682 0.09099818 0.040230308 0.03490917 0.02902618 0.099913605 0.060868267 0.050664249 0.020185167 0.039928864 0.043474444 0.036601021 0.024904055 0.063132378 0.048565099 0.067066345 0.057956432 0.080893884 0.023451943 0.07082676 0.040661075 0.047487452 0.035494286 0.025614053 0.041091379 0.018934238 0.027240877 0.023775822 0.019463881 0.018236703 0.047776719 0.019673145 0.022661669 -9999
0.10331797 0.082688721 0.068111599 0.043330116 0.088248891 0.039021979 0.08903073 0.048074775 0.082922515 0.060582333 0.038539686 0.038673187 0.067538431 0.051432882 0.041593247 0.095102133 0.062422385 0.11618888 0.086478641 0.051886821 0.066968551 0.054195799 0.037706038 0.049374266 0.05338159 0.037681983 0.045955363 0.035080027 0.072851007 0.12087126 0.074216913 0.05634 0.041229492 0.034666667 0.048484806 0.045789739 0.029339826 0.034311873 0.044852942 0.064539007 0.019995194 0.036757945 0.029374081 0.02397874 0.034664144 0.032093244 0.030502919 0.05472028 0.043527741 0.031952663 0.051202277 0.056740362 0.062823091 -9999 -9999 -9999
0.0914401 0.070532512 0.093971625 0.076684414 0.077520804 0.034150337 0.038823186 0.058361414 0.059221311 0.10598309 0.054070892 0.047464292 0.094652987 0.042027703 0.078903614 0.08838682 0.073566353 0.06195596 0.039395417 0.026762788 0.071904644 0.072954857 0.031089007 0.037425542 0.027732238 0.045267708 0.035117702 0.088411889 0.044492783 0.034085188 0.069083973 0.088669835 0.036354118 0.027686389 0.025617035 0.04072802 0.069431014 0.05498338 0.021227513 0.056759753 0.023426501 0.078367386 0.041054701 0.056297273 0.037839283 0.10386715 0.054813736 0.039684303 0.025854667 0.016738248 0.030039146 0.04192755 0.040695411 0.023787873 -9999 -9999
0.082691759 0.085038028 0.079504602 0.053513354 0.042947917 0.052068663 0.089308434 0.10799931 0.048970178 0.04855963 0.050807092 0.072484292 0.10447331 0.078388363 0.090220153 0.077489941 0.085624852 0.050544641 0.063253631 0.11964344 0.053192998 0.042929238 0.080014543 0.03993396 0.042666664 0.054938241 0.059140783 0.028991597 0.054586141 0.062145607 0.055080541 0.040046541 0.068115978 0.017592821 0.035600438 0.025709181 0.023012252 0.015467159 0.037538598 0.080618984 0.02581482 0.013793103 0.03078451 0.01777778 0.039447893 0.084133144 0.035172592 0.0444444 0.081202905 0.038239481 0.019083969 0.042245368 0.029761905 0.017246462 0.06864234 -9999
0.069141257 0.054681664 0.088224449 0.046737501 0.084227951 0.044921951 0.063109696 0.028392768 0.047663419 0.05222239 0.050126242 0.099192144 0.06623118 0.093938599 0.069401622 0.078255193 0.087161345 0.081403473 0.086351803 0.037806953 0.088674725 0.058645533 0.044003084 0.020583547 0.036127498 0.04834923 0.028701916 0.053144575 0.03999044 0.05108535 0.035054685 0.035152764 0.027160495 0.038384303 0.05519456 0.032974914 0.0431111 0.026793203 0.02387027 0.020576173 0.026315789 0.051538167 0.041400992 0.065978658 0.032824276 0.057418452 0.032558116 0.066573034 0.046875 0.026836127 0.027380952 0.041479046 0.054896395 0.057676552 0.067412396 0.033783784
0.066792049 0.10531508 0.09838166 0.079974415 0.095245881 0.098199095 0.074260535 0.074015655 0.1130345 0.072854603 0.078115524 0.0516483 0.091464446 0.093500275 0.044297746 0.071304015 0.085472053 0.030462522 0.042967407 0.044330955 0.099372286 0.054057815 0.031098599 0.030718814 0.044566889 0.078362747 0.068290327 0.043333304 0.03439485 0.045822888 0.039393939 0.035779464 0.075010531 0.020257829 0.041666687 0.03479395 0.052103592 0.023770571 0.030725098 0.011284687 0.035290274 0.022478283 0.031597187 0.029432941 0.02069882 0.038519916 0.021589953 0.026971985 0.027968014 0.018498187 0.020527582 0.02027027 0.040539788 0.020659323 0.02152887 0.013956193
0.093063764 0.10706266 0.1058409 0.080814013 0.095500658 0.096877211 0.1054208 0.067678219 0.11456289 0.061861599 0.077572925 0.080588868 0.075365411 0.053107767 0.10030116 0.084570759 0.084008894 0.069740758 0.029984191 0.033909431 0.046040188 0.078110378 0.052893833 0.05298222 0.019688643 0.081023587 0.080152672 0.071402798 0.02886723 0.085822958 0.061081408 0.0460352 0.043742629 0.048124093 0.058614213 0.043453228 0.033151137 0.027659574 0.058108108 0.021163072 0.017957495 0.022584046 0.035087716 0.029231641 0.033364069 0.044988825 0.022086377 0.034902715 0.019400333 0.025515099 0.030792051 0.039029494 0.051458707 0.071837838 0.036734206 0.034871738
0.10593799 0.075667748 0.10903376 0.10539077 0.067794175 0.074555847 0.061889043 0.084330069 0.084617314 0.066578208 0.048769761 0.071829171 0.095227625 0.074893985 0.06726563 0.080326532 0.070809124 0.060419329 0.07556681 0.1067382 0.052960075 0.053372991 0.031432839 0.039822711 0.05500219 0.048102864 0.065511223 0.11083947 0.044063671 0.043088964 0.050764495 0.062963936 0.059043315 0.05965191 0.043385586 0.030934341 0.01561998 0.055879911 0.05139302 0.032369145 0.060572139 0.025226729 0.042740335 0.049475342 0.055166042 0.039719626 0.033843091 0.071753041 0.03808978 0.027838791 0.048717949 0.034722219 0.0191003 0.040562289 0.056546905 0.016949153
0.10089076 0.083763564 0.084583605 0.062246031 0.064759122 0.081072544 0.054121185 0.082684251 0.1062987 0.062212524 0.066836605 0.076666823 0.061965194 0.063820291 0.086477824 0.088738809 0.10657569 0.083520196 0.073674634 0.074988947 0.0606086 0.080137598 0.042504511 0.051469667 0.059523722 0.099130607 0.040874304 0.040568064 0.032467532 0.026539857 0.033385109 0.057322214 0.026785714 0.069959305 0.063961769 0.042733402 0.026881753 0.035742338 0.016158643 0.046545134 0.030105565 0.022014449 0.068014434 0.027558016 0.024279434 0.029097991 0.030439261 0.033155327 0.032596147 0.024662162 0.05800004 0.030318518 0.033448814 0.055147059 0.034552927 0.034213608
0.11662436 0.07785404 0.071334694 0.070466913 0.076866757 0.079644237 0.075508145 0.066314296 0.059392602 0.078489603 0.09650263 0.054808571 0.084612888 0.096769156 0.078764776 0.050085292 0.10403513 0.075107531 0.083859752 0.078817632 0.066270902 0.085453713 0.054915734 0.0797051 0.048250271 0.050455874 0.060308491 0.088725529 0.046354125 0.03622034 0.04296875 0.031632034 0.1327886 0.043360762 0.047801208 0.032279173 0.024752475 0.026262642 0.037164237 0.047763799 0.029607452 0.038301395 0.050226968 0.028098742 0.05972544 0.094538952 0.031147557 0.10410137 0.057758621 0.057167046 0.071566503 0.075197226 0.061010111 0.071083665 0.04974747 0.020833339
0.088892538 0.079639098 0.070931494 0.067858773 0.062487808 0.12327398 0.069587459 0.072030249 0.055857403 0.092385216 0.079788154 0.07636023 0.071703689 0.056884382 0.062881408 0.065371687 0.07472302 0.057884865 0.087896995 0.076481522 0.069557835 0.087608365 0.11208103 0.029181288 0.053233094 0.058114452 0.066620475 0.086194801 0.036769722 0.036941204 0.043346103 0.062998257 0.022408027 0.030775996 0.026628597 0.015503872 0.025892857 0.017703443 0.0348148 0.043703008 0.033842997 0.066479743 0.026281127 0.069801043 0.051347162 0.047729027 0.06908743 0.06069184 0.045315894 0.047002049 0.04153905 0.019698267 0.022958834 0.025 0.049122432 0.045833333
0.089258885 0.067148821 0.081827784 0.040740714 0.093961101 0.074619504 0.083640225 0.08931827 0.097463813 0.058282862 0.029709965 0.075827768 0.052296075 0.02553553 0.064043908 0.045349746 0.066478936 0.081979432 0.053689565 0.093991138 0.073940986 0.046186398 0.038987389 0.048352621 0.035478835 0.07505315 0.03031914 0.059251455 0.11523098 0.027398856 0.068821874 0.040584464 0.031332571 0.077685704 0.04363196 0.051333278 0.04602356 0.028381771 0.052309391 0.033509689 0.05084325 0.051672055 0.040118576 0.056330668 0.03567833 0.072894922 0.083863212 0.061994053 0.047272658 0.082262673 0.086373984 0.059763972 0.017857143 0.02826087 0.024351676 0.1060363
0.059089011 0.096618137 0.083861707 0.055114915 0.07767852 0.061257764 0.050989386 0.049011016 0.11253776 0.081811649 0.028049082 0.035462857 0.054816033 0.051639782 0.074557303 0.11737236 0.050825573 0.06421011 0.08233473 0.092998311 0.043428983 0.05383646 0.021446732 0.046634978 0.046936624 0.012293244 0.024038462 0.053235034 0.020550165 0.027920171 0.033163265 0.031432754 0.062290829 0.012263464 0.036796537 0.043935775 0.025378784 0.033571413 0.039211172 0.05220347 0.027314813 0.087051628 0.023713373 0.086157273 0.028134198 0.082050465 0.070706504 0.061978501 0.066065267 0.075327406 0.058360842 0.053540772 0.045479232 0.041269883 0.065705192 0.036033163
0.11321053 0.073223778 0.078083572 0.069451116 0.052687032 0.079228936 0.090325783 0.082154156 0.067892838 0.036338566 0.035046696 0.054323638 0.045090254 0.063421723 0.056525791 0.071437074 0.096029392 0.069821324 0.085082643 0.055967875 0.047258789 0.032815733 0.022819406 0.046291026 0.021403505 0.043721593 0.023763511 0.023102277 0.036654276 0.027288279 0.034044311 0.016501683 0.035000698 0.056540727 0.029220779 0.040740741 0.0079945772 0.038027614 0.1069126 0.032575758 0.034563358 0.059787569 0.027048273 0.04888258 0.070722709 0.050441823 0.081601464 0.078315067 0.047482014 0.045811555 0.056576502 0.080026826 0.034955752 0.035974084 0.040119689 0.030228824
0.097920066 0.098803168 0.066247568 0.050618181 0.053762102 0.050309247 0.06410724 0.053279617 0.069698913 0.0438 0.1014855 0.039906624 0.10214785 0.084568282 0.024677431 0.037626263 0.064781386 0.088333807 0.062315779 0.090458625 0.038629915 0.044092848 0.036596897 0.044715447 0.037606725 0.023447068 0.026190476 0.037260575 0.069237596 0.067151667 0.05562253 0.046355751 0.04455511 0.014429214 0.02820378 0.062146949 0.026340294 0.038165663 0.037986143 0.02314887 0.058781595 0.054850952 0.039695491 0.060544931 0.060726336 0.042725681 0.10089983 0.085368043 0.030410923 0.053139523 0.063498639 0.038715837 0.055125169 0.04535636 0.0585476 0.04294675
0.1051961 0.057580914 0.093441547 0.06011685 0.051051406 0.043125849 0.05852085 0.09346561 0.050875116 0.067448143 0.053748585 0.041122627 0.090594508 0.06355855 0.044837035 0.040132737 0.026083709 0.058191026 0.058739758 0.074451149 0.081501172 0.043439397 0.043503602 0.022321429 0.046852759 0.037270027 0.025368481 0.025526782 0.031430904 0.026184938 0.038068201 0.061167973 0.037878786 0.028379051 0.042227389 0.011235955 0.023484848 0.013194443 0.04926425 0.051309155 0.057984416 0.03225046 0.064024819 0.066252239 0.046219758 0.035173162 0.042213115 0.034538068 0.029399341 0.0483135 0.03801531 0.04402423 0.034394467 0.0703125 0.038851447 0.042372881
0.056154862 0.040604103 0.091279443 0.056474956 0.050899986 0.064229749 0.11900277 0.036112436 0.021988088 0.080226085 0.076814206 0.064602923 0.072983689 0.051224813 0.086785127 0.073554776 0.024905093 0.049680224 0.09083503 0.04929669 0.052766621 0.043349375 0.02806159 0.023867282 0.036616994 0.022201226 0.031669591 0.049214958 0.014367816 0.032986042 0.018849167 0.04857446 0.015054411 0.049101046 0.041558442 0.037558732 0.06275473 0.032945756 0.028229345 0.041504804 0.052383945 0.028311955 0.059997622 0.04538994 0.094153898 0.044787973 0.044890996 0.052408011 0.037363361 0.032634428 0.030996267 0.060060483 0.035569279 0.043272905 0.05673766 0.038083828
