Data/GIS/C580Y/bfa-mvmt-marshall-tuned-sq.asc
ncols         173
nrows         126
xllcorner     224227.65281
yllcorner     1039207.04677
cellsize      5000
NODATA_value  -9999
[rows 100 to 124 of 126, columns 0 to 55 of 173]
-9999 0.056199321 0.09443674 0.068467244 0.077249402 0.12178497 0.080812898 0.035862683 0.083545636 0.050874179 0.057574713 0.061654489 0.045514781 0.066779754 0.062082084 0.054416511 0.067302964 0.12113681 0.090759312 0.065458812 0.10479631 0.052200281 0.10841261 0.06929897 0.084937944 0.065556019 0.10927518 0.0598115 0.050514357 0.070754984 0.083745143 0.06756092 0.084841832 0.053696654 0.09024931 0.041861038 0.092648586 0.044098327 0.061549824 0.049070677 0.036097992 0.04504279 0.057556465 0.12597242 0.033364222 0.11750655 0.076861178 0.061076837 0.10761026 0.048681196 0.051717463 0.091984744 0.069286608 0.066749173 0.051769239 0.07371539
-9999 0.067827096 0.069457206 0.071350226 0.069978401 0.071327497 0.12196195 0.060877863 0.049980559 0.045776227 0.087625039 0.051752124 0.074956061 0.082314136 0.087293858 0.099462482 0.11521779 0.07587414 0.056185981 0.099986627 0.082650732 0.066047685 0.039072848 0.046057874 0.068546287 0.070813921 0.07941189 0.047174868 0.09274241 0.064828771 0.080304464 0.09178328 0.066618562 0.063287692 0.041359148 0.053046896 0.055836974 0.059245062 0.072399354 0.078392936 0.072536296 0.076828214 0.061813525 0.067236094 0.058144989 0.088799396 0.062685235 0.068301666 0.069508934 0.043946357 0.064977003 0.087955699 0.038610637 0.033065093 0.057861718 0.076047967
0.12271649 0.047231076 0.060636442 0.088860516 0.061103016 0.070160818 0.065540099 0.046504211 0.07143903 0.048629031 0.11042821 0.093245915 0.12745097 0.072203001 0.061745917 0.074618476 0.11941169 0.12482501 0.076256909 0.054545381 0.082357212 0.032685121 0.08120713 0.052805263 0.053360673 0.055336887 0.072990126 0.056282898 0.059556734 0.051220795 0.070487437 0.091762386 0.075837702 0.091995276 0.087252233 0.091946989 0.046941311 0.071692676 0.063404665 0.057382711 0.070154002 0.052532647 0.064847666 0.058151607 0.032796414 0.044981063 0.053861715 0.061056082 0.054172154 0.029858153 0.045761291 0.050370998 0.038422423 0.059927476 0.061272915 0.10602479
0.073013466 0.072984095 0.050749228 0.059110525 0.043101477 0.042533614 0.068607492 0.023904889 0.072467611 0.081271659 0.11242084 0.085502959 0.067006803 0.067845587 0.069641476 0.10503878 0.067630662 0.064124428 0.060998323 0.081847884 0.089942755 0.06204856 0.090054543 0.040907158 0.053633131 0.069464269 0.083922965 0.054155564 0.049394358 0.074080646 0.057799263 0.083554325 0.059019879 0.068551578 0.056133633 0.065310174 0.066999258 0.082397781 0.089277155 0.048241081 0.050082527 0.047926632 0.049254021 0.067905038 0.057250941 0.067579884 0.052276847 0.036706327 0.11405645 0.082175203 0.055327165 0.082736623 0.05659612 0.07763449 0.053868955 0.049761896
-9999 0.068585028 0.084793868 0.063784168 0.049889259 0.03794445 0.059559091 0.028985505 0.034766404 0.038530484 0.064660294 0.070922482 0.051972266 0.082035833 0.04826343 0.06508179 0.067291882 0.040553723 0.069411978 0.044957 0.048648102 0.041573022 0.057157 0.078204093 0.099780616 0.056064714 0.06144211 0.054123927 0.062394813 0.064331632 0.045135443 0.052210876 0.059903824 0.067200213 0.10212842 0.045539206 0.068948504 0.0436693 0.090440266 0.06506301 0.075601927 0.03677367 0.082709174 0.065279419 0.064089513 0.12608811 0.047519148 0.032208883 0.060766567 0.058316427 0.072581139 0.087650463 0.088996055 0.055435749 0.045831374 0.11660115
-9999 -9999 0.062393173 0.11247723 0.039466436 0.072328766 0.058297885 0.046653313 0.040338188 0.034843211 0.049712231 0.063188764 0.046395447 0.059726047 0.1119574 0.036943957 0.092887812 0.052105973 0.077305991 0.069635206 0.1133 0.15873028 0.079468837 0.035222204 0.05243801 0.058542583 0.07106486 0.046662293 0.096919303 0.084935266 0.082287992 0.063580938 0.040411176 0.12236621 0.041091856 0.060772823 0.066500055 0.060657204 0.10041943 0.039902483 0.038342933 0.069939467 0.084745193 0.075219958 0.065918568 0.13339757 0.050305238 0.053914852 0.092907444 0.071302008 0.1551275 0.1202853 0.082118592 0.067495374 0.094960526 0.09067222
-9999 -9999 -9999 -9999 -9999 -9999 -9999 -9999 -9999 0.031091802 0.054166648 0.045865734 0.065210612 0.091342666 0.048327469 0.063765697 0.044367269 0.11497682 0.074142642 0.030213385 0.057557006 0.055079811 0.048793348 0.092388763 0.059781225 0.089690312 0.074609015 0.052519703 0.058470405 0.077758185 0.05430911 0.074791756 0.085873169 0.05434492 0.082149289 0.030046569 0.098042355 0.066202674 0.099958793 0.059407206 0.0632987 0.14386277 0.046438905 0.034307241 0.09664347 0.126898 0.038995296 0.073416952 0.085898233 0.074410895 0.096044505 0.048063231 0.059062666 0.07191543 0.034784354 0.042901872
-9999 -9999 -9999 -9999 -9999 -9999 -9999 -9999 -9999 0.035766144 0.054350939 0.05840564 0.096179142 0.057512953 0.072971425 0.027978339 0.05575231 0.047199017 0.065307297 0.047931983 0.066926608 0.037681118 0.06121646 0.080756743 0.07661284 0.050622231 0.056268012 0.072259204 0.07700032 0.077543279 0.068432531 0.055023465 0.096103205 0.081498806 0.050648195 0.068905329 0.079418144 0.083424079 0.09704962 0.038118099 0.08891238 0.072076368 0.10624398 0.10130511 0.058051363 0.044509014 0.11073272 0.025046552 0.068295399 0.091352711 0.059717391 0.053546178 0.054136381 0.042180139 0.048277131 0.035073627
-9999 -9999 -9999 -9999 -9999 -9999 -9999 -9999 -9999 0.047308509 0.069233353 0.054833866 0.051231645 0.05514096 0.052894192 0.074305536 0.096204339 0.056323168 0.1123729 0.07130503 0.061979266 0.051697543 0.053609363 0.055220904 0.05516779 0.095638109 0.071623179 0.060016877 0.071895947 0.074142967 0.067796021 0.058142154 0.088606634 0.063003304 0.10365887 0.13257485 0.063636301 0.074668166 0.079192771 0.054485057 0.070306494 0.048106242 0.07748941 0.043060094 0.054888836 0.18166678 0.060189783 0.044922406 0.054725072 0.04672701 0.060294836 0.097924995 0.094114399 0.033851466 0.062592572 0.038373276
-9999 -9999 -9999 -9999 -9999 -9999 -9999 -9999 -9999 -9999 0.037297788 0.050374981 0.036368675 0.037154968 0.053903197 0.06792231 0.093693827 0.075393673 0.04002109 0.066978067 0.062796175 0.046960765 0.049759914 0.080929611 0.03525642 0.077649116 0.064336236 0.051051036 0.087521993 0.04946682 0.040779923 0.087463864 0.092347407 0.070740932 0.056223854 0.060660359 0.092386089 0.066825515 0.091776282 0.097564815 0.050773241 0.073896776 0.090776854 0.11000224 0.079395876 0.13287552 0.12750787 0.075052674 0.080365467 0.05436249 0.079523792 0.093541974 0.061791094 0.032945773 0.042725687 0.0751
-9999 -9999 -9999 -9999 -9999 -9999 -9999 -9999 -9999 -9999 0.064450693 0.047764782 0.049628326 0.056131244 0.072552792 0.11552211 0.14444711 0.068049476 0.057743363 0.053478846 0.031491713 0.043992267 0.070527056 0.13021146 0.10117768 0.053153181 0.0797269 0.050642083 0.065044625 0.063717647 0.083696589 0.044256757 0.0978825 0.064989068 0.082431406 0.097305697 0.097565102 0.060004636 0.05443271 0.077079863 0.04881398 0.042750312 0.07873165 0.069566825 0.070941681 0.10278647 0.067773933 0.050289305 0.057208723 0.084540944 0.045833295 0.039455759 0.036003663 0.071864444 0.11614226 0.065336862
-9999 -9999 -9999 -9999 -9999 -9999 -9999 -9999 -9999 -9999 -9999 -9999 0.058400777 0.074504826 0.038838597 0.039842986 0.046272367 0.047626752 0.047228 0.053095257 0.10588235 0.032525787 0.065652174 0.045603911 0.072306577 0.037893808 0.05538176 0.090276726 0.061259271 0.050600484 0.083368558 0.072253306 0.067916667 0.032558483 0.06155057 0.049237749 0.085756172 0.093325928 0.10071714 0.081536238 0.057038427 0.089216097 0.078988971 0.046152927 0.053483543 0.051503546 0.053851983 0.06837859 0.071894321 0.030762027 0.091228373 0.074040424 0.055890163 0.067482301 0.051587321 0.10055937
-9999 -9999 -9999 -9999 -9999 -9999 -9999 -9999 -9999 -9999 -9999 -9999 0.082055424 0.043789809 0.024390244 0.051203209 0.11542526 0.058696702 0.052256041 0.087529627 0.039787598 0.097818812 0.027064269 0.036801728 0.054287737 0.12375849 0.053580839 0.027326331 0.10486944 0.15383569 0.060995805 0.076940442 0.11259402 0.090865652 0.043266765 0.049443734 0.081092851 0.13042742 0.075153608 0.060490329 0.043626536 0.073840687 0.062090454 0.053362297 0.076421081 0.082895878 0.04853354 0.044396262 0.051087461 0.04886733 0.04437955 0.049649159 0.026767373 0.10972866 0.073326464 0.057612817
-9999 -9999 -9999 -9999 -9999 -9999 -9999 -9999 -9999 -9999 -9999 -9999 0.12535468 0.047506535 0.044812384 0.02334871 0.068880234 0.046472646 0.043356103 0.051617682 0.050568155 0.03541668 0.046988778 0.067478701 0.075940724 0.097282811 0.055496489 0.04857626 0.082070896 0.056071243 0.066333873 0.074269221 0.043488372 0.052068786 0.040996391 0.085310078 0.046472623 0.061101055 0.041795534 0.074403438 0.052598792 0.055195895 0.041111089 0.06148374 0.072891855 0.074892253 0.032421468 0.068307427 0.089498916 0.049177439 0.078890924 0.061079249 0.079166683 0.032582102 0.049533147 0.054660708
-9999 -9999 -9999 -9999 -9999 -9999 -9999 -9999 -9999 -9999 -9999 -9999 0.059753807 0.053616587 0.029082752 0.034353762 0.088113694 0.038654639 0.098125822 0.086812619 0.061137327 0.04431162 0.083098685 0.059706946 0.065054897 0.056993697 0.043012425 0.056976129 0.071908714 0.052401144 0.021512989 0.048636971 0.056933385 0.083454902 0.030966351 0.06327641 0.060194591 0.068998406 -9999 -9999 -9999 -9999 -9999 -9999 -9999 0.062235066 0.032556883 0.069635461 0.041308421 0.037130802 -9999 0.067336947 0.044424906 0.069238428 0.05280358 0.043913267
-9999 -9999 -9999 -9999 -9999 -9999 -9999 -9999 -9999 -9999 -9999 -9999 -9999 -9999 0.052924638 0.039738806 0.077324754 0.033655564 0.060261216 0.082909602 0.052347418 0.098547647 0.031044613 0.081587491 0.06936058 0.065779513 0.042824847 0.079193272 0.059607882 0.056334096 0.11253271 0.14230869 0.081255393 0.069960535 0.045772899 -9999 -9999 -9999 -9999 -9999 -9999 -9999 -9999 -9999 -9999 -9999 -9999 -9999 0.041529324 0.034520464 -9999 0.05600728 0.052098574 0.14684033 0.055452332 0.050913855
-9999 -9999 -9999 -9999 -9999 -9999 -9999 -9999 -9999 -9999 -9999 -9999 -9999 -9999 -9999 -9999 0.057766519 0.030965252 0.034267944 0.059029346 0.05608753 0.053139 0.070198586 0.051495681 0.053937267 0.068213937 0.068590478 0.0668806 0.0442098 0.078463667 -9999 0.052273337 -9999 -9999 -9999 -9999 -9999 -9999 -9999 -9999 -9999 -9999 -9999 -9999 -9999 -9999 -9999 -9999 -9999 -9999 -9999 -9999 -9999 0.11882841 0.028733591 0.04677898
-9999 -9999 -9999 -9999 -9999 -9999 -9999 -9999 -9999 -9999 -9999 -9999 -9999 -9999 -9999 0.040952329 0.062936962 0.033581058 0.03988764 0.039089895 0.043798349 0.070833371 0.067246787 0.037587776 0.11055611 0.065039449 0.1030772 0.10428846 0.037920545 -9999 -9999 -9999 -9999 -9999 -9999 -9999 -9999 -9999 -9999 -9999 -9999 -9999 -9999 -9999 -9999 -9999 -9999 -9999 -9999 -9999 -9999 -9999 -9999 0.064432781 0.064087709 0.033236971
-9999 -9999 -9999 -9999 -9999 -9999 -9999 -9999 -9999 -9999 -9999 -9999 -9999 -9999 -9999 -9999 -9999 0.065532351 0.042 0.044939806 0.044190827 -9999 0.087261633 0.06978356 0.044685106 0.050466583 0.074804408 -9999 -9999 -9999 -9999 -9999 -9999 -9999 -9999 -9999 -9999 -9999 -9999 -9999 -9999 -9999 -9999 -9999 -9999 -9999 -9999 -9999 -9999 -9999 -9999 -9999 -9999 0.051286348 0.021067404 0.019157625
-9999 -9999 -9999 -9999 -9999 -9999 -9999 -9999 -9999 -9999 -9999 -9999 -9999 -9999 -9999 -9999 -9999 -9999 0.052777752 -9999 0.045925922 -9999 0.029439754 0.040652682 0.027559445 0.030141862 0.034206352 -9999 -9999 -9999 -9999 -9999 -9999 -9999 -9999 -9999 -9999 -9999 -9999 -9999 -9999 -9999 -9999 -9999 -9999 -9999 -9999 -9999 -9999 -9999 -9999 -9999 -9999 -9999 -9999 0.048957533
-9999 -9999 -9999 -9999 -9999 -9999 -9999 -9999 -9999 -9999 -9999 -9999 -9999 -9999 -9999 -9999 -9999 -9999 -9999 -9999 -9999 -9999 -9999 -9999 0.065413534 0.057187976 0.041115046 -9999 -9999 -9999 -9999 -9999 -9999 -9999 -9999 -9999 -9999 -9999 -9999 -9999 -9999 -9999 -9999 -9999 -9999 -9999 -9999 -9999 -9999 -9999 -9999 -9999 -9999 -9999 -9999 -9999
-9999 -9999 -9999 -9999 -9999 -9999 -9999 -9999 -9999 -9999 -9999 -9999 -9999 -9999 -9999 -9999 -9999 -9999 -9999 -9999 -9999 -9999 -9999 -9999 0.077777774 -9999 -9999 -9999 -9999 -9999 -9999 -9999 -9999 -9999 -9999 -9999 -9999 -9999 -9999 -9999 -9999 -9999 -9999 -9999 -9999 -9999 -9999 -9999 -9999 -9999 -9999 -9999 -9999 -9999 -9999 -9999
-9999 -9999 -9999 -9999 -9999 -9999 -9999 -9999 -9999 -9999 -9999 -9999 -9999 -9999 -9999 -9999 -9999 -9999 -9999 -9999 -9999 -9999 -9999 -9999 -9999 -9999 -9999 -9999 -9999 -9999 -9999 -9999 -9999 -9999 -9999 -9999 -9999 -9999 -9999 -9999 -9999 -9999 -9999 -9999 -9999 -9999 -9999 -9999 -9999 -9999 -9999 -9999 -9999 -9999 -9999 -9999
-9999 -9999 -9999 -9999 -9999 -9999 -9999 -9999 -9999 -9999 -9999 -9999 -9999 -9999 -9999 -9999 -9999 -9999 -9999 -9999 -9999 -9999 -9999 -9999 -9999 -9999 -9999 -9999 -9999 -9999 -9999 -9999 -9999 -9999 -9999 -9999 -9999 -9999 -9999 -9999 -9999 -9999 -9999 -9999 -9999 -9999 -9999 -9999 -9999 -9999 -9999 -9999 -9999 -9999 -9999 -9999
-9999 -9999 -9999 -9999 -9999 -9999 -9999 -9999 -9999 -9999 -9999 -9999 -9999 -9999 -9999 -9999 -9999 -9999 -9999 -9999 -9999 -9999 -9999 -9999 -9999 -9999 -9999 -9999 -9999 -9999 -9999 -9999 -9999 -9999 -9999 -9999 -9999 -9999 -9999 -9999 -9999 -9999 -9999 -9999 -9999 -9999 -9999 -9999 -9999 -9999 -9999 -9999 -9999 -9999 -9999 -9999
