Data/GIS/C580Y/bfa-mvmt-travel-tail-sq.asc
ncols         173
nrows         126
xllcorner     224227.65281
yllcorner     1039207.04677
cellsize      5000
NODATA_value  -9999
[rows 50 to 74 of 126, columns 0 to 55 of 173]
-9999 -9999 -9999 -9999 -9999 -9999 -9999 -9999 -9999 -9999 -9999 -9999 -9999 -9999 -9999 -9999 -9999 -9999 -9999 -9999 -9999 -9999 -9999 -9999 -9999 -9999 -9999 -9999 0.022798194 0.032495994 0.055106599 0.038761409 0.047455212 0.046901128 0.038063154 0.076314597 0.070813571 0.089878788 0.073823839 0.10973025 0.034480652 0.041507849 0.052395304 0.034929124 0.04409197 0.03154298 0.021661185 0.052767181 0.058336695 0.048495025 0.041092017 0.070052442 0.08137276 0.059704122 0.05447557 0.083041803
-9999 -9999 -9999 -9999 -9999 -9999 -9999 -9999 -9999 -9999 -9999 -9999 -9999 -9999 -9999 -9999 -9999 -9999 -9999 -9999 -9999 -9999 -9999 -9999 -9999 -9999 -9999 -9999 0.062435337 0.036430103 0.058720784 0.056862548 0.049058423 0.07692416 0.068972819 0.06806577 0.082227989 0.054970304 0.076854991 0.029709078 0.042579051 0.069887288 0.059019108 0.067915013 0.038268298 0.10272777 0.05994093 0.029803984 0.033226509 0.034722203 0.038707915 0.042696088 0.072705901 0.045360601 0.07732725 0.070898875
-9999 -9999 -9999 -9999 -9999 -9999 -9999 -9999 -9999 -9999 -9999 -9999 -9999 -9999 -9999 -9999 -9999 -9999 -9999 -9999 -9999 -9999 -9999 -9999 0.052136768 0.029268078 -9999 -9999 0.052110449 0.038355264 0.066498099 0.062806794 0.028008197 0.039609658 0.050401473 0.05732115 0.083831829 0.085228367 0.067355113 0.063274804 0.058411656 0.029449806 0.053004571 0.044114913 0.091631724 0.051979199 0.042006248 0.079798563 0.027322404 0.03371795 0.035058315 0.08251723 0.071191403 0.067160451 0.057091846 0.051851915
-9999 -9999 -9999 -9999 -9999 -9999 -9999 -9999 -9999 -9999 -9999 -9999 -9999 -9999 -9999 -9999 -9999 -9999 -9999 -9999 -9999 -9999 -9999 0.036170249 0.014337794 0.025509513 0.087155039 0.059700824 0.028415784 0.034008507 0.036341535 0.044700869 0.060743884 0.069814564 0.07819152 0.068613709 0.049862085 0.082712427 0.061899422 0.066449574 0.063131343 0.041928925 0.027858286 0.046875 0.055278096 0.045464638 0.071452446 0.057083315 0.068708362 0.049365088 0.053676609 0.06022113 0.051496465 0.069327819 0.038942007 0.051989553
-9999 -9999 -9999 -9999 -9999 -9999 -9999 -9999 -9999 -9999 -9999 -9999 -9999 -9999 -9999 -9999 -9999 -9999 -9999 -9999 -9999 -9999 -9999 0.026253217 0.040384297 0.018804477 0.027822242 0.043520379 0.030470993 0.040397847 0.027797214 0.031947757 0.04460029 0.065021537 0.073813366 0.04124065 0.058791864 0.057650708 0.049942104 0.054036484 0.053255981 0.086488537 0.07757732 0.052252769 0.052599009 0.057580508 0.054295792 0.049327944 0.071848309 0.066267118 0.042487339 0.047654794 0.045643353 0.044878439 0.047037481 0.037184594
-9999 -9999 -9999 -9999 -9999 -9999 -9999 -9999 -9999 -9999 -9999 -9999 -9999 -9999 -9999 -9999 -9999 -9999 -9999 -9999 -9999 -9999 -9999 -9999 0.026595745 0.01734104 0.060733446 0.050493903 0.016622 0.037350438 0.010209442 0.049016098 0.035172414 0.040885958 0.051648242 0.039587573 0.036131387 0.049250182 0.078338615 0.082564154 0.097964697 0.070183333 0.085921622 0.054500703 0.052359486 0.050547414 0.07035716 0.072157801 0.087062449 0.079042937 0.073542832 0.054908979 0.045482485 0.066765558 0.036631223 0.049609097
-9999 -9999 -9999 -9999 -9999 -9999 -9999 -9999 -9999 -9999 -9999 -9999 -9999 -9999 -9999 -9999 -9999 -9999 -9999 -9999 -9999 -9999 -9999 -9999 -9999 0.030325972 0.028327216 0.062829302 0.029069954 0.044997629 0.026378031 0.043935285 0.060738325 0.020234576 0.0920525 0.049959432 0.11728597 0.057988166 0.048076894 0.056584321 0.054896698 0.086048444 0.070507056 0.081694747 0.066896456 0.060823326 0.093972969 0.06485363 0.076134599 0.097106813 0.073441907 0.062006368 0.044981215 0.10215762 0.064086077 0.036213028
-9999 -9999 -9999 -9999 -9999 -9999 -9999 -9999 -9999 -9999 -9999 -9999 -9999 -9999 -9999 -9999 -9999 -9999 -9999 -9999 -9999 -9999 -9999 -9999 0.050960702 0.022178135 0.029702936 0.031660104 0.047294886 0.015504745 0.038639807 0.047045009 0.074817858 0.029432606 0.04916308 0.05712019 0.057804786 0.033123553 0.062846936 0.055761696 0.044719918 0.12604538 0.1067702 0.064283514 0.077082582 0.076456071 0.07065347 0.06888767 0.059078733 0.059722222 0.096866103 0.05311719 0.036423505 0.038208459 0.040873026 0.025573212
-9999 -9999 -9999 -9999 -9999 -9999 -9999 -9999 -9999 -9999 -9999 -9999 -9999 -9999 -9999 -9999 -9999 -9999 -9999 -9999 -9999 -9999 -9999 -9999 0.02801534 0.024166125 0.056935063 0.038198253 0.035459716 0.022079021 0.018811204 0.049406247 0.050986296 0.03372549 0.049084129 0.03972868 0.029677122 0.06451681 0.030289703 0.063698503 0.088170713 0.034511768 0.042444302 0.072678167 0.063735622 0.087607647 0.063660797 0.062497686 0.052044881 0.11319946 0.068109686 0.026315789 0.048832636 0.074336817 0.063156375 0.049999987
-9999 -9999 -9999 -9999 -9999 -9999 -9999 -9999 -9999 -9999 -9999 -9999 -9999 -9999 -9999 -9999 -9999 -9999 -9999 -9999 -9999 -9999 -9999 -9999 0.063739474 0.055685714 0.030028077 0.039816622 0.034971708 0.041842152 0.04726132 0.057502047 0.056627339 0.092044517 0.029724701 0.096269557 0.052018339 0.06279226 0.042084761 0.087686142 0.070911981 0.029441862 0.056584082 0.086367333 0.06817512 0.07737162 0.085802309 0.050600529 0.072122726 0.072666953 0.090707284 0.056466701 0.074789545 0.051896228 0.058231869 0.051365188
-9999 -9999 -9999 -9999 -9999 -9999 -9999 -9999 -9999 -9999 -9999 -9999 -9999 -9999 -9999 -9999 -9999 -9999 -9999 -9999 -9999 -9999 -9999 -9999 0.047819889 0.031730724 0.033588294 0.031432744 0.043517765 0.059099776 0.042439175 0.034237922 0.054970055 0.070252425 0.052802305 0.052056609 0.031246855 0.069513268 0.060517507 0.044354839 0.046808761 0.041467191 0.030077599 0.083052156 0.044367828 0.048061789 0.032332866 0.054066368 0.061903652 0.056288927 0.078017087 0.043550511 0.060686235 0.037676214 0.033716099 0.045426916
-9999 -9999 -9999 -9999 -9999 -9999 -9999 -9999 -9999 -9999 -9999 -9999 -9999 -9999 -9999 -9999 -9999 -9999 -9999 -9999 -9999 -9999 -9999 0.031136375 0.070901639 0.029309965 0.061415443 0.042850927 0.043931141 0.034060486 0.030939308 0.039489662 0.039740711 0.06275867 0.073281643 0.029692833 0.033636375 0.03654305 0.027135945 0.025720185 0.053907758 0.01987702 0.041734856 0.065150432 0.089829642 0.045783456 0.027177148 0.077119718 0.046303161 0.062293273 0.069211452 0.063529333 0.072812832 0.10440022 0.038034186 0.028199929
-9999 -9999 -9999 -9999 -9999 -9999 -9999 -9999 -9999 -9999 -9999 -9999 -9999 -9999 -9999 -9999 -9999 -9999 -9999 -9999 -9999 -9999 0.046565751 0.036324786 0.042997168 0.033855025 0.040623091 0.033422775 0.029119398 0.047591133 0.052210047 0.068132531 0.048095968 0.046718664 0.048806652 0.051783092 0.052625341 0.029187413 0.07989605 0.030679583 0.060220994 0.021486655 0.073478968 0.067207755 0.049172074 0.056712529 0.054724153 0.029888009 0.056889215 0.064217561 0.030886084 0.039364591 0.043010524 0.060942652 0.075182025 0.05687427
-9999 -9999 -9999 -9999 -9999 -9999 -9999 -9999 -9999 -9999 -9999 -9999 -9999 -9999 -9999 -9999 -9999 -9999 -9999 -9999 -9999 0.071212121 0.045787549 0.026213031 0.034798 0.05291203 0.045752308 0.030301238 0.026713773 0.030370937 0.098869756 0.057629022 0.038409874 0.081082046 0.069455782 0.078355452 0.053882791 0.079475224 0.039852585 0.051449261 0.067956885 0.042375142 0.055886085 0.055644427 0.063416501 0.046133649 0.10657545 0.064863332 0.035199589 0.077542472 0.080076245 0.079579429 0.086677218 0.074516631 0.11116159 0.048977879
-9999 -9999 -9999 -9999 -9999 -9999 -9999 -9999 -9999 -9999 -9999 -9999 -9999 -9999 -9999 -9999 -9999 -9999 -9999 -9999 -9999 0.031629284 0.043917586 0.039141439 0.027164162 0.058374731 0.048930868 0.016666654 0.030026444 0.036580571 0.044632195 0.077826397 0.070193223 0.053475811 0.046800638 0.041729122 0.07437151 0.0562867 0.031609195 0.037689646 0.052624128 0.10209964 0.097668024 0.062772882 0.06022265 0.0476497 0.079501897 0.039128622 0.073605905 0.071440752 0.080199617 0.039773536 0.042860816 0.047995699 0.086520758 0.060686897
-9999 -9999 -9999 -9999 -9999 -9999 -9999 -9999 -9999 -9999 -9999 -9999 -9999 -9999 -9999 -9999 -9999 -9999 -9999 -9999 -9999 0.07592551 0.019659054 0.064329651 0.027370161 0.042236736 0.064806693 0.047383494 0.022298164 0.035797936 0.054844303 0.075815276 0.051255123 0.040300743 0.06058484 0.079058713 0.02895463 0.054231564 0.039901084 0.029974845 0.059132228 0.087404059 0.084203406 0.069744171 0.047467384 0.071871699 0.044165337 0.069941878 0.085445069 0.09866358 0.10637034 0.0609961 0.028305067 0.052316733 0.093672715 0.052304147
-9999 -9999 -9999 -9999 -9999 -9999 -9999 -9999 -9999 -9999 -9999 -9999 -9999 -9999 -9999 -9999 -9999 -9999 -9999 0.063299241 0.032776265 0.015539929 0.024481348 0.046278158 0.034480214 0.047212428 0.040317578 0.056745131 0.049373684 0.042308301 0.070711102 0.066838815 0.089697739 0.061123804 0.056207249 0.020927896 0.016960366 0.055072967 0.051210391 0.047135414 0.045253905 0.030615348 0.037731098 0.070772826 0.050029024 0.099843662 0.041518374 0.049976324 0.088064798 0.091180471 0.076909371 0.093144582 0.10525971 0.043457484 0.064342882 0.049185423
-9999 -9999 -9999 -9999 -9999 -9999 -9999 -9999 -9999 -9999 -9999 -9999 -9999 -9999 -9999 -9999 -9999 -9999 0.10579662 0.065037353 0.052993414 0.075799642 0.049402378 0.056008304 0.058174889 0.050654246 0.073227748 0.066171108 0.052207408 0.060910704 0.051709241 0.049821557 0.027806554 0.040253351 0.065291143 0.043915931 0.030435723 0.022694227 0.07747233 0.064017696 0.074052295 0.033875339 0.051139008 0.049147133 0.055666517 0.051880878 0.025060608 0.056740123 0.034668562 0.060812551 0.063169491 0.055502276 0.059863003 0.07352769 0.069819357 0.094269098
-9999 -9999 -9999 -9999 -9999 -9999 -9999 -9999 -9999 -9999 -9999 -9999 0.021825393 0.027203328 0.043200176 0.039107977 0.035798099 0.052469034 0.032358425 0.045242073 0.1120433 0.11380895 0.090323101 0.044799548 0.046556786 0.055476787 0.11848419 0.065379032 0.042972947 0.031155507 0.054372166 0.050388443 0.034977486 0.067432536 0.087261066 0.044280443 0.086461045 0.048974333 0.051033158 0.066217393 0.075275 0.11020129 0.056609453 0.090570856 0.037058106 0.03430467 0.070363513 0.048141881 0.044046589 0.060792303 0.087123699 0.046048628 0.040322581 0.046431655 0.044236793 0.042465271
-9999 -9999 -9999 -9999 -9999 -9999 -9999 -9999 0.029684052 0.053092928 0.026575994 0.051643096 0.027952296 0.059905326 0.039070876 0.047687468 0.067115837 0.059023198 0.033473385 0.071671665 0.033670419 0.052431272 0.046770817 0.038907359 0.057287413 0.031453369 0.057202685 0.027265271 0.037145837 0.022530647 0.029957602 0.040179324 0.02883638 0.027670541 0.057261149 0.051751886 0.071254441 0.05584089 0.029505814 0.10390314 0.10165327 0.073756958 0.054468402 0.067756053 0.060868793 0.066901528 0.074271655 0.079220089 0.036544707 0.052363454 0.049120186 0.026264366 0.04324662 0.08370647 0.081071942 0.044818225
-9999 -9999 -9999 -9999 -9999 -9999 -9999 0.026803963 0.01946272 0.027408087 0.054948225 0.019477908 0.031384319 0.040078199 0.05318501 0.028725637 0.044393053 0.049336662 0.042485443 0.034003851 0.060492249 0.080394897 0.077222461 0.034694924 0.058065508 0.047312208 0.051265187 0.067132079 0.061189907 0.063292274 0.055410003 0.029271742 0.054119212 0.03503423 0.021343284 0.025977034 0.084147763 0.064751511 0.089800635 0.081392922 0.05168952 0.058247924 0.076159919 0.043300482 0.068380266 0.063035083 0.059375539 0.036931793 0.032585458 0.050276112 0.054249728 0.064604924 0.020727275 0.03048581 0.04285425 0.065014555
-9999 -9999 -9999 -9999 -9999 -9999 0.020162828 0.031358598 0.10937639 0.079663054 0.020662749 0.010595015 0.023867069 0.027688861 0.019199476 0.036582611 0.026668932 0.065444252 0.029063388 0.032260114 0.024295039 0.12685648 0.092421286 0.051788942 0.078645872 0.068943127 0.079147852 0.032284475 0.06392312 0.079340345 0.074553538 0.050538832 0.06004766 0.076052558 0.085303333 0.049338625 0.07452623 0.039761842 0.068731454 0.068250396 0.1054627 0.048271011 0.049901488 0.025582364 0.058983137 0.078796456 0.042420486 0.064922557 0.026687424 0.047849267 0.060012838 0.0332 0.095529379 0.049770787 0.038160156 0.051861134
-9999 -9999 -9999 0.020477839 0.015092021 0.028177716 0.01904874 0.031798247 0.049156367 0.015957447 0.016398485 0.018945274 0.034434689 0.047092952 0.039778785 0.037463849 0.15216069 0.058477018 0.057698245 0.049884339 0.029691635 0.063186187 0.062386165 0.082818651 0.055864813 0.076089167 0.061886174 0.025004421 0.030568835 0.035526969 0.044235933 0.049618653 0.033779732 0.035866531 0.040614762 0.050143967 0.059894178 0.055782647 0.034477704 0.04785402 0.050319114 0.066927592 0.036155903 0.035236212 0.043006834 0.033175149 0.057462016 0.086394481 0.041897425 0.068637265 0.050339102 0.062583722 0.040493399 0.047527085 0.022061245 0.047927869
-9999 -9999 -9999 -9999 -9999 0.042708375 0.06523006 0.027852184 0.012797615 0.040677167 0.026632755 0.028759514 0.033164453 0.028135335 0.0431456 0.095930337 0.042869135 0.044530655 0.026545925 0.096217138 0.048791083 0.056740278 0.09880018 0.050899764 0.047006804 0.080887064 0.035637847 0.076311071 0.048445271 0.063929971 0.021640495 0.04515971 0.030107503 0.0438333 0.072036702 0.036124556 0.095913007 0.073526765 0.059867398 0.031307882 0.062478981 0.040548345 0.047068498 0.081267891 0.03569701 0.051182414 0.050588114 0.044611896 0.056734368 0.048926829 0.068818416 0.086156986 0.11797894 0.035456022 0.03445808 0.073974063
-9999 -9999 -9999 -9999 -9999 -9999 0.046512893 0.02416 0.020663962 0.014726996 0.028377655 0.029737338 0.055277244 0.043530513 0.049096556 0.021515965 0.071215826 0.044222791 0.040639533 0.063640132 0.049538624 0.070912915 0.056576778 0.023420143 0.031988772 0.024099628 0.074025766 0.06952196 0.043707767 0.078708242 0.023032493 0.047674419 0.028888887 0.050578035 0.047591355 0.036685268 0.096561903 0.049913428 0.043491381 0.081110044 0.08614206 0.1064928 0.060166334 0.054075441 0.086449255 0.026388887 0.03775703 0.030246898 0.051107144 0.12031029 0.089846403 0.062106085 0.078195899 0.098052377 0.039562288 0.054461991
